   YEAR     MONTH      DAY       HOUR      MIN       SEC       RECNO     KINDAT      KINST       UT1_UNIX        UT2_UNIX        WAVLEN        AZM        ELM         ALTB          ALTE         TN         DTN        VNHLU         DVNHLU     FPI_DATAQUAL      RLE           DRLE     
     2022         9        10        22        57        10          0       7100       5362 1662850630.000   1662850630.000    6.30000e+02      90.00      45.00   2.18500e+02   2.93500e+02     1477.0       27.2  -3.18800e+01   1.41300e-01     2           2.65890e+02   9.42000e+00  
     2022         9        10        23         9        46          1       7100       5362 1662851386.000   1662851386.000    6.30000e+02      90.00      45.00   2.24500e+02   2.99500e+02     1495.8       29.8   5.15200e+01   2.40500e-01     2           2.65200e+02   1.00550e+01  
     2022         9        10        23        12        10          2       7100       5362 1662851530.000   1662851530.000    6.30000e+02     180.00      45.00   2.24500e+02   2.99500e+02     1341.3       19.4  -4.15500e+01   1.56100e-01     2           2.37250e+02   7.00300e+00  
     2022         9        10        23        25        58          3       7100       5362 1662852358.000   1662852358.000    6.30000e+02      90.00      45.00   2.24500e+02   2.99500e+02     1611.3       38.2   9.72400e+01   5.24000e-01     2           2.56820e+02   1.13790e+01  
     2022         9        10        23        28        22          4       7100       5362 1662852502.000   1662852502.000    6.30000e+02     180.00      45.00   2.24500e+02   2.99500e+02     1344.3       21.3  -2.10500e+01   8.33000e-02     2           2.15620e+02   6.91100e+00  
     2022         9        10        23        33        10          5       7100       5362 1662852790.000   1662852790.000    6.30000e+02       0.00      90.00   2.24500e+02   2.99500e+02     1355.6       21.5           nan           nan     2           2.23300e+02   7.10900e+00  
     2022         9        10        23        40        58          6       7100       5362 1662853258.000   1662853258.000    6.30000e+02     180.00      45.00   2.24500e+02   2.99500e+02     1357.8       24.4  -2.14000e+01   9.28000e-02     2           2.02130e+02   7.19600e+00  
     2022         9        10        23        49        22          7       7100       5362 1662853762.000   1662853762.000    6.30000e+02       0.00      90.00   2.24500e+02   2.99500e+02     1370.6       23.1           nan           nan     2           2.14840e+02   7.21500e+00  
     2022         9        10        23        57        10          8       7100       5362 1662854230.000   1662854230.000    6.30000e+02     180.00      45.00   2.24500e+02   2.99500e+02     1340.6       24.2  -2.30700e+01   1.04200e-01     2           1.87020e+02   6.73700e+00  
     2022         9        11         0         1        58          9       7100       5362 1662854518.000   1662854518.000    6.30000e+02       0.00      90.00   2.32500e+02   3.07500e+02     1353.2       24.3           nan           nan     2           1.99300e+02   7.10800e+00  
     2022         9        11         0         4        22         10       7100       5362 1662854662.000   1662854662.000    6.30000e+02       0.00      45.00   2.32500e+02   3.07500e+02     1359.8       19.8   5.21900e+01   2.19100e-01     2           2.87130e+02   8.35000e+00  
     2022         9        11         0         9        46         11       7100       5362 1662854986.000   1662854986.000    6.30000e+02     180.00      45.00   2.32500e+02   3.07500e+02     1379.4       25.9  -2.72000e+01   1.32500e-01     2           1.83070e+02   6.80500e+00  
     2022         9        11         0        18        10         12       7100       5362 1662855490.000   1662855490.000    6.30000e+02       0.00      90.00   2.32500e+02   3.07500e+02     1368.9       27.9           nan           nan     2           1.82740e+02   7.28000e+00  
     2022         9        11         0        20        34         13       7100       5362 1662855634.000   1662855634.000    6.30000e+02       0.00      45.00   2.32500e+02   3.07500e+02     1373.7       24.4   4.70400e+01   2.42500e-01     2           2.41490e+02   8.38300e+00  
     2022         9        11         0        25        22         14       7100       5362 1662855922.000   1662855922.000    6.30000e+02     180.00      45.00   2.32500e+02   3.07500e+02     1360.2       30.1  -3.03300e+01   1.80000e-01     2           1.57430e+02   6.80500e+00  
     2022         9        11         0        28        22         15       7100       5362 1662856102.000   1662856102.000    6.30000e+02     -90.00      45.00   2.32500e+02   3.07500e+02     1328.9       21.6  -7.18600e+01   3.77100e-01     2           2.19600e+02   7.15300e+00  
     2022         9        11         0        30        46         16       7100       5362 1662856246.000   1662856246.000    6.30000e+02       0.00      90.00   2.32500e+02   3.07500e+02     1407.1       34.4           nan           nan     2           1.62100e+02   7.60400e+00  
     2022         9        11         0        33        10         17       7100       5362 1662856390.000   1662856390.000    6.30000e+02       0.00      45.00   2.32500e+02   3.07500e+02     1392.9       29.3   3.94900e+01   2.51100e-01     2           2.15260e+02   8.70900e+00  
     2022         9        11         0        37        58         18       7100       5362 1662856678.000   1662856678.000    6.30000e+02     180.00      45.00   2.32500e+02   3.07500e+02     1384.0       34.7  -3.28200e+01   2.36100e-01     2           1.31510e+02   6.39500e+00  
     2022         9        11         0        40        22         19       7100       5362 1662856822.000   1662856822.000    6.30000e+02     -90.00      45.00   2.32500e+02   3.07500e+02     1493.0       38.8  -4.74700e+01   3.61900e-01     2           1.54750e+02   7.66700e+00  
     2022         9        11         0        54        10         20       7100       5362 1662857650.000   1662857650.000    6.30000e+02     180.00      45.00   2.32500e+02   3.07500e+02     1467.5       47.0  -4.72800e+01   4.41600e-01     2           1.11050e+02   6.74200e+00  
     2022         9        11         0        56        34         21       7100       5362 1662857794.000   1662857794.000    6.30000e+02     -90.00      45.00   2.32500e+02   3.07500e+02     1410.7       34.9  -6.61000e+01   5.56100e-01     2           1.33480e+02   6.40500e+00  
     2022         9        11         0        58        58         22       7100       5362 1662857938.000   1662857938.000    6.30000e+02       0.00      90.00   2.45500e+02   3.20500e+02     1493.1       56.0           nan           nan     2           1.02090e+02   7.17400e+00  
     2022         9        11         8         7        58         23       7100       5362 1662883678.000   1662883678.000    6.30000e+02       0.00      90.00   2.42500e+02   3.17500e+02     1545.3      115.0           nan           nan     2           2.72400e+01   3.79300e+00  
     2022         9        11         8        12        46         24       7100       5362 1662883966.000   1662883966.000    6.30000e+02      90.00      45.00   2.42500e+02   3.17500e+02     1508.4       97.0   2.37300e+01   4.53200e-01     2           3.26200e+01   3.94300e+00  
     2022         9        11         8        15        10         25       7100       5362 1662884110.000   1662884110.000    6.30000e+02     180.00      45.00   2.42500e+02   3.17500e+02     1433.8       79.0   1.16700e+01   1.92500e-01     2           4.00200e+01   4.17200e+00  
     2022         9        11         8        17        34         26       7100       5362 1662884254.000   1662884254.000    6.30000e+02     -90.00      45.00   2.42500e+02   3.17500e+02     1404.3       76.5   2.18300e+01   3.45100e-01     2           4.42300e+01   4.54600e+00  
     2022         9        11         8        24        10         27       7100       5362 1662884650.000   1662884650.000    6.30000e+02       0.00      90.00   2.42500e+02   3.17500e+02     1526.0       63.5           nan           nan     2           8.15200e+01   6.35400e+00  
