   YEAR     MONTH      DAY       HOUR      MIN       SEC       RECNO     KINDAT      KINST       UT1_UNIX        UT2_UNIX        WAVLEN        AZM        ELM         ALTB          ALTE         TN         DTN        VNHLU         DVNHLU     FPI_DATAQUAL      RLE           DRLE     
     2022         9        17         0         1        22          0       7100       5362 1663372882.000   1663372882.000    6.30000e+02     -90.00      45.00   2.36500e+02   3.11500e+02     1290.4       25.0  -2.88800e+01   1.18700e-01     2           1.30580e+02   5.17400e+00  
     2022         9        17         0         6        10          1       7100       5362 1663373170.000   1663373170.000    6.30000e+02       0.00      45.00   2.36500e+02   3.11500e+02     1325.1       24.7  -1.92500e+01   7.79000e-02     2           1.47760e+02   5.59200e+00  
     2022         9        17         0        22        22          2       7100       5362 1663374142.000   1663374142.000    6.30000e+02       0.00      45.00   2.36500e+02   3.11500e+02     1298.4       22.8  -1.43900e+01   5.58000e-02     2           1.54870e+02   5.57800e+00  
     2022         9        17         0        27        10          3       7100       5362 1663374430.000   1663374430.000    6.30000e+02     180.00      45.00   2.36500e+02   3.11500e+02     1290.2       21.3  -1.51100e+01   5.62000e-02     2           1.27320e+02   4.51000e+00  
     2022         9        17         0        29        34          4       7100       5362 1663374574.000   1663374574.000    6.30000e+02     -90.00      45.00   2.36500e+02   3.11500e+02     1294.7       22.2  -1.48400e+01   5.66000e-02     2           1.49400e+02   5.30200e+00  
     2022         9        17         0        34        58          5       7100       5362 1663374898.000   1663374898.000    6.30000e+02       0.00      45.00   2.36500e+02   3.11500e+02     1304.6       24.8  -9.85000e+00   4.01000e-02     2           1.41050e+02   5.44800e+00  
     2022         9        17         0        37        22          6       7100       5362 1663375042.000   1663375042.000    6.30000e+02      90.00      45.00   2.36500e+02   3.11500e+02     1281.3       20.7  -1.05100e+01   3.85000e-02     2           1.27150e+02   4.43700e+00  
     2022         9        17         0        42        10          7       7100       5362 1663375330.000   1663375330.000    6.30000e+02     -90.00      45.00   2.36500e+02   3.11500e+02     1278.7       20.1  -3.03100e+01   1.11000e-01     2           1.64750e+02   5.42000e+00  
     2022         9        17         0        53        34          8       7100       5362 1663376014.000   1663376014.000    6.30000e+02      90.00      45.00   2.36500e+02   3.11500e+02     1272.2       21.0   2.60900e+01   9.62000e-02     2           1.22560e+02   4.36500e+00  
     2022         9        17         0        55        58          9       7100       5362 1663376158.000   1663376158.000    6.30000e+02     180.00      45.00   2.36500e+02   3.11500e+02     1273.1       21.4  -1.34200e+01   4.99000e-02     2           1.15450e+02   4.19700e+00  
     2022         9        17         0        58        22         10       7100       5362 1663376302.000   1663376302.000    6.30000e+02     -90.00      45.00   2.36500e+02   3.11500e+02     1324.2       28.9  -1.71500e+01   7.51000e-02     2           1.09560e+02   4.84700e+00  
     2022         9        17         1         0        46         11       7100       5362 1663376446.000   1663376446.000    6.30000e+02       0.00      90.00   2.43500e+02   3.18500e+02     1281.7       22.3           nan           nan     2           1.25410e+02   4.61900e+00  
     2022         9        17         1         3        10         12       7100       5362 1663376590.000   1663376590.000    6.30000e+02       0.00      45.00   2.43500e+02   3.18500e+02     1288.6       25.5   2.30500e+01   9.52000e-02     2           1.25080e+02   5.06800e+00  
     2022         9        17         1         6        10         13       7100       5362 1663376770.000   1663376770.000    6.30000e+02      90.00      45.00   2.43500e+02   3.18500e+02     1270.2       22.7   2.35100e+01   9.06000e-02     2           1.09010e+02   4.17400e+00  
     2022         9        17         1         8        34         14       7100       5362 1663376914.000   1663376914.000    6.30000e+02     180.00      45.00   2.43500e+02   3.18500e+02     1280.9       23.4  -1.75700e+01   6.85000e-02     2           1.01960e+02   3.99900e+00  
     2022         9        17         1        10        58         15       7100       5362 1663377058.000   1663377058.000    6.30000e+02     -90.00      45.00   2.43500e+02   3.18500e+02     1294.3       26.9  -1.41600e+01   6.06000e-02     2           1.10770e+02   4.71700e+00  
     2022         9        17         1        16        58         16       7100       5362 1663377418.000   1663377418.000    6.30000e+02       0.00      90.00   2.43500e+02   3.18500e+02     1270.2       22.7           nan           nan     2           1.14930e+02   4.36700e+00  
     2022         9        17         1        19        22         17       7100       5362 1663377562.000   1663377562.000    6.30000e+02       0.00      45.00   2.43500e+02   3.18500e+02     1264.5       18.9   2.86800e+01   1.02400e-01     2           1.57010e+02   5.02900e+00  
     2022         9        17         1        21        46         18       7100       5362 1663377706.000   1663377706.000    6.30000e+02      90.00      45.00   2.43500e+02   3.18500e+02     1266.8       22.2   2.16200e+01   8.28000e-02     2           1.05860e+02   4.01300e+00  
     2022         9        17         1        24        46         19       7100       5362 1663377886.000   1663377886.000    6.30000e+02     180.00      45.00   2.43500e+02   3.18500e+02     1262.1       24.5   3.70000e-01   1.50000e-03     2           9.51100e+01   3.94100e+00  
     2022         9        17         1        27        10         20       7100       5362 1663378030.000   1663378030.000    6.30000e+02     -90.00      45.00   2.43500e+02   3.18500e+02     1272.4       25.4  -1.01000e+01   4.20000e-02     2           1.13730e+02   4.68600e+00  
     2022         9        17         1        29        34         21       7100       5362 1663378174.000   1663378174.000    6.30000e+02       0.00      90.00   2.43500e+02   3.18500e+02     1279.0       22.5           nan           nan     2           1.08720e+02   4.11800e+00  
     2022         9        17         1        31        58         22       7100       5362 1663378318.000   1663378318.000    6.30000e+02       0.00      45.00   2.43500e+02   3.18500e+02     1256.8       25.8   3.34600e+01   1.42100e-01     2           1.15530e+02   4.85100e+00  
     2022         9        17         1        34        22         23       7100       5362 1663378462.000   1663378462.000    6.30000e+02      90.00      45.00   2.43500e+02   3.18500e+02     1235.0       25.3   2.91900e+01   1.24000e-01     2           8.97700e+01   3.89900e+00  
     2022         9        17         1        36        46         24       7100       5362 1663378606.000   1663378606.000    6.30000e+02     180.00      45.00   2.43500e+02   3.18500e+02     1267.0       28.5   1.82200e+01   8.23000e-02     2           8.07100e+01   3.80000e+00  
     2022         9        17         1        39        46         25       7100       5362 1663378786.000   1663378786.000    6.30000e+02     -90.00      45.00   2.43500e+02   3.18500e+02     1271.7       26.4  -1.47900e+01   6.56000e-02     2           1.04640e+02   4.48700e+00  
     2022         9        17         1        45        46         26       7100       5362 1663379146.000   1663379146.000    6.30000e+02       0.00      90.00   2.43500e+02   3.18500e+02     1280.1       25.9           nan           nan     2           9.47700e+01   4.04500e+00  
     2022         9        17         1        48        10         27       7100       5362 1663379290.000   1663379290.000    6.30000e+02       0.00      45.00   2.43500e+02   3.18500e+02     1276.5       30.5   1.44200e+01   7.12000e-02     2           1.00120e+02   4.80500e+00  
     2022         9        17         1        50        34         28       7100       5362 1663379434.000   1663379434.000    6.30000e+02      90.00      45.00   2.43500e+02   3.18500e+02     1271.5       35.0   9.98000e+00   5.28000e-02     1           6.17000e+01   3.49000e+00  
     2022         9        17         1        52        58         29       7100       5362 1663379578.000   1663379578.000    6.30000e+02     180.00      45.00   2.43500e+02   3.18500e+02     1231.7       26.4   6.54000e+00   2.91000e-02     2           7.83700e+01   3.58100e+00  
     2022         9        17         1        55        22         30       7100       5362 1663379722.000   1663379722.000    6.30000e+02     -90.00      45.00   2.43500e+02   3.18500e+02     1290.0       38.5   1.37700e+01   7.70000e-02     1           6.96200e+01   4.14200e+00  
     2022         9        17         1        58        22         31       7100       5362 1663379902.000   1663379902.000    6.30000e+02       0.00      90.00   2.43500e+02   3.18500e+02     1252.7       24.3           nan           nan     2           9.69400e+01   3.99900e+00  
     2022         9        17         2         0        46         32       7100       5362 1663380046.000   1663380046.000    6.30000e+02       0.00      45.00   2.53500e+02   3.28500e+02     1301.2       38.4   1.76400e+01   9.81000e-02     1           7.83300e+01   4.56600e+00  
     2022         9        17         2         3        10         33       7100       5362 1663380190.000   1663380190.000    6.30000e+02      90.00      45.00   2.53500e+02   3.28500e+02     1282.5       32.9   1.53900e+01   7.63000e-02     1           6.63400e+01   3.53000e+00  
     2022         9        17         2         5        34         34       7100       5362 1663380334.000   1663380334.000    6.30000e+02     180.00      45.00   2.53500e+02   3.28500e+02     1251.2       26.2  -1.25600e+01   5.50000e-02     2           8.30600e+01   3.70500e+00  
     2022         9        17         2         7        58         35       7100       5362 1663380478.000   1663380478.000    6.30000e+02     -90.00      45.00   2.53500e+02   3.28500e+02     1273.7       31.7  -5.70000e+00   2.81000e-02     1           8.77900e+01   4.41700e+00  
     2022         9        17         2        13        58         36       7100       5362 1663380838.000   1663380838.000    6.30000e+02       0.00      90.00   2.53500e+02   3.28500e+02     1243.9       23.9           nan           nan     2           9.28900e+01   3.83600e+00  
     2022         9        17         2        16        58         37       7100       5362 1663381018.000   1663381018.000    6.30000e+02       0.00      45.00   2.53500e+02   3.28500e+02     1236.6       27.3   3.04100e+01   1.37800e-01     2           1.01060e+02   4.56600e+00  
     2022         9        17         2        19        22         38       7100       5362 1663381162.000   1663381162.000    6.30000e+02      90.00      45.00   2.53500e+02   3.28500e+02     1235.0       24.8   5.42700e+01   2.28700e-01     2           8.56200e+01   3.68700e+00  
     2022         9        17         2        21        46         39       7100       5362 1663381306.000   1663381306.000    6.30000e+02     180.00      45.00   2.53500e+02   3.28500e+02     1241.9       24.4  -1.54000e+00   6.40000e-03     2           9.10600e+01   3.83100e+00  
     2022         9        17         2        24        10         40       7100       5362 1663381450.000   1663381450.000    6.30000e+02     -90.00      45.00   2.53500e+02   3.28500e+02     1261.7       23.7  -1.46400e+01   5.98000e-02     2           1.18870e+02   4.65400e+00  
     2022         9        17         2        26        34         41       7100       5362 1663381594.000   1663381594.000    6.30000e+02       0.00      90.00   2.53500e+02   3.28500e+02     1233.3       22.9           nan           nan     2           9.96100e+01   3.97200e+00  
     2022         9        17         2        28        58         42       7100       5362 1663381738.000   1663381738.000    6.30000e+02       0.00      45.00   2.53500e+02   3.28500e+02     1235.8       23.8   4.91100e+01   2.03600e-01     2           1.15960e+02   4.63800e+00  
     2022         9        17         2        31        22         43       7100       5362 1663381882.000   1663381882.000    6.30000e+02      90.00      45.00   2.53500e+02   3.28500e+02     1235.1       24.1   5.96700e+01   2.46100e-01     2           8.92700e+01   3.74300e+00  
     2022         9        17         2        34        22         44       7100       5362 1663382062.000   1663382062.000    6.30000e+02     180.00      45.00   2.53500e+02   3.28500e+02     1219.4       23.1  -7.21000e+00   2.93000e-02     2           9.25800e+01   3.79100e+00  
     2022         9        17         2        36        46         45       7100       5362 1663382206.000   1663382206.000    6.30000e+02     -90.00      45.00   2.53500e+02   3.28500e+02     1231.3       21.6  -4.26300e+01   1.68900e-01     2           1.21570e+02   4.51800e+00  
     2022         9        17         2        42        46         46       7100       5362 1663382566.000   1663382566.000    6.30000e+02       0.00      90.00   2.53500e+02   3.28500e+02     1210.7       23.4           nan           nan     2           9.63900e+01   3.97800e+00  
     2022         9        17         2        45        10         47       7100       5362 1663382710.000   1663382710.000    6.30000e+02       0.00      45.00   2.53500e+02   3.28500e+02     1252.0       31.3   2.53900e+01   1.24100e-01     1           8.98700e+01   4.52200e+00  
     2022         9        17         2        47        34         48       7100       5362 1663382854.000   1663382854.000    6.30000e+02      90.00      45.00   2.53500e+02   3.28500e+02     1199.0       27.6   3.42500e+01   1.53700e-01     1           7.60200e+01   3.67700e+00  
     2022         9        17         2        49        58         49       7100       5362 1663382998.000   1663382998.000    6.30000e+02     180.00      45.00   2.53500e+02   3.28500e+02     1236.8       27.5   9.79000e+00   4.25000e-02     2           7.92100e+01   3.70700e+00  
     2022         9        17         2        52        58         50       7100       5362 1663383178.000   1663383178.000    6.30000e+02     -90.00      45.00   2.53500e+02   3.28500e+02     1229.6       24.5  -3.73100e+01   1.52900e-01     2           1.06520e+02   4.42200e+00  
     2022         9        17         2        55        22         51       7100       5362 1663383322.000   1663383322.000    6.30000e+02       0.00      90.00   2.53500e+02   3.28500e+02     1216.4       21.2           nan           nan     2           1.06970e+02   4.04400e+00  
     2022         9        17         2        57        46         52       7100       5362 1663383466.000   1663383466.000    6.30000e+02       0.00      45.00   2.53500e+02   3.28500e+02     1255.8       29.6   1.82900e+01   8.43000e-02     1           9.44900e+01   4.52500e+00  
     2022         9        17         3         0        10         53       7100       5362 1663383610.000   1663383610.000    6.30000e+02      90.00      45.00   2.63500e+02   3.38500e+02     1215.1       28.1   1.43900e+01   6.41000e-02     1           7.17800e+01   3.50500e+00  
     2022         9        17         3         2        34         54       7100       5362 1663383754.000   1663383754.000    6.30000e+02     180.00      45.00   2.63500e+02   3.38500e+02     1222.2       27.8  -2.22000e+01   9.96000e-02     1           7.68400e+01   3.67600e+00  
     2022         9        17         3         4        58         55       7100       5362 1663383898.000   1663383898.000    6.30000e+02     -90.00      45.00   2.63500e+02   3.38500e+02     1237.1       26.2  -2.85400e+01   1.25400e-01     2           1.00270e+02   4.38800e+00  
     2022         9        17         3        11        34         56       7100       5362 1663384294.000   1663384294.000    6.30000e+02       0.00      90.00   2.63500e+02   3.38500e+02     1218.4       24.3           nan           nan     2           9.57100e+01   4.03900e+00  
     2022         9        17         3        13        58         57       7100       5362 1663384438.000   1663384438.000    6.30000e+02       0.00      45.00   2.63500e+02   3.38500e+02     1248.5       30.3  -2.20900e+01   1.10000e-01     1           8.91000e+01   4.39400e+00  
     2022         9        17         3        16        22         58       7100       5362 1663384582.000   1663384582.000    6.30000e+02      90.00      45.00   2.63500e+02   3.38500e+02     1257.6       35.9  -1.68900e+01   9.20000e-02     1           5.57200e+01   3.28700e+00  
     2022         9        17         3        18        46         59       7100       5362 1663384726.000   1663384726.000    6.30000e+02     180.00      45.00   2.63500e+02   3.38500e+02     1232.1       37.4   1.08600e+01   6.19000e-02     1           5.35500e+01   3.32600e+00  
     2022         9        17         3        21        10         60       7100       5362 1663384870.000   1663384870.000    6.30000e+02     -90.00      45.00   2.63500e+02   3.38500e+02     1239.3       30.0  -2.31600e+01   1.16500e-01     1           8.48200e+01   4.19400e+00  
     2022         9        17         3        23        34         61       7100       5362 1663385014.000   1663385014.000    6.30000e+02       0.00      90.00   2.63500e+02   3.38500e+02     1212.5       26.3           nan           nan     1           7.90700e+01   3.64300e+00  
     2022         9        17         3        26        34         62       7100       5362 1663385194.000   1663385194.000    6.30000e+02       0.00      45.00   2.63500e+02   3.38500e+02     1238.2       38.0   1.96300e+01   1.16900e-01     1           6.89000e+01   4.20200e+00  
     2022         9        17         3        28        58         63       7100       5362 1663385338.000   1663385338.000    6.30000e+02      90.00      45.00   2.63500e+02   3.38500e+02     1227.4       40.4  -1.98900e+01   1.23600e-01     1           4.71700e+01   3.16000e+00  
     2022         9        17         3        31        22         64       7100       5362 1663385482.000   1663385482.000    6.30000e+02     180.00      45.00   2.63500e+02   3.38500e+02     1267.2       38.1   1.48200e+01   8.89000e-02     1           5.45300e+01   3.35200e+00  
     2022         9        17         3        33        46         65       7100       5362 1663385626.000   1663385626.000    6.30000e+02     -90.00      45.00   2.63500e+02   3.38500e+02     1272.2       42.2  -2.63900e+01   1.72300e-01     1           6.15500e+01   4.04100e+00  
     2022         9        17         3        39        46         66       7100       5362 1663385986.000   1663385986.000    6.30000e+02       0.00      90.00   2.63500e+02   3.38500e+02     1273.9       31.9           nan           nan     1           6.78400e+01   3.54000e+00  
     2022         9        17         3        42        10         67       7100       5362 1663386130.000   1663386130.000    6.30000e+02       0.00      45.00   2.63500e+02   3.38500e+02     1284.2       44.6   2.64200e+01   1.85400e-01     2           6.15600e+01   4.19100e+00  
     2022         9        17         3        45        10         68       7100       5362 1663386310.000   1663386310.000    6.30000e+02      90.00      45.00   2.63500e+02   3.38500e+02     1278.3       43.2  -1.89700e+01   1.30400e-01     1           4.76500e+01   3.25300e+00  
     2022         9        17         3        47        34         69       7100       5362 1663386454.000   1663386454.000    6.30000e+02     180.00      45.00   2.63500e+02   3.38500e+02     1293.2       45.0   1.14300e+01   8.05000e-02     0           4.49100e+01   3.15700e+00  
     2022         9        17         3        49        58         70       7100       5362 1663386598.000   1663386598.000    6.30000e+02     -90.00      45.00   2.63500e+02   3.38500e+02     1333.6       52.4  -2.57900e+01   2.01700e-01     2           5.23800e+01   4.00500e+00  
     2022         9        17         3        52        22         71       7100       5362 1663386742.000   1663386742.000    6.30000e+02       0.00      90.00   2.63500e+02   3.38500e+02     1236.2       34.9           nan           nan     1           6.13700e+01   3.54900e+00  
     2022         9        17         3        54        46         72       7100       5362 1663386886.000   1663386886.000    6.30000e+02       0.00      45.00   2.63500e+02   3.38500e+02     1317.4       55.8   3.12600e+01   2.64100e-01     2           5.13300e+01   4.19600e+00  
     2022         9        17         3        57        10         73       7100       5362 1663387030.000   1663387030.000    6.30000e+02      90.00      45.00   2.63500e+02   3.38500e+02     1240.0       40.1  -2.75100e+01   1.91200e-01     1           5.00900e+01   3.28900e+00  
     2022         9        17         3        59        34         74       7100       5362 1663387174.000   1663387174.000    6.30000e+02     180.00      45.00   2.69500e+02   3.44500e+02     1291.9       47.8   1.08000e+00   8.20000e-03     1           4.41300e+01   3.26100e+00  
     2022         9        17         4         2        34         75       7100       5362 1663387354.000   1663387354.000    6.30000e+02     -90.00      45.00   2.69500e+02   3.44500e+02     1271.1       46.9  -1.61500e+01   1.24000e-01     2           5.39700e+01   3.91500e+00  
     2022         9        17         4         8        34         76       7100       5362 1663387714.000   1663387714.000    6.30000e+02       0.00      90.00   2.69500e+02   3.44500e+02     1298.5       37.1           nan           nan     1           6.31200e+01   3.66800e+00  
     2022         9        17         4        10        58         77       7100       5362 1663387858.000   1663387858.000    6.30000e+02       0.00      45.00   2.69500e+02   3.44500e+02     1312.3       49.7   5.05000e+00   3.97000e-02     2           5.67100e+01   4.17900e+00  
     2022         9        17         4        13        22         78       7100       5362 1663388002.000   1663388002.000    6.30000e+02      90.00      45.00   2.69500e+02   3.44500e+02     1298.6       45.1   3.43000e+00   2.53000e-02     1           4.67500e+01   3.26500e+00  
     2022         9        17         4        15        46         79       7100       5362 1663388146.000   1663388146.000    6.30000e+02     180.00      45.00   2.69500e+02   3.44500e+02     1257.0       46.0   9.64000e+00   7.34000e-02     1           4.42800e+01   3.24500e+00  
     2022         9        17         4        18        10         80       7100       5362 1663388290.000   1663388290.000    6.30000e+02     -90.00      45.00   2.69500e+02   3.44500e+02     1303.1       52.6   4.53100e+01   3.76200e-01     2           4.92700e+01   3.87900e+00  
     2022         9        17         4        21        10         81       7100       5362 1663388470.000   1663388470.000    6.30000e+02       0.00      90.00   2.69500e+02   3.44500e+02     1272.1       37.5           nan           nan     1           5.94600e+01   3.55900e+00  
     2022         9        17         4        23        34         82       7100       5362 1663388614.000   1663388614.000    6.30000e+02       0.00      45.00   2.69500e+02   3.44500e+02     1301.9       55.5   2.03300e+01   1.71300e-01     2           4.97900e+01   4.10200e+00  
     2022         9        17         4        25        58         83       7100       5362 1663388758.000   1663388758.000    6.30000e+02      90.00      45.00   2.69500e+02   3.44500e+02     1296.6       45.3   4.90000e-01   3.50000e-03     1           4.51400e+01   3.18400e+00  
     2022         9        17         4        28        22         84       7100       5362 1663388902.000   1663388902.000    6.30000e+02     180.00      45.00   2.69500e+02   3.44500e+02     1272.2       36.1   1.77500e+01   1.07500e-01     1           6.00100e+01   3.48600e+00  
     2022         9        17         4        30        46         85       7100       5362 1663389046.000   1663389046.000    6.30000e+02     -90.00      45.00   2.69500e+02   3.44500e+02     1287.3       36.9  -1.27300e+01   7.62000e-02     1           7.13000e+01   4.09600e+00  
     2022         9        17         4        36        46         86       7100       5362 1663389406.000   1663389406.000    6.30000e+02       0.00      90.00   2.69500e+02   3.44500e+02     1238.3       24.9           nan           nan     1           9.06700e+01   3.87300e+00  
     2022         9        17         4        39        46         87       7100       5362 1663389586.000   1663389586.000    6.30000e+02       0.00      45.00   2.69500e+02   3.44500e+02     1270.8       32.4   3.42100e+01   1.82400e-01     1           8.79800e+01   4.51000e+00  
     2022         9        17         4        42        10         88       7100       5362 1663389730.000   1663389730.000    6.30000e+02      90.00      45.00   2.69500e+02   3.44500e+02     1256.4       34.9   4.53000e+00   2.57000e-02     1           6.30400e+01   3.58400e+00  
     2022         9        17         4        44        34         89       7100       5362 1663389874.000   1663389874.000    6.30000e+02     180.00      45.00   2.69500e+02   3.44500e+02     1245.0       32.5  -1.14000e+01   6.37000e-02     1           6.68100e+01   3.59800e+00  
     2022         9        17         4        46        58         90       7100       5362 1663390018.000   1663390018.000    6.30000e+02     -90.00      45.00   2.69500e+02   3.44500e+02     1256.6       36.4  -6.95000e+00   4.30000e-02     1           7.43500e+01   4.29100e+00  
     2022         9        17         4        49        22         91       7100       5362 1663390162.000   1663390162.000    6.30000e+02       0.00      90.00   2.69500e+02   3.44500e+02     1248.2       32.0           nan           nan     1           7.90900e+01   4.12000e+00  
     2022         9        17         4        51        46         92       7100       5362 1663390306.000   1663390306.000    6.30000e+02       0.00      45.00   2.69500e+02   3.44500e+02     1268.7       36.6   2.05400e+01   1.34600e-01     1           7.87900e+01   4.51300e+00  
     2022         9        17         4        54        10         93       7100       5362 1663390450.000   1663390450.000    6.30000e+02      90.00      45.00   2.69500e+02   3.44500e+02     1251.9       40.5  -7.51000e+00   5.34000e-02     1           5.81800e+01   3.76800e+00  
     2022         9        17         4        57        10         94       7100       5362 1663390630.000   1663390630.000    6.30000e+02     180.00      45.00   2.69500e+02   3.44500e+02     1309.4       44.4   2.08000e+00   1.55000e-02     1           4.94400e+01   3.37200e+00  
     2022         9        17         4        59        34         95       7100       5362 1663390774.000   1663390774.000    6.30000e+02     -90.00      45.00   2.69500e+02   3.44500e+02     1313.6       61.2   5.17000e+00   4.91000e-02     2           4.35400e+01   3.90600e+00  
     2022         9        17         5         5        34         96       7100       5362 1663391134.000   1663391134.000    6.30000e+02       0.00      90.00   2.69500e+02   3.44500e+02     1276.2       45.0           nan           nan     1           5.42900e+01   3.78600e+00  
     2022         9        17         5         7        58         97       7100       5362 1663391278.000   1663391278.000    6.30000e+02       0.00      45.00   2.69500e+02   3.44500e+02     1302.9       56.1  -5.33000e+00   5.13000e-02     2           5.11600e+01   4.24300e+00  
     2022         9        17         5        10        22         98       7100       5362 1663391422.000   1663391422.000    6.30000e+02      90.00      45.00   2.69500e+02   3.44500e+02     1302.2       52.9   2.90200e+01   2.65400e-01     1           4.13300e+01   3.31600e+00  
     2022         9        17         5        12        46         99       7100       5362 1663391566.000   1663391566.000    6.30000e+02     180.00      45.00   2.69500e+02   3.44500e+02     1254.8       59.6   3.38300e+01   3.38200e-01     2           3.24300e+01   3.02900e+00  
     2022         9        17         5        15        46        100       7100       5362 1663391746.000   1663391746.000    6.30000e+02     -90.00      45.00   2.69500e+02   3.44500e+02     1309.9       70.1   4.59200e+01   5.10200e-01     2           3.83500e+01   3.91600e+00  
     2022         9        17         5        18        10        101       7100       5362 1663391890.000   1663391890.000    6.30000e+02       0.00      90.00   2.69500e+02   3.44500e+02     1277.2       49.0           nan           nan     1           4.53100e+01   3.44000e+00  
     2022         9        17         5        20        34        102       7100       5362 1663392034.000   1663392034.000    6.30000e+02       0.00      45.00   2.69500e+02   3.44500e+02     1346.3       78.5   3.42000e+00   4.08000e-02     2           3.75900e+01   4.14400e+00  
     2022         9        17         5        22        58        103       7100       5362 1663392178.000   1663392178.000    6.30000e+02      90.00      45.00   2.69500e+02   3.44500e+02     1322.1       56.4   1.51300e+01   1.48700e-01     1           3.83100e+01   3.21900e+00  
     2022         9        17         5        25        22        104       7100       5362 1663392322.000   1663392322.000    6.30000e+02     180.00      45.00   2.69500e+02   3.44500e+02     1274.0       55.4   2.10500e+01   2.09200e-01     2           3.83600e+01   3.28200e+00  
     2022         9        17         5        27        46        105       7100       5362 1663392466.000   1663392466.000    6.30000e+02     -90.00      45.00   2.69500e+02   3.44500e+02     1306.1       60.5   7.03000e+00   7.42000e-02     2           4.25900e+01   3.80900e+00  
     2022         9        17         5        34        22        106       7100       5362 1663392862.000   1663392862.000    6.30000e+02       0.00      90.00   2.69500e+02   3.44500e+02     1338.6       55.1           nan           nan     2           4.31300e+01   3.48500e+00  
     2022         9        17         5        36        46        107       7100       5362 1663393006.000   1663393006.000    6.30000e+02       0.00      45.00   2.69500e+02   3.44500e+02     1377.5       87.4   2.12800e+01   2.80700e-01     2           3.35500e+01   4.01200e+00  
     2022         9        17         5        39        10        108       7100       5362 1663393150.000   1663393150.000    6.30000e+02      90.00      45.00   2.69500e+02   3.44500e+02     1291.6       68.6   1.40200e+01   1.63000e-01     2           2.90000e+01   2.99800e+00  
     2022         9        17         5        41        34        109       7100       5362 1663393294.000   1663393294.000    6.30000e+02     180.00      45.00   2.69500e+02   3.44500e+02     1352.9       68.3  -2.87000e+00   3.30000e-02     2           3.10700e+01   3.05900e+00  
     2022         9        17         5        43        58        110       7100       5362 1663393438.000   1663393438.000    6.30000e+02     -90.00      45.00   2.69500e+02   3.44500e+02     1366.7       82.3  -9.48000e+00   1.23500e-01     2           3.22400e+01   3.68700e+00  
     2022         9        17         5        46        22        111       7100       5362 1663393582.000   1663393582.000    6.30000e+02       0.00      90.00   2.69500e+02   3.44500e+02     1260.4       57.7           nan           nan     2           3.67500e+01   3.29200e+00  
     2022         9        17         5        49        22        112       7100       5362 1663393762.000   1663393762.000    6.30000e+02       0.00      45.00   2.69500e+02   3.44500e+02     1333.2       89.6   4.76700e+01   6.62300e-01     2           3.09400e+01   3.91800e+00  
     2022         9        17         5        51        46        113       7100       5362 1663393906.000   1663393906.000    6.30000e+02      90.00      45.00   2.69500e+02   3.44500e+02     1294.2       65.0  -2.93100e+01   3.25600e-01     2           3.14100e+01   3.07900e+00  
     2022         9        17         5        54        10        114       7100       5362 1663394050.000   1663394050.000    6.30000e+02     180.00      45.00   2.69500e+02   3.44500e+02     1268.5       61.5  -9.72000e+00   1.07100e-01     2           3.37600e+01   3.19500e+00  
     2022         9        17         5        56        34        115       7100       5362 1663394194.000   1663394194.000    6.30000e+02     -90.00      45.00   2.69500e+02   3.44500e+02     1429.5       84.8  -1.25300e+01   1.60300e-01     2           3.54100e+01   3.96800e+00  
     2022         9        17         6         2        34        116       7100       5362 1663394554.000   1663394554.000    6.30000e+02       0.00      90.00   2.65500e+02   3.40500e+02     1235.5       49.4           nan           nan     1           4.43400e+01   3.49700e+00  
     2022         9        17         6         4        58        117       7100       5362 1663394698.000   1663394698.000    6.30000e+02       0.00      45.00   2.65500e+02   3.40500e+02     1307.5       64.4   3.20000e+01   3.60300e-01     2           4.51800e+01   4.24700e+00  
     2022         9        17         6         7        58        118       7100       5362 1663394878.000   1663394878.000    6.30000e+02      90.00      45.00   2.65500e+02   3.40500e+02     1329.5       70.7   4.99000e+00   5.84000e-02     2           3.51900e+01   3.59000e+00  
     2022         9        17         6        10        22        119       7100       5362 1663395022.000   1663395022.000    6.30000e+02     180.00      45.00   2.65500e+02   3.40500e+02     1284.1       59.3   2.92000e+01   3.24300e-01     2           3.65200e+01   3.29800e+00  
     2022         9        17         6        12        46        120       7100       5362 1663395166.000   1663395166.000    6.30000e+02     -90.00      45.00   2.65500e+02   3.40500e+02     1302.4       80.1   4.58000e+00   6.13000e-02     2           3.22000e+01   3.75800e+00  
     2022         9        17         6        15        10        121       7100       5362 1663395310.000   1663395310.000    6.30000e+02       0.00      90.00   2.65500e+02   3.40500e+02     1260.4       61.3           nan           nan     2           3.64800e+01   3.44100e+00  
     2022         9        17         6        17        34        122       7100       5362 1663395454.000   1663395454.000    6.30000e+02       0.00      45.00   2.65500e+02   3.40500e+02     1350.0       85.3  -1.12000e+00   1.59000e-02     2           3.50100e+01   4.16300e+00  
     2022         9        17         6        19        58        123       7100       5362 1663395598.000   1663395598.000    6.30000e+02      90.00      45.00   2.65500e+02   3.40500e+02     1326.8       75.4   4.10000e-01   5.40000e-03     2           2.95700e+01   3.23400e+00  
     2022         9        17         6        22        22        124       7100       5362 1663395742.000   1663395742.000    6.30000e+02     180.00      45.00   2.65500e+02   3.40500e+02     1344.2       89.4  -2.18500e+01   3.12300e-01     2           2.53500e+01   3.21100e+00  
     2022         9        17         6        25        22        125       7100       5362 1663395922.000   1663395922.000    6.30000e+02     -90.00      45.00   2.65500e+02   3.40500e+02     1335.4       90.3   2.84600e+01   4.19200e-01     2           3.05000e+01   3.88400e+00  
     2022         9        17         6        31        22        126       7100       5362 1663396282.000   1663396282.000    6.30000e+02       0.00      90.00   2.65500e+02   3.40500e+02     1285.7       61.1           nan           nan     2           3.77800e+01   3.48400e+00  
     2022         9        17         6        36        10        127       7100       5362 1663396570.000   1663396570.000    6.30000e+02      90.00      45.00   2.65500e+02   3.40500e+02     1272.4       64.2  -1.10000e-01   1.40000e-03     2           3.41400e+01   3.34000e+00  
     2022         9        17         6        38        34        128       7100       5362 1663396714.000   1663396714.000    6.30000e+02     180.00      45.00   2.65500e+02   3.40500e+02     1296.2       65.6  -4.30100e+01   5.50900e-01     2           3.33200e+01   3.27000e+00  
     2022         9        17         6        40        58        129       7100       5362 1663396858.000   1663396858.000    6.30000e+02     -90.00      45.00   2.65500e+02   3.40500e+02     1357.7       85.4  -1.04100e+01   1.55000e-01     2           3.33700e+01   3.96300e+00  
     2022         9        17         6        43        58        130       7100       5362 1663397038.000   1663397038.000    6.30000e+02       0.00      90.00   2.65500e+02   3.40500e+02     1237.9       69.5           nan           nan     2           3.25000e+01   3.50700e+00  
     2022         9        17         6        48        46        131       7100       5362 1663397326.000   1663397326.000    6.30000e+02      90.00      45.00   2.65500e+02   3.40500e+02     1284.3       91.2   1.74500e+01   2.81400e-01     2           2.47100e+01   3.33100e+00  
     2022         9        17         6        51        10        132       7100       5362 1663397470.000   1663397470.000    6.30000e+02     180.00      45.00   2.65500e+02   3.40500e+02     1306.2       75.2   7.68000e+00   1.07700e-01     2           3.00100e+01   3.31600e+00  
     2022         9        17         6        53        34        133       7100       5362 1663397614.000   1663397614.000    6.30000e+02     -90.00      45.00   2.65500e+02   3.40500e+02     1366.0       74.1  -1.16500e+01   1.62700e-01     2           3.82900e+01   3.95300e+00  
     2022         9        17         7         0        10        134       7100       5362 1663398010.000   1663398010.000    6.30000e+02       0.00      90.00   2.52500e+02   3.27500e+02     1309.9       71.2           nan           nan     2           3.42600e+01   3.57200e+00  
     2022         9        17         7         7        22        135       7100       5362 1663398442.000   1663398442.000    6.30000e+02     180.00      45.00   2.52500e+02   3.27500e+02     1302.6       90.2  -2.73000e+01   4.36900e-01     2           2.39700e+01   3.16000e+00  
     2022         9        17         7        12        10        136       7100       5362 1663398730.000   1663398730.000    6.30000e+02       0.00      90.00   2.52500e+02   3.27500e+02     1317.4       82.4           nan           nan     2           3.18400e+01   3.77200e+00  
     2022         9        17         7        17        34        137       7100       5362 1663399054.000   1663399054.000    6.30000e+02      90.00      45.00   2.52500e+02   3.27500e+02     1290.1       64.8  -7.58000e+00   9.83000e-02     2           3.62400e+01   3.51700e+00  
     2022         9        17         7        19        58        138       7100       5362 1663399198.000   1663399198.000    6.30000e+02     180.00      45.00   2.52500e+02   3.27500e+02     1223.6       53.7   2.61000e+01   3.06900e-01     2           3.98800e+01   3.42700e+00  
     2022         9        17         7        22        22        139       7100       5362 1663399342.000   1663399342.000    6.30000e+02     -90.00      45.00   2.52500e+02   3.27500e+02     1308.9       66.5  -2.84600e+01   3.54800e-01     2           4.28600e+01   4.15100e+00  
     2022         9        17         7        28        22        140       7100       5362 1663399702.000   1663399702.000    6.30000e+02       0.00      90.00   2.52500e+02   3.27500e+02     1219.1       50.8           nan           nan     2           4.46500e+01   3.64500e+00  
     2022         9        17         7        33        10        141       7100       5362 1663399990.000   1663399990.000    6.30000e+02      90.00      45.00   2.52500e+02   3.27500e+02     1230.9       48.3   2.17100e+01   2.04800e-01     2           4.80000e+01   3.70200e+00  
     2022         9        17         7        36        10        142       7100       5362 1663400170.000   1663400170.000    6.30000e+02     180.00      45.00   2.52500e+02   3.27500e+02     1245.1       50.0  -5.24000e+00   4.91000e-02     2           4.46900e+01   3.53300e+00  
     2022         9        17         7        38        34        143       7100       5362 1663400314.000   1663400314.000    6.30000e+02     -90.00      45.00   2.52500e+02   3.27500e+02     1263.8       58.0   1.67400e+01   1.67600e-01     2           4.59700e+01   4.06200e+00  
     2022         9        17         7        40        58        144       7100       5362 1663400458.000   1663400458.000    6.30000e+02       0.00      90.00   2.52500e+02   3.27500e+02     1173.4       43.3           nan           nan     1           4.36500e+01   3.23600e+00  
     2022         9        17         7        45        46        145       7100       5362 1663400746.000   1663400746.000    6.30000e+02      90.00      45.00   2.52500e+02   3.27500e+02     1236.5       52.1   6.00000e-01   5.70000e-03     2           4.37800e+01   3.60900e+00  
     2022         9        17         7        48        10        146       7100       5362 1663400890.000   1663400890.000    6.30000e+02     180.00      45.00   2.52500e+02   3.27500e+02     1144.4       32.9  -8.49000e+00   6.26000e-02     0           5.62400e+01   3.33800e+00  
     2022         9        17         7        51        10        147       7100       5362 1663401070.000   1663401070.000    6.30000e+02     -90.00      45.00   2.52500e+02   3.27500e+02     1212.3       38.6  -1.61000e+01   1.25600e-01     1           5.86900e+01   3.75000e+00  
     2022         9        17         7        57        10        148       7100       5362 1663401430.000   1663401430.000    6.30000e+02       0.00      90.00   2.52500e+02   3.27500e+02     1239.3       40.6           nan           nan     1           5.90500e+01   3.85000e+00  
     2022         9        17         8         1        58        149       7100       5362 1663401718.000   1663401718.000    6.30000e+02      90.00      45.00   2.39500e+02   3.14500e+02     1184.5       24.6   9.96000e+00   5.93000e-02     1           1.12350e+02   4.78200e+00  
     2022         9        17         8         4        22        150       7100       5362 1663401862.000   1663401862.000    6.30000e+02     180.00      45.00   2.39500e+02   3.14500e+02     1202.1       33.5   1.65300e+01   1.10500e-01     1           7.68600e+01   4.29700e+00  
     2022         9        17         8         6        46        151       7100       5362 1663402006.000   1663402006.000    6.30000e+02     -90.00      45.00   2.39500e+02   3.14500e+02     1247.9       39.9   1.24600e+01   8.86000e-02     2           7.66400e+01   4.78700e+00  
     2022         9        17         8         9        46        152       7100       5362 1663402186.000   1663402186.000    6.30000e+02       0.00      90.00   2.39500e+02   3.14500e+02     1252.2       31.7           nan           nan     1           1.09120e+02   5.44600e+00  
     2022         9        17         8        12        10        153       7100       5362 1663402330.000   1663402330.000    6.30000e+02       0.00      45.00   2.39500e+02   3.14500e+02     1274.8       35.4   1.62700e+01   1.06700e-01     2           1.27990e+02   6.83300e+00  
     2022         9        17         8        14        34        154       7100       5362 1663402474.000   1663402474.000    6.30000e+02      90.00      45.00   2.39500e+02   3.14500e+02     1301.9       32.9   3.70900e+01   2.30900e-01     2           1.45460e+02   7.08900e+00  
     2022         9        17         8        16        58        155       7100       5362 1663402618.000   1663402618.000    6.30000e+02     180.00      45.00   2.39500e+02   3.14500e+02     1403.5       38.8   3.56300e+01   2.37000e-01     2           1.43660e+02   7.56100e+00  
     2022         9        17         8        19        22        156       7100       5362 1663402762.000   1663402762.000    6.30000e+02     -90.00      45.00   2.39500e+02   3.14500e+02     1543.7       43.9   3.62400e+01   2.52900e-01     2           1.76100e+02   9.38200e+00  
