   YEAR     MONTH      DAY       HOUR      MIN       SEC       RECNO     KINDAT      KINST       UT1_UNIX        UT2_UNIX        WAVLEN        AZM        ELM         ALTB          ALTE         TN         DTN        VNHLU         DVNHLU     FPI_DATAQUAL      RLE           DRLE     
     2022         9         2        22        33        46          0       7100       5362 1662158026.000   1662158026.000    6.30000e+02       0.00      90.00   2.12500e+02   2.87500e+02     1275.8       15.3           nan           nan     1           2.04760e+02   5.39300e+00  
     2022         9         2        22        41        34          1       7100       5362 1662158494.000   1662158494.000    6.30000e+02     180.00      45.00   2.12500e+02   2.87500e+02     1236.9       14.9   4.85700e+01   1.33100e-01     1           2.01400e+02   5.34900e+00  
     2022         9         2        22        43        58          2       7100       5362 1662158638.000   1662158638.000    6.30000e+02     -90.00      45.00   2.12500e+02   2.87500e+02     1314.9       17.9  -7.73600e+01   2.37000e-01     1           2.57020e+02   7.16700e+00  
     2022         9         2        22        49        58          3       7100       5362 1662158998.000   1662158998.000    6.30000e+02       0.00      90.00   2.12500e+02   2.87500e+02     1255.0       17.1           nan           nan     1           1.62700e+02   4.85900e+00  
     2022         9         2        22        54        46          4       7100       5362 1662159286.000   1662159286.000    6.30000e+02      90.00      45.00   2.12500e+02   2.87500e+02     1250.1       14.8   8.90000e+01   2.53700e-01     1           1.84450e+02   4.92800e+00  
     2022         9         2        22        57        46          5       7100       5362 1662159466.000   1662159466.000    6.30000e+02     180.00      45.00   2.12500e+02   2.87500e+02     1247.5       17.8   3.57300e+01   1.13000e-01     1           1.61610e+02   4.97600e+00  
     2022         9         2        23         0        10          6       7100       5362 1662159610.000   1662159610.000    6.30000e+02     -90.00      45.00   2.19500e+02   2.94500e+02     1346.4       21.9  -9.30300e+01   3.31300e-01     2           2.30450e+02   7.48600e+00  
     2022         9         2        23         2        34          7       7100       5362 1662159754.000   1662159754.000    6.30000e+02       0.00      90.00   2.19500e+02   2.94500e+02     1240.4       17.9           nan           nan     1           1.43160e+02   4.53800e+00  
     2022         9         2        23         7        22          8       7100       5362 1662160042.000   1662160042.000    6.30000e+02      90.00      45.00   2.19500e+02   2.94500e+02     1225.9       15.1   9.62700e+01   2.84100e-01     1           1.72710e+02   4.77600e+00  
     2022         9         2        23         9        46          9       7100       5362 1662160186.000   1662160186.000    6.30000e+02     180.00      45.00   2.19500e+02   2.94500e+02     1229.6       18.0   3.26800e+01   1.06300e-01     1           1.56690e+02   4.95100e+00  
     2022         9         2        23        12        46         10       7100       5362 1662160366.000   1662160366.000    6.30000e+02     -90.00      45.00   2.19500e+02   2.94500e+02     1340.7       22.5  -9.39100e+01   3.44000e-01     2           2.31390e+02   7.68600e+00  
     2022         9         2        23        18        46         11       7100       5362 1662160726.000   1662160726.000    6.30000e+02       0.00      90.00   2.19500e+02   2.94500e+02     1222.1       17.9           nan           nan     1           1.38880e+02   4.47200e+00  
     2022         9         2        23        21        10         12       7100       5362 1662160870.000   1662160870.000    6.30000e+02       0.00      45.00   2.19500e+02   2.94500e+02     1242.1       14.2   9.61000e+00   2.78000e-02     1           2.02300e+02   5.19700e+00  
     2022         9         2        23        23        34         13       7100       5362 1662161014.000   1662161014.000    6.30000e+02      90.00      45.00   2.19500e+02   2.94500e+02     1222.0       15.9   1.11820e+02   3.43900e-01     1           1.57580e+02   4.59400e+00  
     2022         9         2        23        25        58         14       7100       5362 1662161158.000   1662161158.000    6.30000e+02     180.00      45.00   2.19500e+02   2.94500e+02     1243.3       20.2   2.39700e+01   8.46000e-02     1           1.56770e+02   5.31600e+00  
     2022         9         2        23        28        22         15       7100       5362 1662161302.000   1662161302.000    6.30000e+02     -90.00      45.00   2.19500e+02   2.94500e+02     1327.8       22.0  -8.60100e+01   3.15600e-01     2           2.23580e+02   7.38100e+00  
     2022         9         2        23        31        22         16       7100       5362 1662161482.000   1662161482.000    6.30000e+02       0.00      90.00   2.19500e+02   2.94500e+02     1221.9       18.5           nan           nan     1           1.30410e+02   4.33800e+00  
     2022         9         2        23        33        46         17       7100       5362 1662161626.000   1662161626.000    6.30000e+02       0.00      45.00   2.19500e+02   2.94500e+02     1230.8       15.3   1.23000e+01   3.83000e-02     1           1.79620e+02   4.96000e+00  
     2022         9         2        23        36        10         18       7100       5362 1662161770.000   1662161770.000    6.30000e+02      90.00      45.00   2.19500e+02   2.94500e+02     1213.6       17.5   1.02880e+02   3.49300e-01     1           1.35690e+02   4.34200e+00  
     2022         9         2        23        38        34         19       7100       5362 1662161914.000   1662161914.000    6.30000e+02     180.00      45.00   2.19500e+02   2.94500e+02     1224.5       21.5   1.86000e+01   7.20000e-02     1           1.24140e+02   4.61600e+00  
     2022         9         2        23        40        58         20       7100       5362 1662162058.000   1662162058.000    6.30000e+02     -90.00      45.00   2.19500e+02   2.94500e+02     1297.9       23.3  -9.21900e+01   3.79700e-01     1           1.84730e+02   6.62600e+00  
     2022         9         2        23        46        58         21       7100       5362 1662162418.000   1662162418.000    6.30000e+02       0.00      90.00   2.19500e+02   2.94500e+02     1238.3       23.5           nan           nan     0           9.43500e+01   3.85200e+00  
     2022         9         2        23        49        58         22       7100       5362 1662162598.000   1662162598.000    6.30000e+02       0.00      45.00   2.19500e+02   2.94500e+02     1236.6       18.5   2.14100e+01   8.47000e-02     0           1.34250e+02   4.41500e+00  
     2022         9         2        23        52        22         23       7100       5362 1662162742.000   1662162742.000    6.30000e+02      90.00      45.00   2.19500e+02   2.94500e+02     1228.5       24.0   9.98700e+01   4.64200e-01     0           8.67600e+01   3.65800e+00  
     2022         9         2        23        54        46         24       7100       5362 1662162886.000   1662162886.000    6.30000e+02     180.00      45.00   2.19500e+02   2.94500e+02     1255.5       29.6  -2.00100e+01   1.06200e-01     0           7.59200e+01   3.73800e+00  
     2022         9         2        23        57        10         25       7100       5362 1662163030.000   1662163030.000    6.30000e+02     -90.00      45.00   2.19500e+02   2.94500e+02     1329.8       30.3  -1.03070e+02   5.70000e-01     1           1.21830e+02   5.52200e+00  
     2022         9         2        23        59        34         26       7100       5362 1662163174.000   1662163174.000    6.30000e+02       0.00      90.00   2.27500e+02   3.02500e+02     1256.4       31.7           nan           nan     0           6.17100e+01   3.28200e+00  
     2022         9         3         0         1        58         27       7100       5362 1662163318.000   1662163318.000    6.30000e+02       0.00      45.00   2.27500e+02   3.02500e+02     1265.1       24.7   3.51600e+01   1.86200e-01     0           9.19800e+01   3.84900e+00  
     2022         9         3         0         4        22         28       7100       5362 1662163462.000   1662163462.000    6.30000e+02      90.00      45.00   2.27500e+02   3.02500e+02     1256.7       33.5   9.37600e+01   5.89800e-01     0           5.53500e+01   3.10700e+00  
     2022         9         3         0         7        22         29       7100       5362 1662163642.000   1662163642.000    6.30000e+02     180.00      45.00   2.27500e+02   3.02500e+02     1218.7       37.5  -3.76600e+01   2.61900e-01     0           5.24800e+01   3.30400e+00  
     2022         9         3         0         9        46         30       7100       5362 1662163786.000   1662163786.000    6.30000e+02     -90.00      45.00   2.27500e+02   3.02500e+02     1362.7       34.1  -9.08800e+01   6.07500e-01     1           1.01070e+02   5.02900e+00  
     2022         9         3         0        15        46         31       7100       5362 1662164146.000   1662164146.000    6.30000e+02       0.00      90.00   2.27500e+02   3.02500e+02     1283.5       43.5           nan           nan     0           4.30500e+01   2.98200e+00  
     2022         9         3         0        18        10         32       7100       5362 1662164290.000   1662164290.000    6.30000e+02       0.00      45.00   2.27500e+02   3.02500e+02     1282.0       30.7   5.42700e+01   3.69800e-01     0           7.09600e+01   3.55800e+00  
     2022         9         3         0        20        34         33       7100       5362 1662164434.000   1662164434.000    6.30000e+02      90.00      45.00   2.27500e+02   3.02500e+02     1267.2       42.1   8.43500e+01   6.69700e-01     0           4.12200e+01   2.83100e+00  
     2022         9         3         0        22        58         34       7100       5362 1662164578.000   1662164578.000    6.30000e+02     180.00      45.00   2.27500e+02   3.02500e+02     1254.3       42.9  -5.31500e+01   4.28800e-01     0           4.44700e+01   3.09200e+00  
     2022         9         3         0        25        58         35       7100       5362 1662164758.000   1662164758.000    6.30000e+02     -90.00      45.00   2.27500e+02   3.02500e+02     1308.8       29.5  -7.37200e+01   5.01800e-01     1           1.04120e+02   4.75000e+00  
     2022         9         3         0        28        22         36       7100       5362 1662164902.000   1662164902.000    6.30000e+02       0.00      90.00   2.27500e+02   3.02500e+02     1255.0       43.3           nan           nan     0           4.34200e+01   3.05000e+00  
     2022         9         3         0        30        46         37       7100       5362 1662165046.000   1662165046.000    6.30000e+02       0.00      45.00   2.27500e+02   3.02500e+02     1262.4       27.7   5.97500e+01   3.94700e-01     0           7.82700e+01   3.63600e+00  
     2022         9         3         0        33        10         38       7100       5362 1662165190.000   1662165190.000    6.30000e+02      90.00      45.00   2.27500e+02   3.02500e+02     1218.9       39.6   8.69500e+01   6.82300e-01     0           4.22100e+01   2.84200e+00  
     2022         9         3         0        35        34         39       7100       5362 1662165334.000   1662165334.000    6.30000e+02     180.00      45.00   2.27500e+02   3.02500e+02     1252.6       40.6  -5.81700e+01   4.50100e-01     0           4.57600e+01   3.04300e+00  
     2022         9         3         0        37        58         40       7100       5362 1662165478.000   1662165478.000    6.30000e+02     -90.00      45.00   2.27500e+02   3.02500e+02     1277.9       28.0  -7.95200e+01   5.23400e-01     1           1.02800e+02   4.61000e+00  
     2022         9         3         0        44        34         41       7100       5362 1662165874.000   1662165874.000    6.30000e+02       0.00      90.00   2.27500e+02   3.02500e+02     1264.3       41.4           nan           nan     0           4.44500e+01   2.99300e+00  
     2022         9         3         0        46        58         42       7100       5362 1662166018.000   1662166018.000    6.30000e+02       0.00      45.00   2.27500e+02   3.02500e+02     1224.5       26.4   8.32400e+01   5.31500e-01     0           7.86300e+01   3.61200e+00  
     2022         9         3         0        49        22         43       7100       5362 1662166162.000   1662166162.000    6.30000e+02      90.00      45.00   2.27500e+02   3.02500e+02     1279.2       44.5   9.75000e+01   7.90400e-01     0           3.84300e+01   2.75300e+00  
     2022         9         3         0        51        46         44       7100       5362 1662166306.000   1662166306.000    6.30000e+02     180.00      45.00   2.27500e+02   3.02500e+02     1271.7       43.0  -3.17000e+01   2.56200e-01     0           4.21200e+01   2.92200e+00  
     2022         9         3         0        54        10         45       7100       5362 1662166450.000   1662166450.000    6.30000e+02     -90.00      45.00   2.27500e+02   3.02500e+02     1293.9       31.3  -7.44300e+01   5.26800e-01     1           8.50200e+01   4.19800e+00  
     2022         9         3         0        56        34         46       7100       5362 1662166594.000   1662166594.000    6.30000e+02       0.00      90.00   2.27500e+02   3.02500e+02     1288.2       45.9           nan           nan     0           3.92700e+01   2.85900e+00  
     2022         9         3         0        59        34         47       7100       5362 1662166774.000   1662166774.000    6.30000e+02       0.00      45.00   2.43500e+02   3.18500e+02     1245.3       28.5   8.15200e+01   5.58900e-01     0           7.26800e+01   3.52000e+00  
     2022         9         3         1         1        58         48       7100       5362 1662166918.000   1662166918.000    6.30000e+02      90.00      45.00   2.43500e+02   3.18500e+02     1246.9       47.1   8.60900e+01   7.43800e-01     0           3.43600e+01   2.65700e+00  
     2022         9         3         1         4        22         49       7100       5362 1662167062.000   1662167062.000    6.30000e+02     180.00      45.00   2.43500e+02   3.18500e+02     1227.6       42.0  -5.58400e+01   4.47900e-01     0           4.11800e+01   2.89200e+00  
     2022         9         3         1         6        46         50       7100       5362 1662167206.000   1662167206.000    6.30000e+02     -90.00      45.00   2.43500e+02   3.18500e+02     1280.3       31.5  -8.29000e+01   5.67200e-01     1           8.06600e+01   4.06400e+00  
     2022         9         3         1        12        46         51       7100       5362 1662167566.000   1662167566.000    6.30000e+02       0.00      90.00   2.43500e+02   3.18500e+02     1227.2       40.0           nan           nan     0           4.22800e+01   2.85400e+00  
     2022         9         3         1        15        10         52       7100       5362 1662167710.000   1662167710.000    6.30000e+02       0.00      45.00   2.43500e+02   3.18500e+02     1238.1       26.9   6.38200e+01   3.93900e-01     0           7.71500e+01   3.57200e+00  
     2022         9         3         1        18        10         53       7100       5362 1662167890.000   1662167890.000    6.30000e+02      90.00      45.00   2.43500e+02   3.18500e+02     1261.6       43.6   8.65600e+01   6.68100e-01     0           3.93200e+01   2.79500e+00  
     2022         9         3         1        20        34         54       7100       5362 1662168034.000   1662168034.000    6.30000e+02     180.00      45.00   2.43500e+02   3.18500e+02     1239.8       39.7  -6.19900e+01   4.55500e-01     0           4.43500e+01   2.93400e+00  
     2022         9         3         1        22        58         55       7100       5362 1662168178.000   1662168178.000    6.30000e+02     -90.00      45.00   2.43500e+02   3.18500e+02     1319.5       31.9  -8.76000e+01   5.64000e-01     1           8.08200e+01   4.01000e+00  
     2022         9         3         1        25        22         56       7100       5362 1662168322.000   1662168322.000    6.30000e+02       0.00      90.00   2.43500e+02   3.18500e+02     1247.6       37.8           nan           nan     0           4.66800e+01   2.94400e+00  
     2022         9         3         1        27        46         57       7100       5362 1662168466.000   1662168466.000    6.30000e+02       0.00      45.00   2.43500e+02   3.18500e+02     1217.0       23.5   5.63200e+01   3.19500e-01     0           9.22100e+01   3.83000e+00  
     2022         9         3         1        30        10         58       7100       5362 1662168610.000   1662168610.000    6.30000e+02      90.00      45.00   2.43500e+02   3.18500e+02     1238.9       36.6   7.17500e+01   4.93500e-01     0           4.79000e+01   2.95500e+00  
     2022         9         3         1        32        34         59       7100       5362 1662168754.000   1662168754.000    6.30000e+02     180.00      45.00   2.43500e+02   3.18500e+02     1282.4       40.6  -7.55700e+01   5.38300e-01     0           4.51400e+01   2.95500e+00  
     2022         9         3         1        35        34         60       7100       5362 1662168934.000   1662168934.000    6.30000e+02     -90.00      45.00   2.43500e+02   3.18500e+02     1294.3       28.7  -1.06910e+02   6.43700e-01     1           8.66800e+01   4.00300e+00  
     2022         9         3         1        41        34         61       7100       5362 1662169294.000   1662169294.000    6.30000e+02       0.00      90.00   2.43500e+02   3.18500e+02     1247.1       36.0           nan           nan     0           4.85700e+01   2.94100e+00  
     2022         9         3         1        43        58         62       7100       5362 1662169438.000   1662169438.000    6.30000e+02       0.00      45.00   2.43500e+02   3.18500e+02     1222.5       19.3   6.05700e+01   3.05100e-01     0           1.22190e+02   4.22000e+00  
     2022         9         3         1        46        22         63       7100       5362 1662169582.000   1662169582.000    6.30000e+02      90.00      45.00   2.43500e+02   3.18500e+02     1216.1       30.9   9.34000e+01   5.70200e-01     0           5.66000e+01   3.06100e+00  
     2022         9         3         1        48        46         64       7100       5362 1662169726.000   1662169726.000    6.30000e+02     180.00      45.00   2.43500e+02   3.18500e+02     1240.8       37.4  -5.60400e+01   3.71200e-01     0           4.65700e+01   2.92500e+00  
     2022         9         3         1        51        10         65       7100       5362 1662169870.000   1662169870.000    6.30000e+02     -90.00      45.00   2.43500e+02   3.18500e+02     1275.7       22.7  -9.29800e+01   4.78500e-01     0           1.13650e+02   4.31100e+00  
     2022         9         3         1        54        10         66       7100       5362 1662170050.000   1662170050.000    6.30000e+02       0.00      90.00   2.43500e+02   3.18500e+02     1259.4       33.3           nan           nan     0           5.44800e+01   3.04700e+00  
     2022         9         3         1        56        34         67       7100       5362 1662170194.000   1662170194.000    6.30000e+02       0.00      45.00   2.43500e+02   3.18500e+02     1236.1       18.0   5.36500e+01   2.46800e-01     0           1.36880e+02   4.40700e+00  
     2022         9         3         1        58        58         68       7100       5362 1662170338.000   1662170338.000    6.30000e+02      90.00      45.00   2.55500e+02   3.30500e+02     1203.8       27.5   8.60800e+01   4.71600e-01     0           6.56100e+01   3.22200e+00  
     2022         9         3         2         1        22         69       7100       5362 1662170482.000   1662170482.000    6.30000e+02     180.00      45.00   2.55500e+02   3.30500e+02     1257.6       33.2  -3.44900e+01   2.02800e-01     0           5.49000e+01   3.06400e+00  
     2022         9         3         2         3        46         70       7100       5362 1662170626.000   1662170626.000    6.30000e+02     -90.00      45.00   2.55500e+02   3.30500e+02     1232.6       17.6  -8.52000e+01   3.69300e-01     0           1.51130e+02   4.71900e+00  
     2022         9         3         2         9        46         71       7100       5362 1662170986.000   1662170986.000    6.30000e+02       0.00      90.00   2.55500e+02   3.30500e+02     1246.1       28.1           nan           nan     0           6.71600e+01   3.25700e+00  
     2022         9         3         2        12        46         72       7100       5362 1662171166.000   1662171166.000    6.30000e+02       0.00      45.00   2.55500e+02   3.30500e+02     1236.7       17.9   3.08700e+01   1.26400e-01     0           1.38390e+02   4.41700e+00  
     2022         9         3         2        15        10         73       7100       5362 1662171310.000   1662171310.000    6.30000e+02      90.00      45.00   2.55500e+02   3.30500e+02     1222.7       24.0   8.61600e+01   3.96500e-01     0           8.13000e+01   3.47600e+00  
     2022         9         3         2        17        34         74       7100       5362 1662171454.000   1662171454.000    6.30000e+02     180.00      45.00   2.55500e+02   3.30500e+02     1227.3       28.5  -1.81600e+01   8.98000e-02     0           6.65300e+01   3.29600e+00  
     2022         9         3         2        19        58         75       7100       5362 1662171598.000   1662171598.000    6.30000e+02     -90.00      45.00   2.55500e+02   3.30500e+02     1226.9       13.4  -7.57000e+01   2.61300e-01     1           2.20870e+02   5.41500e+00  
     2022         9         3         2        22        22         76       7100       5362 1662171742.000   1662171742.000    6.30000e+02       0.00      90.00   2.55500e+02   3.30500e+02     1231.6       23.8           nan           nan     0           8.37800e+01   3.52700e+00  
     2022         9         3         2        24        46         77       7100       5362 1662171886.000   1662171886.000    6.30000e+02       0.00      45.00   2.55500e+02   3.30500e+02     1236.3       13.1   2.09000e+01   6.83000e-02     1           2.21790e+02   5.32900e+00  
     2022         9         3         2        27        46         78       7100       5362 1662172066.000   1662172066.000    6.30000e+02      90.00      45.00   2.55500e+02   3.30500e+02     1214.7       21.1   8.49000e+01   3.36500e-01     0           9.86300e+01   3.77200e+00  
     2022         9         3         2        30        10         79       7100       5362 1662172210.000   1662172210.000    6.30000e+02     180.00      45.00   2.55500e+02   3.30500e+02     1238.3       25.4  -3.27500e+01   1.39400e-01     0           7.75000e+01   3.44000e+00  
     2022         9         3         2        32        34         80       7100       5362 1662172354.000   1662172354.000    6.30000e+02     -90.00      45.00   2.55500e+02   3.30500e+02     1222.5       11.8  -7.26300e+01   2.12500e-01     1           2.66340e+02   5.82600e+00  
     2022         9         3         2        38        34         81       7100       5362 1662172714.000   1662172714.000    6.30000e+02       0.00      90.00   2.55500e+02   3.30500e+02     1229.0       18.4           nan           nan     0           1.19070e+02   3.99700e+00  
     2022         9         3         2        40        58         82       7100       5362 1662172858.000   1662172858.000    6.30000e+02       0.00      45.00   2.55500e+02   3.30500e+02     1236.0       10.5   8.95000e+00   2.27000e-02     1           3.14490e+02   6.16100e+00  
     2022         9         3         2        43        22         83       7100       5362 1662173002.000   1662173002.000    6.30000e+02      90.00      45.00   2.55500e+02   3.30500e+02     1232.4       18.1   7.10100e+01   2.25600e-01     0           1.26500e+02   4.15200e+00  
     2022         9         3         2        46        22         84       7100       5362 1662173182.000   1662173182.000    6.30000e+02     180.00      45.00   2.55500e+02   3.30500e+02     1232.7       21.3  -1.89800e+01   6.46000e-02     0           9.82700e+01   3.74200e+00  
     2022         9         3         2        48        46         85       7100       5362 1662173326.000   1662173326.000    6.30000e+02     -90.00      45.00   2.55500e+02   3.30500e+02     1221.9       10.1  -6.28600e+01   1.44900e-01     1           3.41190e+02   6.48300e+00  
     2022         9         3         2        51        10         86       7100       5362 1662173470.000   1662173470.000    6.30000e+02       0.00      90.00   2.55500e+02   3.30500e+02     1238.9       14.8           nan           nan     0           1.70140e+02   4.64300e+00  
     2022         9         3         2        55        58         87       7100       5362 1662173758.000   1662173758.000    6.30000e+02      90.00      45.00   2.55500e+02   3.30500e+02     1228.7       15.0   6.34900e+01   1.65200e-01     0           1.69010e+02   4.67200e+00  
     2022         9         3         2        58        22         88       7100       5362 1662173902.000   1662173902.000    6.30000e+02     180.00      45.00   2.55500e+02   3.30500e+02     1241.9       18.6  -2.33800e+01   6.76000e-02     0           1.22500e+02   4.09400e+00  
     2022         9         3         3         0        46         89       7100       5362 1662174046.000   1662174046.000    6.30000e+02     -90.00      45.00   2.67500e+02   3.42500e+02     1226.8        9.4  -5.84500e+01   1.17700e-01     1           3.76850e+02   6.72900e+00  
     2022         9         3         3         7        22         90       7100       5362 1662174442.000   1662174442.000    6.30000e+02       0.00      90.00   2.67500e+02   3.42500e+02     1239.0       11.9           nan           nan     1           2.45330e+02   5.44000e+00  
     2022         9         3         3        12        10         91       7100       5362 1662174730.000   1662174730.000    6.30000e+02      90.00      45.00   2.67500e+02   3.42500e+02     1231.5       13.3   4.61100e+01   1.02100e-01     1           2.01950e+02   4.99300e+00  
     2022         9         3         3        14        34         92       7100       5362 1662174874.000   1662174874.000    6.30000e+02     180.00      45.00   2.67500e+02   3.42500e+02     1253.0       17.2  -1.47100e+01   3.74000e-02     0           1.39490e+02   4.30100e+00  
     2022         9         3         3        16        58         93       7100       5362 1662175018.000   1662175018.000    6.30000e+02     -90.00      45.00   2.67500e+02   3.42500e+02     1251.0        9.7  -4.66300e+01   8.57000e-02     1           3.74380e+02   6.71500e+00  
     2022         9         3         3        19        58         94       7100       5362 1662175198.000   1662175198.000    6.30000e+02       0.00      90.00   2.67500e+02   3.42500e+02     1234.3       10.7           nan           nan     1           2.93400e+02   5.91400e+00  
     2022         9         3         3        24        46         95       7100       5362 1662175486.000   1662175486.000    6.30000e+02      90.00      45.00   2.67500e+02   3.42500e+02     1246.0       13.3   5.03000e+01   1.09000e-01     0           2.06050e+02   5.06000e+00  
     2022         9         3         3        27        10         96       7100       5362 1662175630.000   1662175630.000    6.30000e+02     180.00      45.00   2.67500e+02   3.42500e+02     1232.5       15.8  -8.47000e+00   2.04000e-02     0           1.52690e+02   4.43700e+00  
     2022         9         3         3        29        34         97       7100       5362 1662175774.000   1662175774.000    6.30000e+02     -90.00      45.00   2.67500e+02   3.42500e+02     1247.5       10.2  -3.85800e+01   7.34000e-02     1           3.38890e+02   6.42000e+00  
     2022         9         3         3        35        34         98       7100       5362 1662176134.000   1662176134.000    6.30000e+02       0.00      90.00   2.67500e+02   3.42500e+02     1244.3       11.2           nan           nan     1           2.72700e+02   5.70200e+00  
     2022         9         3         3        40        58         99       7100       5362 1662176458.000   1662176458.000    6.30000e+02      90.00      45.00   2.67500e+02   3.42500e+02     1247.6       13.8   4.14200e+01   9.25000e-02     0           1.97750e+02   4.99500e+00  
     2022         9         3         3        43        22        100       7100       5362 1662176602.000   1662176602.000    6.30000e+02     180.00      45.00   2.67500e+02   3.42500e+02     1246.3       15.9  -2.42000e+01   5.85000e-02     0           1.58090e+02   4.54700e+00  
     2022         9         3         3        45        46        101       7100       5362 1662176746.000   1662176746.000    6.30000e+02     -90.00      45.00   2.67500e+02   3.42500e+02     1252.3       10.4  -4.52500e+01   8.64000e-02     1           3.32200e+02   6.37400e+00  
     2022         9         3         3        48        10        102       7100       5362 1662176890.000   1662176890.000    6.30000e+02       0.00      90.00   2.67500e+02   3.42500e+02     1253.4       10.9           nan           nan     1           2.88940e+02   5.85700e+00  
     2022         9         3         3        50        34        103       7100       5362 1662177034.000   1662177034.000    6.30000e+02       0.00      45.00   2.67500e+02   3.42500e+02     1254.8        8.6   1.81900e+01   3.17000e-02     1           4.57680e+02   7.31400e+00  
     2022         9         3         3        52        58        104       7100       5362 1662177178.000   1662177178.000    6.30000e+02      90.00      45.00   2.67500e+02   3.42500e+02     1257.1       13.1   3.48900e+01   7.48000e-02     1           2.13880e+02   5.12900e+00  
     2022         9         3         3        55        58        105       7100       5362 1662177358.000   1662177358.000    6.30000e+02     180.00      45.00   2.67500e+02   3.42500e+02     1245.5       15.8  -1.40100e+01   3.38000e-02     0           1.61430e+02   4.61100e+00  
     2022         9         3         3        58        22        106       7100       5362 1662177502.000   1662177502.000    6.30000e+02     -90.00      45.00   2.67500e+02   3.42500e+02     1251.2       10.2  -3.54800e+01   6.73000e-02     1           3.42340e+02   6.45800e+00  
     2022         9         3         4         4        22        107       7100       5362 1662177862.000   1662177862.000    6.30000e+02       0.00      90.00   2.86500e+02   3.61500e+02     1255.6       11.0           nan           nan     1           2.87860e+02   5.84700e+00  
     2022         9         3         4         9        10        108       7100       5362 1662178150.000   1662178150.000    6.30000e+02      90.00      45.00   2.86500e+02   3.61500e+02     1237.5       11.8   4.05700e+01   8.27000e-02     1           2.48540e+02   5.49100e+00  
     2022         9         3         4        11        34        109       7100       5362 1662178294.000   1662178294.000    6.30000e+02     180.00      45.00   2.86500e+02   3.61500e+02     1241.4       14.6  -1.67400e+01   3.81000e-02     1           1.76010e+02   4.72200e+00  
     2022         9         3         4        14        34        110       7100       5362 1662178474.000   1662178474.000    6.30000e+02     -90.00      45.00   2.86500e+02   3.61500e+02     1259.8        9.8  -3.54900e+01   6.48000e-02     1           3.73810e+02   6.71400e+00  
     2022         9         3         4        16        58        111       7100       5362 1662178618.000   1662178618.000    6.30000e+02       0.00      90.00   2.86500e+02   3.61500e+02     1250.3       10.5           nan           nan     1           3.09760e+02   6.07200e+00  
     2022         9         3         4        21        46        112       7100       5362 1662178906.000   1662178906.000    6.30000e+02      90.00      45.00   2.86500e+02   3.61500e+02     1245.9       10.7   3.41700e+01   6.45000e-02     1           2.97180e+02   5.94600e+00  
     2022         9         3         4        24        10        113       7100       5362 1662179050.000   1662179050.000    6.30000e+02     180.00      45.00   2.86500e+02   3.61500e+02     1254.0       13.4   2.07900e+01   4.41000e-02     0           2.07840e+02   5.07900e+00  
     2022         9         3         4        26        34        114       7100       5362 1662179194.000   1662179194.000    6.30000e+02     -90.00      45.00   2.86500e+02   3.61500e+02     1252.1        9.0  -2.30900e+01   3.97000e-02     1           4.26710e+02   7.14400e+00  
     2022         9         3         4        33        10        115       7100       5362 1662179590.000   1662179590.000    6.30000e+02       0.00      90.00   2.86500e+02   3.61500e+02     1250.6        9.8           nan           nan     1           3.45060e+02   6.34600e+00  
     2022         9         3         4        37        58        116       7100       5362 1662179878.000   1662179878.000    6.30000e+02      90.00      45.00   2.86500e+02   3.61500e+02     1244.7        9.7   2.96800e+01   5.19000e-02     1           3.49090e+02   6.38200e+00  
     2022         9         3         4        40        22        117       7100       5362 1662180022.000   1662180022.000    6.30000e+02     180.00      45.00   2.86500e+02   3.61500e+02     1244.4       11.7   2.66700e+01   5.14000e-02     1           2.56380e+02   5.58200e+00  
     2022         9         3         4        42        46        118       7100       5362 1662180166.000   1662180166.000    6.30000e+02     -90.00      45.00   2.86500e+02   3.61500e+02     1240.0        8.6  -3.00100e+01   4.92000e-02     1           4.54250e+02   7.31400e+00  
     2022         9         3         4        45        10        119       7100       5362 1662180310.000   1662180310.000    6.30000e+02       0.00      90.00   2.86500e+02   3.61500e+02     1241.9        9.5           nan           nan     1           3.62170e+02   6.48200e+00  
     2022         9         3         4        50        34        120       7100       5362 1662180634.000   1662180634.000    6.30000e+02      90.00      45.00   2.86500e+02   3.61500e+02     1235.2        9.7   2.77700e+01   4.89000e-02     1           3.49580e+02   6.39500e+00  
     2022         9         3         4        52        58        121       7100       5362 1662180778.000   1662180778.000    6.30000e+02     180.00      45.00   2.86500e+02   3.61500e+02     1234.7       11.0   3.41800e+01   6.50000e-02     1           2.81390e+02   5.81300e+00  
     2022         9         3         5         1        22        122       7100       5362 1662181282.000   1662181282.000    6.30000e+02       0.00      90.00   2.89500e+02   3.64500e+02     1243.7       10.6           nan           nan     1           3.04370e+02   6.02900e+00  
     2022         9         3         5         3        46        123       7100       5362 1662181426.000   1662181426.000    6.30000e+02       0.00      45.00   2.89500e+02   3.64500e+02     1243.2        9.2  -4.07100e+01   7.39000e-02     1           3.95690e+02   6.82100e+00  
     2022         9         3         5         6        10        124       7100       5362 1662181570.000   1662181570.000    6.30000e+02      90.00      45.00   2.89500e+02   3.64500e+02     1246.0       10.9   2.78200e+01   5.53000e-02     1           2.86500e+02   5.82000e+00  
     2022         9         3         5         9        10        125       7100       5362 1662181750.000   1662181750.000    6.30000e+02     180.00      45.00   2.89500e+02   3.64500e+02     1236.5       11.7   4.88700e+01   1.02600e-01     1           2.53650e+02   5.54200e+00  
     2022         9         3         5        11        34        126       7100       5362 1662181894.000   1662181894.000    6.30000e+02     -90.00      45.00   2.89500e+02   3.64500e+02     1256.5        9.5  -2.55500e+01   4.87000e-02     1           3.88780e+02   6.83000e+00  
     2022         9         3         5        13        58        127       7100       5362 1662182038.000   1662182038.000    6.30000e+02       0.00      90.00   2.89500e+02   3.64500e+02     1235.3       11.9           nan           nan     0           2.45230e+02   5.45100e+00  
     2022         9         3         5        16        22        128       7100       5362 1662182182.000   1662182182.000    6.30000e+02       0.00      45.00   2.89500e+02   3.64500e+02     1246.8       10.7  -3.34600e+01   7.02000e-02     1           3.04280e+02   6.05300e+00  
     2022         9         3         5        18        46        129       7100       5362 1662182326.000   1662182326.000    6.30000e+02      90.00      45.00   2.89500e+02   3.64500e+02     1233.0       12.3   3.14300e+01   7.21000e-02     0           2.32000e+02   5.32000e+00  
     2022         9         3         5        21        10        130       7100       5362 1662182470.000   1662182470.000    6.30000e+02     180.00      45.00   2.89500e+02   3.64500e+02     1230.1       11.8   4.66900e+01   1.07800e-01     0           2.46550e+02   5.46400e+00  
     2022         9         3         5        24        10        131       7100       5362 1662182650.000   1662182650.000    6.30000e+02     -90.00      45.00   2.89500e+02   3.64500e+02     1240.3       10.5  -2.81900e+01   6.29000e-02     1           3.16530e+02   6.21100e+00  
     2022         9         3         5        30        10        132       7100       5362 1662183010.000   1662183010.000    6.30000e+02       0.00      90.00   2.89500e+02   3.64500e+02     1235.4       15.2           nan           nan     0           1.64140e+02   4.58400e+00  
     2022         9         3         5        32        34        133       7100       5362 1662183154.000   1662183154.000    6.30000e+02       0.00      45.00   2.89500e+02   3.64500e+02     1235.4       14.6  -6.18400e+01   1.74100e-01     0           1.80420e+02   4.82200e+00  
     2022         9         3         5        34        58        134       7100       5362 1662183298.000   1662183298.000    6.30000e+02      90.00      45.00   2.89500e+02   3.64500e+02     1230.1       16.0   1.84900e+01   5.63000e-02     0           1.51720e+02   4.45300e+00  
     2022         9         3         5        37        22        135       7100       5362 1662183442.000   1662183442.000    6.30000e+02     180.00      45.00   2.89500e+02   3.64500e+02     1214.2       14.4   5.82900e+01   1.73900e-01     0           1.74580e+02   4.70800e+00  
     2022         9         3         5        39        46        136       7100       5362 1662183586.000   1662183586.000    6.30000e+02     -90.00      45.00   2.89500e+02   3.64500e+02     1241.0       13.5  -2.74500e+01   8.19000e-02     0           2.15270e+02   5.29300e+00  
     2022         9         3         5        42        10        137       7100       5362 1662183730.000   1662183730.000    6.30000e+02       0.00      90.00   2.89500e+02   3.64500e+02     1224.9       19.7           nan           nan     0           1.09650e+02   3.90700e+00  
     2022         9         3         5        45        10        138       7100       5362 1662183910.000   1662183910.000    6.30000e+02       0.00      45.00   2.89500e+02   3.64500e+02     1232.1       19.2  -4.62900e+01   1.70800e-01     0           1.17900e+02   4.07400e+00  
     2022         9         3         5        47        34        139       7100       5362 1662184054.000   1662184054.000    6.30000e+02      90.00      45.00   2.89500e+02   3.64500e+02     1223.8       20.5   2.77200e+01   1.06900e-01     0           9.84400e+01   3.66800e+00  
     2022         9         3         5        49        58        140       7100       5362 1662184198.000   1662184198.000    6.30000e+02     180.00      45.00   2.89500e+02   3.64500e+02     1214.1       17.0   6.73400e+01   2.42800e-01     0           1.32900e+02   4.18300e+00  
     2022         9         3         5        52        22        141       7100       5362 1662184342.000   1662184342.000    6.30000e+02     -90.00      45.00   2.89500e+02   3.64500e+02     1227.4       16.1  -1.47100e+01   5.27000e-02     0           1.59990e+02   4.67100e+00  
     2022         9         3         5        58        22        142       7100       5362 1662184702.000   1662184702.000    6.30000e+02       0.00      90.00   2.89500e+02   3.64500e+02     1207.7       24.1           nan           nan     0           7.71900e+01   3.36800e+00  
     2022         9         3         6         1        22        143       7100       5362 1662184882.000   1662184882.000    6.30000e+02       0.00      45.00   2.91500e+02   3.66500e+02     1204.7       24.2  -2.73400e+01   1.28200e-01     0           8.22100e+01   3.57000e+00  
     2022         9         3         6         3        46        144       7100       5362 1662185026.000   1662185026.000    6.30000e+02      90.00      45.00   2.91500e+02   3.66500e+02     1181.5       25.8   2.79000e+01   1.37300e-01     0           6.90100e+01   3.26200e+00  
     2022         9         3         6         6        10        145       7100       5362 1662185170.000   1662185170.000    6.30000e+02     180.00      45.00   2.91500e+02   3.66500e+02     1194.7       23.2   5.85000e+01   2.78800e-01     0           8.17600e+01   3.46800e+00  
     2022         9         3         6         8        34        146       7100       5362 1662185314.000   1662185314.000    6.30000e+02     -90.00      45.00   2.91500e+02   3.66500e+02     1196.4       20.1  -2.48400e+01   1.13300e-01     0           1.09970e+02   4.04000e+00  
     2022         9         3         6        10        58        147       7100       5362 1662185458.000   1662185458.000    6.30000e+02       0.00      90.00   2.91500e+02   3.66500e+02     1188.5       27.9           nan           nan     0           6.03000e+01   3.06200e+00  
     2022         9         3         6        13        22        148       7100       5362 1662185602.000   1662185602.000    6.30000e+02       0.00      45.00   2.91500e+02   3.66500e+02     1201.2       25.8  -5.94700e+01   3.14500e-01     0           7.19800e+01   3.34200e+00  
     2022         9         3         6        15        46        149       7100       5362 1662185746.000   1662185746.000    6.30000e+02      90.00      45.00   2.91500e+02   3.66500e+02     1186.5       29.9   2.53400e+01   1.49600e-01     0           5.53900e+01   2.98900e+00  
     2022         9         3         6        18        46        150       7100       5362 1662185926.000   1662185926.000    6.30000e+02     180.00      45.00   2.91500e+02   3.66500e+02     1166.6       27.8   5.96100e+01   3.45900e-01     0           6.11500e+01   3.12900e+00  
     2022         9         3         6        21        10        151       7100       5362 1662186070.000   1662186070.000    6.30000e+02     -90.00      45.00   2.91500e+02   3.66500e+02     1221.5       25.8  -1.82100e+01   1.03300e-01     0           8.02400e+01   3.61700e+00  
     2022         9         3         6        27        10        152       7100       5362 1662186430.000   1662186430.000    6.30000e+02       0.00      90.00   2.91500e+02   3.66500e+02     1142.2       34.8           nan           nan     0           4.29000e+01   2.75500e+00  
     2022         9         3         6        29        34        153       7100       5362 1662186574.000   1662186574.000    6.30000e+02       0.00      45.00   2.91500e+02   3.66500e+02     1200.6       32.0  -2.21000e+01   1.48500e-01     0           5.44900e+01   3.06800e+00  
     2022         9         3         6        31        58        154       7100       5362 1662186718.000   1662186718.000    6.30000e+02      90.00      45.00   2.91500e+02   3.66500e+02     1169.2       36.0   3.32800e+01   2.42200e-01     0           4.24200e+01   2.74800e+00  
     2022         9         3         6        34        22        155       7100       5362 1662186862.000   1662186862.000    6.30000e+02     180.00      45.00   2.91500e+02   3.66500e+02     1157.9       33.0   7.37500e+01   5.27000e-01     0           4.64100e+01   2.80800e+00  
     2022         9         3         6        37        22        156       7100       5362 1662187042.000   1662187042.000    6.30000e+02     -90.00      45.00   2.91500e+02   3.66500e+02     1169.4       29.9  -8.91000e+00   6.20000e-02     0           6.00500e+01   3.24300e+00  
     2022         9         3         6        39        46        157       7100       5362 1662187186.000   1662187186.000    6.30000e+02       0.00      90.00   2.91500e+02   3.66500e+02     1176.0       40.5           nan           nan     0           3.52500e+01   2.53700e+00  
     2022         9         3         6        42        10        158       7100       5362 1662187330.000   1662187330.000    6.30000e+02       0.00      45.00   2.91500e+02   3.66500e+02     1158.0       35.3  -3.49600e+01   2.68400e-01     0           4.42600e+01   2.83000e+00  
     2022         9         3         6        44        34        159       7100       5362 1662187474.000   1662187474.000    6.30000e+02      90.00      45.00   2.91500e+02   3.66500e+02     1178.6       39.8   1.95400e+01   1.57500e-01     0           3.70400e+01   2.61300e+00  
     2022         9         3         6        46        58        160       7100       5362 1662187618.000   1662187618.000    6.30000e+02     180.00      45.00   2.91500e+02   3.66500e+02     1143.9       36.7   4.96400e+01   3.91600e-01     0           3.94000e+01   2.65400e+00  
     2022         9         3         6        49        22        161       7100       5362 1662187762.000   1662187762.000    6.30000e+02     -90.00      45.00   2.91500e+02   3.66500e+02     1167.6       31.6  -2.24300e+01   1.64800e-01     0           5.68000e+01   3.22000e+00  
     2022         9         3         6        55        58        162       7100       5362 1662188158.000   1662188158.000    6.30000e+02       0.00      90.00   2.91500e+02   3.66500e+02     1180.2       42.9           nan           nan     0           3.26700e+01   2.47500e+00  
     2022         9         3         6        58        22        163       7100       5362 1662188302.000   1662188302.000    6.30000e+02       0.00      45.00   2.91500e+02   3.66500e+02     1204.3       38.3  -2.58200e+01   2.09800e-01     0           4.29300e+01   2.83900e+00  
     2022         9         3         7         0        46        164       7100       5362 1662188446.000   1662188446.000    6.30000e+02      90.00      45.00   2.59500e+02   3.34500e+02     1126.9       42.9   4.40300e+01   3.91600e-01     0           3.11100e+01   2.45300e+00  
     2022         9         3         7         3        10        165       7100       5362 1662188590.000   1662188590.000    6.30000e+02     180.00      45.00   2.59500e+02   3.34500e+02     1159.4       42.2   3.71200e+01   3.27100e-01     0           3.33000e+01   2.51700e+00  
     2022         9         3         7         5        34        166       7100       5362 1662188734.000   1662188734.000    6.30000e+02     -90.00      45.00   2.59500e+02   3.34500e+02     1167.4       31.4  -2.60600e+01   2.05200e-01     0           5.56800e+01   3.14700e+00  
     2022         9         3         7         7        58        167       7100       5362 1662188878.000   1662188878.000    6.30000e+02       0.00      90.00   2.59500e+02   3.34500e+02     1185.8       47.2           nan           nan     0           2.95400e+01   2.42500e+00  
     2022         9         3         7        10        58        168       7100       5362 1662189058.000   1662189058.000    6.30000e+02       0.00      45.00   2.59500e+02   3.34500e+02     1163.2       42.8   3.28800e+01   3.06100e-01     0           3.55100e+01   2.68400e+00  
     2022         9         3         7        13        22        169       7100       5362 1662189202.000   1662189202.000    6.30000e+02      90.00      45.00   2.59500e+02   3.34500e+02     1150.3       49.6   2.91900e+01   3.01700e-01     0           2.66900e+01   2.35700e+00  
     2022         9         3         7        15        46        170       7100       5362 1662189346.000   1662189346.000    6.30000e+02     180.00      45.00   2.59500e+02   3.34500e+02     1144.7       50.7  -1.97400e+01   2.11600e-01     0           2.58000e+01   2.33600e+00  
     2022         9         3         7        18        10        171       7100       5362 1662189490.000   1662189490.000    6.30000e+02     -90.00      45.00   2.59500e+02   3.34500e+02     1200.4       38.2   3.30000e-01   3.10000e-03     0           4.55900e+01   2.99600e+00  
     2022         9         3         7        24        10        172       7100       5362 1662189850.000   1662189850.000    6.30000e+02       0.00      90.00   2.59500e+02   3.34500e+02     1243.6       63.0           nan           nan     0           2.15000e+01   2.20100e+00  
     2022         9         3         7        26        34        173       7100       5362 1662189994.000   1662189994.000    6.30000e+02       0.00      45.00   2.59500e+02   3.34500e+02     1261.6       61.6   3.06500e+01   3.94200e-01     1           2.49800e+01   2.44500e+00  
     2022         9         3         7        29        34        174       7100       5362 1662190174.000   1662190174.000    6.30000e+02      90.00      45.00   2.59500e+02   3.34500e+02     1190.3       67.4   2.82600e+01   3.95500e-01     1           1.90500e+01   2.16000e+00  
     2022         9         3         7        31        58        175       7100       5362 1662190318.000   1662190318.000    6.30000e+02     180.00      45.00   2.59500e+02   3.34500e+02     1310.1       80.2  -5.51200e+01   8.30500e-01     1           1.84000e+01   2.22500e+00  
     2022         9         3         7        34        22        176       7100       5362 1662190462.000   1662190462.000    6.30000e+02     -90.00      45.00   2.59500e+02   3.34500e+02     1220.9       56.8  -3.19000e+00   4.39000e-02     1           2.78200e+01   2.59400e+00  
     2022         9         3         7        36        46        177       7100       5362 1662190606.000   1662190606.000    6.30000e+02       0.00      90.00   2.59500e+02   3.34500e+02     1204.1       80.2           nan           nan     1           1.50100e+01   1.98600e+00  
     2022         9         3         7        39        10        178       7100       5362 1662190750.000   1662190750.000    6.30000e+02       0.00      45.00   2.59500e+02   3.34500e+02     1297.2       77.9   7.12700e+01   1.16570e+00     1           1.97700e+01   2.34100e+00  
     2022         9         3         7        41        34        179       7100       5362 1662190894.000   1662190894.000    6.30000e+02      90.00      45.00   2.59500e+02   3.34500e+02     1233.1       80.7   6.17300e+01   1.03500e+00     1           1.69000e+01   2.18000e+00  
     2022         9         3         7        44        34        180       7100       5362 1662191074.000   1662191074.000    6.30000e+02     180.00      45.00   2.59500e+02   3.34500e+02     1278.6       88.4  -5.58100e+01   9.82000e-01     1           1.52100e+01   2.06900e+00  
     2022         9         3         7        46        58        181       7100       5362 1662191218.000   1662191218.000    6.30000e+02     -90.00      45.00   2.59500e+02   3.34500e+02     1243.2       68.8  -4.99800e+01   8.03000e-01     1           2.21600e+01   2.43100e+00  
     2022         9         3         7        52        58        182       7100       5362 1662191578.000   1662191578.000    6.30000e+02       0.00      90.00   2.59500e+02   3.34500e+02     1191.9       89.1           nan           nan     2           1.34300e+01   1.97500e+00  
     2022         9         3         7        55        22        183       7100       5362 1662191722.000   1662191722.000    6.30000e+02       0.00      45.00   2.59500e+02   3.34500e+02     1271.3       71.5   6.60500e+01   1.07680e+00     1           2.06200e+01   2.30500e+00  
     2022         9         3         7        57        46        184       7100       5362 1662191866.000   1662191866.000    6.30000e+02      90.00      45.00   2.59500e+02   3.34500e+02     1209.2       54.3   6.86500e+01   9.55100e-01     0           2.66300e+01   2.42700e+00  
     2022         9         3         8         0        10        185       7100       5362 1662192010.000   1662192010.000    6.30000e+02     180.00      45.00   2.45500e+02   3.20500e+02     1279.1       68.5  -3.57700e+01   5.17400e-01     1           2.07000e+01   2.22100e+00  
     2022         9         3         8         2        34        186       7100       5362 1662192154.000   1662192154.000    6.30000e+02     -90.00      45.00   2.45500e+02   3.20500e+02     1301.8       64.4  -4.86000e+00   6.71000e-02     1           2.61500e+01   2.57400e+00  
     2022         9         3         8         5        34        187       7100       5362 1662192334.000   1662192334.000    6.30000e+02       0.00      90.00   2.45500e+02   3.20500e+02     1256.7       69.0           nan           nan     1           2.07000e+01   2.26800e+00  
     2022         9         3         8         7        58        188       7100       5362 1662192478.000   1662192478.000    6.30000e+02       0.00      45.00   2.45500e+02   3.20500e+02     1256.6       49.7   6.52000e+01   7.43500e-01     0           3.48600e+01   2.78800e+00  
     2022         9         3         8        10        22        189       7100       5362 1662192622.000   1662192622.000    6.30000e+02      90.00      45.00   2.45500e+02   3.20500e+02     1198.0       30.0   7.75100e+01   7.08400e-01     0           6.83900e+01   3.56600e+00  
     2022         9         3         8        12        46        190       7100       5362 1662192766.000   1662192766.000    6.30000e+02     180.00      45.00   2.45500e+02   3.20500e+02     1199.9       43.9   5.23800e+01   5.34800e-01     0           4.13600e+01   3.05900e+00  
     2022         9         3         8        15        10        191       7100       5362 1662192910.000   1662192910.000    6.30000e+02     -90.00      45.00   2.45500e+02   3.20500e+02     1290.3       51.0  -4.41800e+01   4.61500e-01     1           4.19800e+01   3.29600e+00  
     2022         9         3         8        21        10        192       7100       5362 1662193270.000   1662193270.000    6.30000e+02       0.00      90.00   2.45500e+02   3.20500e+02     1228.7       40.2           nan           nan     2           6.83700e+01   4.39700e+00  
     2022         9         3         8        24        10        193       7100       5362 1662193450.000   1662193450.000    6.30000e+02       0.00      45.00   2.45500e+02   3.20500e+02     1285.8       32.1   4.34300e+01   3.27100e-01     2           1.37120e+02   6.64900e+00  
