   YEAR     MONTH      DAY       HOUR      MIN       SEC       RECNO     KINDAT      KINST       UT1_UNIX        UT2_UNIX        WAVLEN        AZM        ELM         ALTB          ALTE         TN         DTN        VNHLU         DVNHLU     FPI_DATAQUAL      RLE           DRLE     
     2022         9         6        23        37        22          0       7100       5362 1662507442.000   1662507442.000    6.30000e+02      90.00      45.00   2.26500e+02   3.01500e+02     1341.5       24.8   8.20100e+01   5.73800e-01     2           1.83960e+02   6.76000e+00  
     2022         9         6        23        39        46          1       7100       5362 1662507586.000   1662507586.000    6.30000e+02     180.00      45.00   2.26500e+02   3.01500e+02     1316.8       26.2   3.10300e+01   2.22700e-01     2           1.78030e+02   6.97400e+00  
     2022         9         6        23        50        34          2       7100       5362 1662508234.000   1662508234.000    6.30000e+02       0.00      45.00   2.26500e+02   3.01500e+02     1375.9       27.9  -5.70000e-01   4.20000e-03     2           1.95430e+02   7.71400e+00  
     2022         9         6        23        53        34          3       7100       5362 1662508414.000   1662508414.000    6.30000e+02      90.00      45.00   2.26500e+02   3.01500e+02     1353.0       31.6   6.19200e+01   4.76000e-01     2           1.49000e+02   6.76700e+00  
     2022         9         6        23        55        58          4       7100       5362 1662508558.000   1662508558.000    6.30000e+02     180.00      45.00   2.26500e+02   3.01500e+02     1353.7       30.5   2.07500e+01   1.56300e-01     2           1.43300e+02   6.33600e+00  
     2022         9         7         0         3        10          5       7100       5362 1662508990.000   1662508990.000    6.30000e+02       0.00      45.00   2.34500e+02   3.09500e+02     1374.5       28.2   9.00000e-02   7.00000e-04     2           1.85140e+02   7.40900e+00  
     2022         9         7         0         5        34          6       7100       5362 1662509134.000   1662509134.000    6.30000e+02      90.00      45.00   2.34500e+02   3.09500e+02     1430.0       40.6   3.18300e+01   2.68700e-01     2           1.34510e+02   7.26400e+00  
     2022         9         7         0         8        34          7       7100       5362 1662509314.000   1662509314.000    6.30000e+02     180.00      45.00   2.34500e+02   3.09500e+02     1407.6       37.8   2.95400e+01   2.42700e-01     2           1.26210e+02   6.53100e+00  
     2022         9         7         0        10        58          8       7100       5362 1662509458.000   1662509458.000    6.30000e+02     -90.00      45.00   2.34500e+02   3.09500e+02     1505.0       41.9  -5.35400e+01   4.50700e-01     2           1.47080e+02   7.76400e+00  
     2022         9         7         0        19        22          9       7100       5362 1662509962.000   1662509962.000    6.30000e+02       0.00      45.00   2.34500e+02   3.09500e+02     1570.5       52.1  -2.98900e+01   2.78900e-01     2           1.18990e+02   7.42100e+00  
     2022         9         7         0        21        46         10       7100       5362 1662510106.000   1662510106.000    6.30000e+02      90.00      45.00   2.34500e+02   3.09500e+02     1642.4       56.6   2.04300e+01   1.94100e-01     2           1.09540e+02   7.08200e+00  
     2022         9         7         0        24        46         11       7100       5362 1662510286.000   1662510286.000    6.30000e+02     180.00      45.00   2.34500e+02   3.09500e+02     1519.2       51.7   2.46800e+01   2.31500e-01     2           1.09740e+02   7.03700e+00  
     2022         9         7         0        31        58         12       7100       5362 1662510718.000   1662510718.000    6.30000e+02       0.00      45.00   2.34500e+02   3.09500e+02     1544.6       50.3  -3.65500e+01   3.34800e-01     2           1.18720e+02   7.28500e+00  
     2022         9         7         0        34        22         13       7100       5362 1662510862.000   1662510862.000    6.30000e+02      90.00      45.00   2.34500e+02   3.09500e+02     1620.9       61.4   1.46200e+01   1.47800e-01     2           9.74200e+01   6.89900e+00  
     2022         9         7         0        48        10         14       7100       5362 1662511690.000   1662511690.000    6.30000e+02       0.00      45.00   2.34500e+02   3.09500e+02     1296.8       24.2   6.15800e+01   4.28100e-01     1           1.42820e+02   5.43800e+00  
     2022         9         7         0        50        34         15       7100       5362 1662511834.000   1662511834.000    6.30000e+02      90.00      45.00   2.34500e+02   3.09500e+02     1477.5       48.3   5.34300e+01   4.86600e-01     2           1.03890e+02   6.45400e+00  
     2022         9         7         0        55        22         16       7100       5362 1662512122.000   1662512122.000    6.30000e+02     -90.00      45.00   2.34500e+02   3.09500e+02     1559.3       50.3  -3.14600e+01   2.89100e-01     2           1.29510e+02   7.83300e+00  
     2022         9         7         1         0        46         17       7100       5362 1662512446.000   1662512446.000    6.30000e+02       0.00      45.00   2.41500e+02   3.16500e+02     1369.8       32.9   4.59800e+01   3.57600e-01     2           1.27920e+02   6.02000e+00  
     2022         9         7         1         3        10         18       7100       5362 1662512590.000   1662512590.000    6.30000e+02      90.00      45.00   2.41500e+02   3.16500e+02     1281.4       29.1   9.70800e+01   7.30300e-01     1           1.17190e+02   5.32200e+00  
     2022         9         7         1         7        58         19       7100       5362 1662512878.000   1662512878.000    6.30000e+02     -90.00      45.00   2.41500e+02   3.16500e+02     1547.2       50.3  -3.93000e+01   3.61100e-01     2           1.31240e+02   8.00500e+00  
     2022         9         7         1        16        22         20       7100       5362 1662513382.000   1662513382.000    6.30000e+02       0.00      45.00   2.41500e+02   3.16500e+02     1362.5       35.2   3.63500e+01   2.90500e-01     2           1.18500e+02   5.96700e+00  
     2022         9         7         1        19        22         21       7100       5362 1662513562.000   1662513562.000    6.30000e+02      90.00      45.00   2.41500e+02   3.16500e+02     1324.5       36.5   7.60500e+01   6.21100e-01     2           1.00410e+02   5.40800e+00  
     2022         9         7         1        21        46         22       7100       5362 1662513706.000   1662513706.000    6.30000e+02     180.00      45.00   2.41500e+02   3.16500e+02     1326.9       37.8  -3.77000e+00   3.16000e-02     2           1.09810e+02   6.04000e+00  
     2022         9         7         1        24        10         23       7100       5362 1662513850.000   1662513850.000    6.30000e+02     -90.00      45.00   2.41500e+02   3.16500e+02     1505.4       51.7  -7.45100e+01   7.00700e-01     2           1.13840e+02   7.34400e+00  
     2022         9         7         1        28        58         24       7100       5362 1662514138.000   1662514138.000    6.30000e+02       0.00      45.00   2.41500e+02   3.16500e+02     1379.9       41.8   3.29700e+01   2.86400e-01     2           1.06270e+02   6.17600e+00  
     2022         9         7         1        31        22         25       7100       5362 1662514282.000   1662514282.000    6.30000e+02      90.00      45.00   2.41500e+02   3.16500e+02     1267.8       34.8   8.80400e+01   7.13000e-01     1           9.34800e+01   5.05400e+00  
     2022         9         7         1        33        46         26       7100       5362 1662514426.000   1662514426.000    6.30000e+02     180.00      45.00   2.41500e+02   3.16500e+02     1332.0       38.4   4.64900e+01   3.92300e-01     2           1.10500e+02   6.13700e+00  
     2022         9         7         1        45        10         27       7100       5362 1662515110.000   1662515110.000    6.30000e+02       0.00      45.00   2.41500e+02   3.16500e+02     1374.4       41.7   2.79600e+01   2.41700e-01     2           1.05820e+02   6.15700e+00  
     2022         9         7         1        47        34         28       7100       5362 1662515254.000   1662515254.000    6.30000e+02      90.00      45.00   2.41500e+02   3.16500e+02     1279.8       33.9   9.05500e+01   7.23200e-01     1           9.50300e+01   4.99000e+00  
     2022         9         7         1        49        58         29       7100       5362 1662515398.000   1662515398.000    6.30000e+02     180.00      45.00   2.41500e+02   3.16500e+02     1469.9       52.1   2.19500e+01   2.09600e-01     2           1.01220e+02   6.76700e+00  
     2022         9         7         1        57        46         30       7100       5362 1662515866.000   1662515866.000    6.30000e+02       0.00      45.00   2.41500e+02   3.16500e+02     1301.9       30.2   3.92200e+01   2.98100e-01     1           1.21650e+02   5.58900e+00  
     2022         9         7         2         0        10         31       7100       5362 1662516010.000   1662516010.000    6.30000e+02      90.00      45.00   2.52500e+02   3.27500e+02     1306.2       34.7   8.08300e+01   6.48400e-01     1           1.01770e+02   5.31200e+00  
     2022         9         7         2         2        34         32       7100       5362 1662516154.000   1662516154.000    6.30000e+02     180.00      45.00   2.52500e+02   3.27500e+02     1532.7       61.4   4.21500e+01   4.34600e-01     2           8.87300e+01   6.65600e+00  
     2022         9         7         2        11        34         33       7100       5362 1662516694.000   1662516694.000    6.30000e+02       0.00      90.00   2.52500e+02   3.27500e+02     1448.6       51.5           nan           nan     2           9.98300e+01   6.69400e+00  
     2022         9         7         2        13        58         34       7100       5362 1662516838.000   1662516838.000    6.30000e+02       0.00      45.00   2.52500e+02   3.27500e+02     1313.3       32.1   3.05900e+01   2.38200e-01     2           1.22700e+02   5.88200e+00  
     2022         9         7         2        16        22         35       7100       5362 1662516982.000   1662516982.000    6.30000e+02      90.00      45.00   2.52500e+02   3.27500e+02     1298.8       34.5   8.31000e+01   6.70900e-01     1           9.90300e+01   5.18100e+00  
     2022         9         7         2        18        46         36       7100       5362 1662517126.000   1662517126.000    6.30000e+02     180.00      45.00   2.52500e+02   3.27500e+02     1425.6       52.9   2.34400e+01   2.30000e-01     2           9.10400e+01   6.38200e+00  
     2022         9         7         2        23        34         37       7100       5362 1662517414.000   1662517414.000    6.30000e+02       0.00      90.00   2.52500e+02   3.27500e+02     1411.2       52.8           nan           nan     2           7.98700e+01   5.67900e+00  
     2022         9         7         2        25        58         38       7100       5362 1662517558.000   1662517558.000    6.30000e+02       0.00      45.00   2.52500e+02   3.27500e+02     1408.1       40.2   2.98000e+01   2.59000e-01     2           1.14100e+02   6.26100e+00  
     2022         9         7         2        28        58         39       7100       5362 1662517738.000   1662517738.000    6.30000e+02      90.00      45.00   2.52500e+02   3.27500e+02     1308.9       36.8   9.23000e+01   7.93300e-01     2           9.29100e+01   5.12900e+00  
     2022         9         7         2        31        22         40       7100       5362 1662517882.000   1662517882.000    6.30000e+02     180.00      45.00   2.52500e+02   3.27500e+02     1560.8       63.6   5.07800e+01   5.47900e-01     2           8.89200e+01   6.77300e+00  
     2022         9         7         2        39        46         41       7100       5362 1662518386.000   1662518386.000    6.30000e+02       0.00      90.00   2.52500e+02   3.27500e+02     1425.9       58.3           nan           nan     2           6.87700e+01   5.34000e+00  
     2022         9         7         2        42        10         42       7100       5362 1662518530.000   1662518530.000    6.30000e+02       0.00      45.00   2.52500e+02   3.27500e+02     1363.9       37.8   4.65600e+01   4.21600e-01     2           1.11470e+02   5.98000e+00  
     2022         9         7         2        44        34         43       7100       5362 1662518674.000   1662518674.000    6.30000e+02      90.00      45.00   2.52500e+02   3.27500e+02     1368.2       46.5   7.96800e+01   7.87700e-01     2           7.40900e+01   4.87600e+00  
     2022         9         7         2        52        22         44       7100       5362 1662519142.000   1662519142.000    6.30000e+02       0.00      90.00   2.52500e+02   3.27500e+02     1417.5       61.8           nan           nan     2           6.25500e+01   5.17000e+00  
     2022         9         7         2        54        46         45       7100       5362 1662519286.000   1662519286.000    6.30000e+02       0.00      45.00   2.52500e+02   3.27500e+02     1330.6       35.5   4.84500e+01   4.49800e-01     2           1.04990e+02   5.48300e+00  
     2022         9         7         2        57        10         46       7100       5362 1662519430.000   1662519430.000    6.30000e+02      90.00      45.00   2.52500e+02   3.27500e+02     1394.6       52.7   7.19200e+01   7.91400e-01     2           6.22100e+01   4.53900e+00  
     2022         9         7         3         8        34         47       7100       5362 1662520114.000   1662520114.000    6.30000e+02       0.00      90.00   2.63500e+02   3.38500e+02     1462.9       75.8           nan           nan     2           4.42500e+01   4.34800e+00  
     2022         9         7         3        10        58         48       7100       5362 1662520258.000   1662520258.000    6.30000e+02       0.00      45.00   2.63500e+02   3.38500e+02     1258.1       31.3   7.04000e+01   7.16800e-01     1           8.81600e+01   4.43800e+00  
     2022         9         7         3        13        22         49       7100       5362 1662520402.000   1662520402.000    6.30000e+02      90.00      45.00   2.63500e+02   3.38500e+02     1329.6       52.5   9.32200e+01   1.16160e+00     1           4.54700e+01   3.53800e+00  
     2022         9         7         3        21        10         50       7100       5362 1662520870.000   1662520870.000    6.30000e+02       0.00      90.00   2.63500e+02   3.38500e+02     1639.6       94.2           nan           nan     2           4.36400e+01   4.68100e+00  
     2022         9         7         3        23        34         51       7100       5362 1662521014.000   1662521014.000    6.30000e+02       0.00      45.00   2.63500e+02   3.38500e+02     1330.2       35.6   8.93200e+01   1.01500e+00     1           7.51400e+01   4.06600e+00  
     2022         9         7         3        25        58         52       7100       5362 1662521158.000   1662521158.000    6.30000e+02      90.00      45.00   2.63500e+02   3.38500e+02     1415.6       64.7   9.74400e+01   1.36200e+00     2           4.22400e+01   3.72500e+00  
     2022         9         7         3        39        46         53       7100       5362 1662521986.000   1662521986.000    6.30000e+02       0.00      45.00   2.63500e+02   3.38500e+02     1498.8       55.9   6.12200e+01   7.83000e-01     2           6.90900e+01   4.93800e+00  
     2022         9         7         3        42        10         54       7100       5362 1662522130.000   1662522130.000    6.30000e+02      90.00      45.00   2.63500e+02   3.38500e+02     1568.0       85.6   9.11400e+01   1.39380e+00     2           4.04300e+01   4.16600e+00  
     2022         9         7         3        51        46         55       7100       5362 1662522706.000   1662522706.000    6.30000e+02       0.00      45.00   2.63500e+02   3.38500e+02     1386.2       42.4   2.94300e+01   3.34500e-01     1           7.58800e+01   4.56400e+00  
     2022         9         7         3        54        46         56       7100       5362 1662522886.000   1662522886.000    6.30000e+02      90.00      45.00   2.63500e+02   3.38500e+02     1532.2       71.2   6.91400e+01   9.64500e-01     2           4.81800e+01   4.26400e+00  
     2022         9         7         4         5        34         57       7100       5362 1662523534.000   1662523534.000    6.30000e+02       0.00      90.00   2.70500e+02   3.45500e+02     1431.2       76.7           nan           nan     2           3.36400e+01   3.46300e+00  
     2022         9         7         4         7        58         58       7100       5362 1662523678.000   1662523678.000    6.30000e+02       0.00      45.00   2.70500e+02   3.45500e+02     1379.2       37.0   1.47300e+01   1.52300e-01     1           8.38400e+01   4.48500e+00  
     2022         9         7         4        10        22         59       7100       5362 1662523822.000   1662523822.000    6.30000e+02      90.00      45.00   2.70500e+02   3.45500e+02     1369.8       49.1   5.86400e+01   6.65600e-01     1           4.89500e+01   3.48500e+00  
     2022         9         7         4        13        22         60       7100       5362 1662524002.000   1662524002.000    6.30000e+02     180.00      45.00   2.70500e+02   3.45500e+02     1662.2       96.7  -2.58600e+01   3.90500e-01     2           4.02200e+01   4.37800e+00  
     2022         9         7         4        18        10         61       7100       5362 1662524290.000   1662524290.000    6.30000e+02       0.00      90.00   2.70500e+02   3.45500e+02     1455.2       65.7           nan           nan     2           5.04900e+01   4.34900e+00  
     2022         9         7         4        20        34         62       7100       5362 1662524434.000   1662524434.000    6.30000e+02       0.00      45.00   2.70500e+02   3.45500e+02     1369.7       33.4   5.62000e+00   5.14000e-02     1           9.57300e+01   4.68300e+00  
     2022         9         7         4        22        58         63       7100       5362 1662524578.000   1662524578.000    6.30000e+02      90.00      45.00   2.70500e+02   3.45500e+02     1369.8       44.3   4.99300e+01   4.95800e-01     1           6.46800e+01   4.13000e+00  
     2022         9         7         4        25        22         64       7100       5362 1662524722.000   1662524722.000    6.30000e+02     180.00      45.00   2.70500e+02   3.45500e+02     1738.3       84.6  -5.26000e+00   6.66000e-02     2           5.99500e+01   5.44100e+00  
     2022         9         7         4        28        22         65       7100       5362 1662524902.000   1662524902.000    6.30000e+02     -90.00      45.00   2.70500e+02   3.45500e+02     1725.5       64.9  -4.61600e+01   5.05300e-01     2           1.03520e+02   7.24800e+00  
     2022         9         7         4        34        22         66       7100       5362 1662525262.000   1662525262.000    6.30000e+02       0.00      90.00   2.70500e+02   3.45500e+02     1431.4       53.0           nan           nan     2           5.40800e+01   3.92500e+00  
     2022         9         7         4        36        46         67       7100       5362 1662525406.000   1662525406.000    6.30000e+02       0.00      45.00   2.70500e+02   3.45500e+02     1264.3       25.0  -2.67200e+01   1.88300e-01     1           1.02860e+02   4.27300e+00  
     2022         9         7         4        39        10         68       7100       5362 1662525550.000   1662525550.000    6.30000e+02      90.00      45.00   2.70500e+02   3.45500e+02     1317.8       33.4   5.74000e+01   4.41300e-01     1           7.64000e+01   3.96300e+00  
     2022         9         7         4        41        34         69       7100       5362 1662525694.000   1662525694.000    6.30000e+02     180.00      45.00   2.70500e+02   3.45500e+02     1426.1       53.7   2.89200e+01   2.75600e-01     2           5.72600e+01   4.18500e+00  
     2022         9         7         4        43        58         70       7100       5362 1662525838.000   1662525838.000    6.30000e+02     -90.00      45.00   2.70500e+02   3.45500e+02     1630.4       49.8  -6.73000e+01   5.80900e-01     2           1.18060e+02   6.82800e+00  
     2022         9         7         4        46        58         71       7100       5362 1662526018.000   1662526018.000    6.30000e+02       0.00      90.00   2.70500e+02   3.45500e+02     1380.6       44.1           nan           nan     1           6.94100e+01   4.36300e+00  
     2022         9         7         4        49        22         72       7100       5362 1662526162.000   1662526162.000    6.30000e+02       0.00      45.00   2.70500e+02   3.45500e+02     1284.9       22.6  -1.07800e+01   6.56000e-02     1           1.20180e+02   4.49200e+00  
     2022         9         7         4        51        46         73       7100       5362 1662526306.000   1662526306.000    6.30000e+02      90.00      45.00   2.70500e+02   3.45500e+02     1294.3       28.7   4.76200e+01   3.08400e-01     0           8.53800e+01   3.94800e+00  
     2022         9         7         4        54        10         74       7100       5362 1662526450.000   1662526450.000    6.30000e+02     180.00      45.00   2.70500e+02   3.45500e+02     1376.7       41.8   3.59000e+01   2.69200e-01     1           6.60300e+01   4.00000e+00  
     2022         9         7         4        56        34         75       7100       5362 1662526594.000   1662526594.000    6.30000e+02     -90.00      45.00   2.70500e+02   3.45500e+02     1466.2       36.7  -4.48900e+01   3.05200e-01     2           1.31890e+02   6.39300e+00  
     2022         9         7         5         2        34         76       7100       5362 1662526954.000   1662526954.000    6.30000e+02       0.00      90.00   2.71500e+02   3.46500e+02     1301.4       32.1           nan           nan     1           7.80500e+01   3.95800e+00  
     2022         9         7         5         4        58         77       7100       5362 1662527098.000   1662527098.000    6.30000e+02       0.00      45.00   2.71500e+02   3.46500e+02     1248.6       19.4  -2.51800e+01   1.19100e-01     1           1.40160e+02   4.68400e+00  
     2022         9         7         5         7        58         78       7100       5362 1662527278.000   1662527278.000    6.30000e+02      90.00      45.00   2.71500e+02   3.46500e+02     1252.5       25.1   3.44900e+01   1.79300e-01     0           9.25700e+01   3.93900e+00  
     2022         9         7         5        10        22         79       7100       5362 1662527422.000   1662527422.000    6.30000e+02     180.00      45.00   2.71500e+02   3.46500e+02     1315.7       32.1   4.20900e+01   2.43500e-01     1           8.33800e+01   4.15300e+00  
     2022         9         7         5        12        46         80       7100       5362 1662527566.000   1662527566.000    6.30000e+02     -90.00      45.00   2.71500e+02   3.46500e+02     1369.4       25.3  -4.11900e+01   2.07000e-01     1           1.71380e+02   6.34600e+00  
     2022         9         7         5        15        10         81       7100       5362 1662527710.000   1662527710.000    6.30000e+02       0.00      90.00   2.71500e+02   3.46500e+02     1270.9       27.9           nan           nan     0           8.58400e+01   3.93800e+00  
     2022         9         7         5        17        34         82       7100       5362 1662527854.000   1662527854.000    6.30000e+02       0.00      45.00   2.71500e+02   3.46500e+02     1256.1       18.1  -3.26700e+01   1.38200e-01     0           1.50200e+02   4.71400e+00  
     2022         9         7         5        19        58         83       7100       5362 1662527998.000   1662527998.000    6.30000e+02      90.00      45.00   2.71500e+02   3.46500e+02     1232.4       23.1   3.26400e+01   1.54100e-01     0           9.78300e+01   3.93500e+00  
     2022         9         7         5        22        58         84       7100       5362 1662528178.000   1662528178.000    6.30000e+02     180.00      45.00   2.71500e+02   3.46500e+02     1284.9       28.1   3.94000e+01   2.02800e-01     1           8.98300e+01   4.08500e+00  
     2022         9         7         5        25        22         85       7100       5362 1662528322.000   1662528322.000    6.30000e+02     -90.00      45.00   2.71500e+02   3.46500e+02     1297.8       21.4  -4.38400e+01   1.96800e-01     1           1.71790e+02   5.82800e+00  
     2022         9         7         5        31        22         86       7100       5362 1662528682.000   1662528682.000    6.30000e+02       0.00      90.00   2.71500e+02   3.46500e+02     1229.4       25.9           nan           nan     0           8.65400e+01   3.85200e+00  
     2022         9         7         5        33        46         87       7100       5362 1662528826.000   1662528826.000    6.30000e+02       0.00      45.00   2.71500e+02   3.46500e+02     1236.3       19.2  -2.81400e+01   1.18300e-01     1           1.41440e+02   4.72300e+00  
     2022         9         7         5        36        10         88       7100       5362 1662528970.000   1662528970.000    6.30000e+02      90.00      45.00   2.71500e+02   3.46500e+02     1246.4       24.3   3.90300e+01   1.82600e-01     0           9.21800e+01   3.85400e+00  
     2022         9         7         5        38        34         89       7100       5362 1662529114.000   1662529114.000    6.30000e+02     180.00      45.00   2.71500e+02   3.46500e+02     1218.9       23.6   5.88100e+01   2.72300e-01     0           9.89900e+01   4.07300e+00  
     2022         9         7         5        41        34         90       7100       5362 1662529294.000   1662529294.000    6.30000e+02     -90.00      45.00   2.71500e+02   3.46500e+02     1287.6       20.5  -1.55800e+01   6.59000e-02     1           1.56150e+02   5.22700e+00  
     2022         9         7         5        43        58         91       7100       5362 1662529438.000   1662529438.000    6.30000e+02       0.00      90.00   2.71500e+02   3.46500e+02     1220.7       24.6           nan           nan     0           8.69100e+01   3.75300e+00  
     2022         9         7         5        46        22         92       7100       5362 1662529582.000   1662529582.000    6.30000e+02       0.00      45.00   2.71500e+02   3.46500e+02     1242.5       20.8  -1.52500e+01   6.49000e-02     0           1.18420e+02   4.28600e+00  
     2022         9         7         5        48        46         93       7100       5362 1662529726.000   1662529726.000    6.30000e+02      90.00      45.00   2.71500e+02   3.46500e+02     1223.3       24.9   5.13500e+01   2.40400e-01     0           8.17300e+01   3.58600e+00  
     2022         9         7         5        51        10         94       7100       5362 1662529870.000   1662529870.000    6.30000e+02     180.00      45.00   2.71500e+02   3.46500e+02     1242.6       24.9   6.05900e+01   2.87000e-01     1           9.78000e+01   4.13300e+00  
     2022         9         7         5        53        34         95       7100       5362 1662530014.000   1662530014.000    6.30000e+02     -90.00      45.00   2.71500e+02   3.46500e+02     1257.7       19.7  -1.49800e+01   6.33000e-02     1           1.49210e+02   4.96700e+00  
     2022         9         7         6         0        10         96       7100       5362 1662530410.000   1662530410.000    6.30000e+02       0.00      90.00   2.67500e+02   3.42500e+02     1222.9       25.9           nan           nan     0           7.68300e+01   3.49600e+00  
     2022         9         7         6         2        34         97       7100       5362 1662530554.000   1662530554.000    6.30000e+02       0.00      45.00   2.67500e+02   3.42500e+02     1214.0       23.2  -2.93600e+01   1.38900e-01     0           9.51500e+01   3.89800e+00  
     2022         9         7         6         4        58         98       7100       5362 1662530698.000   1662530698.000    6.30000e+02      90.00      45.00   2.67500e+02   3.42500e+02     1206.5       29.8   2.16500e+01   1.19400e-01     0           6.44600e+01   3.35200e+00  
     2022         9         7         6         7        22         99       7100       5362 1662530842.000   1662530842.000    6.30000e+02     180.00      45.00   2.67500e+02   3.42500e+02     1253.6       26.7   4.98800e+01   2.63000e-01     0           8.66600e+01   3.88600e+00  
     2022         9         7         6         9        46        100       7100       5362 1662530986.000   1662530986.000    6.30000e+02     -90.00      45.00   2.67500e+02   3.42500e+02     1290.0       25.5  -2.84400e+01   1.49300e-01     1           1.25160e+02   5.05700e+00  
     2022         9         7         6        12        10        101       7100       5362 1662531130.000   1662531130.000    6.30000e+02       0.00      90.00   2.67500e+02   3.42500e+02     1224.8       31.0           nan           nan     0           6.41800e+01   3.40300e+00  
     2022         9         7         6        15        10        102       7100       5362 1662531310.000   1662531310.000    6.30000e+02       0.00      45.00   2.67500e+02   3.42500e+02     1259.6       27.7  -2.48700e+01   1.42100e-01     0           8.65100e+01   3.97000e+00  
     2022         9         7         6        17        34        103       7100       5362 1662531454.000   1662531454.000    6.30000e+02      90.00      45.00   2.67500e+02   3.42500e+02     1202.9       34.4   4.92700e+01   3.26600e-01     0           5.43000e+01   3.22000e+00  
     2022         9         7         6        19        58        104       7100       5362 1662531598.000   1662531598.000    6.30000e+02     180.00      45.00   2.67500e+02   3.42500e+02     1242.2       29.7   5.71100e+01   3.57900e-01     0           7.48400e+01   3.72600e+00  
     2022         9         7         6        22        22        105       7100       5362 1662531742.000   1662531742.000    6.30000e+02     -90.00      45.00   2.67500e+02   3.42500e+02     1254.2       27.2  -3.10200e+01   1.90400e-01     1           1.01880e+02   4.54300e+00  
     2022         9         7         6        28        22        106       7100       5362 1662532102.000   1662532102.000    6.30000e+02       0.00      90.00   2.67500e+02   3.42500e+02     1310.8       41.1           nan           nan     1           5.88400e+01   3.70600e+00  
     2022         9         7         6        30        46        107       7100       5362 1662532246.000   1662532246.000    6.30000e+02       0.00      45.00   2.67500e+02   3.42500e+02     1246.2       32.7  -2.01300e+01   1.41600e-01     0           6.75300e+01   3.65200e+00  
     2022         9         7         6        33        10        108       7100       5362 1662532390.000   1662532390.000    6.30000e+02      90.00      45.00   2.67500e+02   3.42500e+02     1277.5       43.2   4.70100e+01   3.74400e-01     0           4.68900e+01   3.20800e+00  
     2022         9         7         6        36        10        109       7100       5362 1662532570.000   1662532570.000    6.30000e+02     180.00      45.00   2.67500e+02   3.42500e+02     1212.5       32.1   4.70100e+01   3.25900e-01     0           5.73800e+01   3.19300e+00  
     2022         9         7         6        38        34        110       7100       5362 1662532714.000   1662532714.000    6.30000e+02     -90.00      45.00   2.67500e+02   3.42500e+02     1206.8       27.8  -4.70200e+01   3.03600e-01     0           7.41900e+01   3.60000e+00  
     2022         9         7         6        40        58        111       7100       5362 1662532858.000   1662532858.000    6.30000e+02       0.00      90.00   2.67500e+02   3.42500e+02     1163.9       37.4           nan           nan     0           4.06100e+01   2.72700e+00  
     2022         9         7         6        43        22        112       7100       5362 1662533002.000   1662533002.000    6.30000e+02       0.00      45.00   2.67500e+02   3.42500e+02     1193.8       33.4  -1.42200e+01   1.01300e-01     0           5.33400e+01   3.12100e+00  
     2022         9         7         6        45        46        113       7100       5362 1662533146.000   1662533146.000    6.30000e+02      90.00      45.00   2.67500e+02   3.42500e+02     1189.6       42.3   3.89900e+01   3.13300e-01     0           3.69200e+01   2.70500e+00  
     2022         9         7         6        48        10        114       7100       5362 1662533290.000   1662533290.000    6.30000e+02     180.00      45.00   2.67500e+02   3.42500e+02     1188.2       33.8   3.27100e+01   2.36500e-01     0           4.68500e+01   2.82500e+00  
     2022         9         7         6        51        10        115       7100       5362 1662533470.000   1662533470.000    6.30000e+02     -90.00      45.00   2.67500e+02   3.42500e+02     1217.5       30.4  -4.90200e+01   3.44400e-01     0           6.24500e+01   3.29300e+00  
     2022         9         7         6        57        10        116       7100       5362 1662533830.000   1662533830.000    6.30000e+02       0.00      90.00   2.67500e+02   3.42500e+02     1170.3       42.6           nan           nan     0           3.25500e+01   2.47000e+00  
     2022         9         7         6        59        34        117       7100       5362 1662533974.000   1662533974.000    6.30000e+02       0.00      45.00   2.49500e+02   3.24500e+02     1199.9       36.2  -2.22600e+01   1.77100e-01     0           4.45100e+01   2.82100e+00  
     2022         9         7         7         1        58        118       7100       5362 1662534118.000   1662534118.000    6.30000e+02      90.00      45.00   2.49500e+02   3.24500e+02     1172.5       46.2   4.37700e+01   3.98400e-01     0           2.99100e+01   2.43200e+00  
     2022         9         7         7         4        22        119       7100       5362 1662534262.000   1662534262.000    6.30000e+02     180.00      45.00   2.49500e+02   3.24500e+02     1165.7       40.8   4.07200e+01   3.52400e-01     0           3.47500e+01   2.53900e+00  
     2022         9         7         7         6        46        120       7100       5362 1662534406.000   1662534406.000    6.30000e+02     -90.00      45.00   2.49500e+02   3.24500e+02     1186.7       36.1  -5.20800e+01   4.29200e-01     0           4.67700e+01   2.96400e+00  
     2022         9         7         7         9        46        121       7100       5362 1662534586.000   1662534586.000    6.30000e+02       0.00      90.00   2.49500e+02   3.24500e+02     1214.6       50.1           nan           nan     0           2.68900e+01   2.29200e+00  
     2022         9         7         7        12        10        122       7100       5362 1662534730.000   1662534730.000    6.30000e+02       0.00      45.00   2.49500e+02   3.24500e+02     1184.3       42.1   2.02900e+01   1.86500e-01     0           3.85100e+01   2.81100e+00  
     2022         9         7         7        14        34        123       7100       5362 1662534874.000   1662534874.000    6.30000e+02      90.00      45.00   2.49500e+02   3.24500e+02     1249.4       58.8   5.05500e+01   5.48600e-01     1           2.66600e+01   2.51900e+00  
     2022         9         7         7        16        58        124       7100       5362 1662535018.000   1662535018.000    6.30000e+02     180.00      45.00   2.49500e+02   3.24500e+02     1178.3       45.3   1.99700e+01   1.93500e-01     0           3.01700e+01   2.40700e+00  
     2022         9         7         7        19        22        125       7100       5362 1662535162.000   1662535162.000    6.30000e+02     -90.00      45.00   2.49500e+02   3.24500e+02     1225.3       44.9  -4.06000e+01   4.01200e-01     0           4.07200e+01   3.01800e+00  
     2022         9         7         7        25        22        126       7100       5362 1662535522.000   1662535522.000    6.30000e+02       0.00      90.00   2.49500e+02   3.24500e+02     1223.8       57.8           nan           nan     1           2.54800e+01   2.42500e+00  
     2022         9         7         7        28        22        127       7100       5362 1662535702.000   1662535702.000    6.30000e+02       0.00      45.00   2.49500e+02   3.24500e+02     1215.8       53.2   6.73000e+00   7.54000e-02     1           3.07100e+01   2.70100e+00  
     2022         9         7         7        33        10        128       7100       5362 1662535990.000   1662535990.000    6.30000e+02     180.00      45.00   2.49500e+02   3.24500e+02     1191.7       52.8   5.36000e+01   5.98400e-01     1           2.71700e+01   2.44400e+00  
     2022         9         7         7        35        34        129       7100       5362 1662536134.000   1662536134.000    6.30000e+02     -90.00      45.00   2.49500e+02   3.24500e+02     1215.7       49.8  -3.96000e+01   4.33900e-01     1           3.53100e+01   2.90600e+00  
     2022         9         7         7        37        58        130       7100       5362 1662536278.000   1662536278.000    6.30000e+02       0.00      90.00   2.49500e+02   3.24500e+02     1199.2       59.9           nan           nan     1           2.30500e+01   2.31900e+00  
     2022         9         7         7        40        22        131       7100       5362 1662536422.000   1662536422.000    6.30000e+02       0.00      45.00   2.49500e+02   3.24500e+02     1226.7       52.6   1.23800e+01   1.38400e-01     1           3.01800e+01   2.61300e+00  
     2022         9         7         7        42        46        132       7100       5362 1662536566.000   1662536566.000    6.30000e+02      90.00      45.00   2.49500e+02   3.24500e+02     1218.2       55.0   6.58400e+01   7.46200e-01     1           2.75000e+01   2.50700e+00  
     2022         9         7         7        45        46        133       7100       5362 1662536746.000   1662536746.000    6.30000e+02     180.00      45.00   2.49500e+02   3.24500e+02     1162.0       50.1   4.37000e+01   4.75500e-01     1           2.76400e+01   2.43200e+00  
     2022         9         7         7        48        10        134       7100       5362 1662536890.000   1662536890.000    6.30000e+02     -90.00      45.00   2.49500e+02   3.24500e+02     1259.7       54.3  -4.16600e+01   4.67700e-01     1           3.48100e+01   2.98300e+00  
     2022         9         7         7        54        10        135       7100       5362 1662537250.000   1662537250.000    6.30000e+02       0.00      90.00   2.49500e+02   3.24500e+02     1119.2       52.0           nan           nan     1           2.64600e+01   2.48300e+00  
     2022         9         7         7        56        34        136       7100       5362 1662537394.000   1662537394.000    6.30000e+02       0.00      45.00   2.49500e+02   3.24500e+02     1269.6       50.9  -1.44700e+01   1.49500e-01     1           3.65200e+01   2.94000e+00  
     2022         9         7         7        58        58        137       7100       5362 1662537538.000   1662537538.000    6.30000e+02      90.00      45.00   2.37500e+02   3.12500e+02     1147.3       33.9   5.82400e+01   4.92300e-01     1           4.91100e+01   3.03000e+00  
     2022         9         7         8         1        22        138       7100       5362 1662537682.000   1662537682.000    6.30000e+02     180.00      45.00   2.37500e+02   3.12500e+02     1152.3       40.8   4.78300e+01   4.30700e-01     1           3.94500e+01   2.86200e+00  
     2022         9         7         8         4        22        139       7100       5362 1662537862.000   1662537862.000    6.30000e+02     -90.00      45.00   2.37500e+02   3.12500e+02     1252.5       45.5  -4.44400e+01   4.00700e-01     1           4.04300e+01   2.97700e+00  
     2022         9         7         8         6        46        140       7100       5362 1662538006.000   1662538006.000    6.30000e+02       0.00      90.00   2.37500e+02   3.12500e+02     1236.1       43.9           nan           nan     1           3.76700e+01   2.75300e+00  
     2022         9         7         8         9        10        141       7100       5362 1662538150.000   1662538150.000    6.30000e+02       0.00      45.00   2.37500e+02   3.12500e+02     1200.3       33.6  -2.34100e+01   1.72600e-01     1           5.92400e+01   3.42200e+00  
     2022         9         7         8        11        34        142       7100       5362 1662538294.000   1662538294.000    6.30000e+02      90.00      45.00   2.37500e+02   3.12500e+02     1158.6       21.1   4.30500e+01   2.47900e-01     1           1.02470e+02   4.01800e+00  
     2022         9         7         8        13        58        143       7100       5362 1662538438.000   1662538438.000    6.30000e+02     180.00      45.00   2.37500e+02   3.12500e+02     1144.2       28.5   2.22200e+01   1.38600e-01     1           6.17600e+01   3.25800e+00  
     2022         9         7         8        16        22        144       7100       5362 1662538582.000   1662538582.000    6.30000e+02     -90.00      45.00   2.37500e+02   3.12500e+02     1247.8       34.9  -2.49100e+01   1.62500e-01     1           6.67500e+01   3.80100e+00  
     2022         9         7         8        22        58        145       7100       5362 1662538978.000   1662538978.000    6.30000e+02       0.00      90.00   2.37500e+02   3.12500e+02     1181.4       22.9           nan           nan     1           1.08300e+02   4.41000e+00  
     2022         9         7         8        25        22        146       7100       5362 1662539122.000   1662539122.000    6.30000e+02       0.00      45.00   2.37500e+02   3.12500e+02     1197.6       18.6   2.22200e+01   9.27000e-02     1           1.92420e+02   6.16400e+00  
     2022         9         7         8        27        46        147       7100       5362 1662539266.000   1662539266.000    6.30000e+02      90.00      45.00   2.37500e+02   3.12500e+02     1240.6       14.9   5.03500e+01   1.92300e-01     2           4.40610e+02   1.05420e+01  
     2022         9         7         8        30        10        148       7100       5362 1662539410.000   1662539410.000    6.30000e+02     180.00      45.00   2.37500e+02   3.12500e+02     1229.1       18.5   4.78700e+01   1.99100e-01     2           2.71250e+02   8.16900e+00  
