   YEAR     MONTH      DAY       HOUR      MIN       SEC       RECNO     KINDAT      KINST       UT1_UNIX        UT2_UNIX        WAVLEN        AZM        ELM         ALTB          ALTE         TN         DTN        VNHLU         DVNHLU     FPI_DATAQUAL      RLE           DRLE     
     2022         9        19         0        37        58          0       7100       5362 1663547878.000   1663547878.000    6.30000e+02      90.00      45.00   2.33500e+02   3.08500e+02     1304.3       15.1   9.51500e+01   2.30600e-01     2           1.79740e+02   4.74800e+00  
     2022         9        19         0        54        10          1       7100       5362 1663548850.000   1663548850.000    6.30000e+02      90.00      45.00   2.33500e+02   3.08500e+02     1304.4       15.9   1.04490e+02   2.60800e-01     2           1.69190e+02   4.66300e+00  
     2022         9        19         1         1        22          2       7100       5362 1663549282.000   1663549282.000    6.30000e+02       0.00      90.00   2.46500e+02   3.21500e+02     1300.3       15.2           nan           nan     2           1.79710e+02   4.77200e+00  
     2022         9        19         1         6        46          3       7100       5362 1663549606.000   1663549606.000    6.30000e+02      90.00      45.00   2.46500e+02   3.21500e+02     1292.9       15.4   1.09770e+02   2.71400e-01     2           1.72240e+02   4.67900e+00  
     2022         9        19         1        17        34          4       7100       5362 1663550254.000   1663550254.000    6.30000e+02       0.00      90.00   2.46500e+02   3.21500e+02     1295.7       15.6           nan           nan     2           1.71780e+02   4.68300e+00  
     2022         9        19         1        22        58          5       7100       5362 1663550578.000   1663550578.000    6.30000e+02      90.00      45.00   2.46500e+02   3.21500e+02     1255.3       14.9   1.04820e+02   2.66000e-01     2           1.75190e+02   4.72400e+00  
     2022         9        19         1        25        22          6       7100       5362 1663550722.000   1663550722.000    6.30000e+02     180.00      45.00   2.46500e+02   3.21500e+02     1267.7       14.6  -3.27600e+01   8.29000e-02     2           1.87710e+02   4.90900e+00  
     2022         9        19         1        30        10          7       7100       5362 1663551010.000   1663551010.000    6.30000e+02       0.00      90.00   2.46500e+02   3.21500e+02     1282.2       17.2           nan           nan     2           1.43570e+02   4.33400e+00  
     2022         9        19         1        34        58          8       7100       5362 1663551298.000   1663551298.000    6.30000e+02      90.00      45.00   2.46500e+02   3.21500e+02     1260.9       15.7   1.07360e+02   2.93300e-01     2           1.61260e+02   4.55200e+00  
     2022         9        19         1        37        58          9       7100       5362 1663551478.000   1663551478.000    6.30000e+02     180.00      45.00   2.46500e+02   3.21500e+02     1252.0       15.7  -3.43200e+01   9.43000e-02     2           1.60130e+02   4.54500e+00  
     2022         9        19         1        46        22         10       7100       5362 1663551982.000   1663551982.000    6.30000e+02       0.00      90.00   2.46500e+02   3.21500e+02     1261.0       18.5           nan           nan     2           1.26950e+02   4.14800e+00  
     2022         9        19         1        48        46         11       7100       5362 1663552126.000   1663552126.000    6.30000e+02       0.00      45.00   2.46500e+02   3.21500e+02     1267.1       13.6   6.12900e+01   1.62100e-01     2           2.09230e+02   5.11600e+00  
     2022         9        19         1        51        10         12       7100       5362 1663552270.000   1663552270.000    6.30000e+02      90.00      45.00   2.46500e+02   3.21500e+02     1251.8       16.6   1.07030e+02   3.12100e-01     2           1.42910e+02   4.29800e+00  
     2022         9        19         1        53        34         13       7100       5362 1663552414.000   1663552414.000    6.30000e+02     180.00      45.00   2.46500e+02   3.21500e+02     1262.9       17.8  -4.27300e+01   1.28300e-01     2           1.31700e+02   4.16700e+00  
     2022         9        19         1        55        58         14       7100       5362 1663552558.000   1663552558.000    6.30000e+02     -90.00      45.00   2.46500e+02   3.21500e+02     1278.3       14.3  -8.77800e+01   2.38200e-01     2           2.04190e+02   5.14700e+00  
     2022         9        19         1        58        58         15       7100       5362 1663552738.000   1663552738.000    6.30000e+02       0.00      90.00   2.58500e+02   3.33500e+02     1246.1       18.7           nan           nan     2           1.20020e+02   4.02800e+00  
     2022         9        19         2         1        22         16       7100       5362 1663552882.000   1663552882.000    6.30000e+02       0.00      45.00   2.58500e+02   3.33500e+02     1258.2       13.9   6.43100e+01   1.73500e-01     2           1.95350e+02   4.94100e+00  
     2022         9        19         2         3        46         17       7100       5362 1663553026.000   1663553026.000    6.30000e+02      90.00      45.00   2.58500e+02   3.33500e+02     1247.4       17.4   1.14490e+02   3.44900e-01     2           1.33950e+02   4.21000e+00  
     2022         9        19         2         6        10         18       7100       5362 1663553170.000   1663553170.000    6.30000e+02     180.00      45.00   2.58500e+02   3.33500e+02     1252.6       19.4  -3.21800e+01   1.02200e-01     2           1.18280e+02   4.06300e+00  
     2022         9        19         2         8        34         19       7100       5362 1663553314.000   1663553314.000    6.30000e+02     -90.00      45.00   2.58500e+02   3.33500e+02     1262.3       14.4  -7.29900e+01   2.01100e-01     2           1.93740e+02   5.00600e+00  
     2022         9        19         2        14        34         20       7100       5362 1663553674.000   1663553674.000    6.30000e+02       0.00      90.00   2.58500e+02   3.33500e+02     1246.5       19.1           nan           nan     2           1.12990e+02   3.88200e+00  
     2022         9        19         2        17        34         21       7100       5362 1663553854.000   1663553854.000    6.30000e+02       0.00      45.00   2.58500e+02   3.33500e+02     1254.5       13.8   7.74700e+01   2.12900e-01     2           1.98310e+02   4.98900e+00  
     2022         9        19         2        19        58         22       7100       5362 1663553998.000   1663553998.000    6.30000e+02      90.00      45.00   2.58500e+02   3.33500e+02     1256.6       18.4   1.04010e+02   3.26900e-01     2           1.22960e+02   4.03500e+00  
     2022         9        19         2        22        22         23       7100       5362 1663554142.000   1663554142.000    6.30000e+02     180.00      45.00   2.58500e+02   3.33500e+02     1239.6       20.5  -4.33500e+01   1.45700e-01     2           1.04230e+02   3.81600e+00  
     2022         9        19         2        24        46         24       7100       5362 1663554286.000   1663554286.000    6.30000e+02     -90.00      45.00   2.58500e+02   3.33500e+02     1248.1       15.2  -6.62400e+01   1.93600e-01     2           1.76950e+02   4.84700e+00  
     2022         9        19         2        27        10         25       7100       5362 1663554430.000   1663554430.000    6.30000e+02       0.00      90.00   2.58500e+02   3.33500e+02     1240.9       19.9           nan           nan     2           1.06240e+02   3.80300e+00  
     2022         9        19         2        29        34         26       7100       5362 1663554574.000   1663554574.000    6.30000e+02       0.00      45.00   2.58500e+02   3.33500e+02     1247.8       14.8   7.62700e+01   2.24800e-01     2           1.78110e+02   4.78000e+00  
     2022         9        19         2        32        34         27       7100       5362 1663554754.000   1663554754.000    6.30000e+02      90.00      45.00   2.58500e+02   3.33500e+02     1242.2       20.3   1.06090e+02   3.66100e-01     2           1.04290e+02   3.79200e+00  
     2022         9        19         2        34        58         28       7100       5362 1663554898.000   1663554898.000    6.30000e+02     180.00      45.00   2.58500e+02   3.33500e+02     1253.0       22.5  -5.06500e+01   1.85300e-01     2           9.05200e+01   3.58500e+00  
     2022         9        19         2        37        22         29       7100       5362 1663555042.000   1663555042.000    6.30000e+02     -90.00      45.00   2.58500e+02   3.33500e+02     1240.7       16.3  -8.03100e+01   2.55300e-01     2           1.55540e+02   4.57200e+00  
     2022         9        19         2        43        22         30       7100       5362 1663555402.000   1663555402.000    6.30000e+02       0.00      90.00   2.58500e+02   3.33500e+02     1253.6       22.9           nan           nan     2           8.62200e+01   3.47600e+00  
     2022         9        19         2        45        46         31       7100       5362 1663555546.000   1663555546.000    6.30000e+02       0.00      45.00   2.58500e+02   3.33500e+02     1233.8       16.8   7.21800e+01   2.42400e-01     2           1.45700e+02   4.43000e+00  
     2022         9        19         2        48        10         32       7100       5362 1663555690.000   1663555690.000    6.30000e+02      90.00      45.00   2.58500e+02   3.33500e+02     1250.3       21.6   9.40400e+01   3.55500e-01     2           9.59800e+01   3.66900e+00  
     2022         9        19         2        51        10         33       7100       5362 1663555870.000   1663555870.000    6.30000e+02     180.00      45.00   2.58500e+02   3.33500e+02     1234.8       23.7  -5.14500e+01   2.06500e-01     2           8.17200e+01   3.43800e+00  
     2022         9        19         2        53        34         34       7100       5362 1663556014.000   1663556014.000    6.30000e+02     -90.00      45.00   2.58500e+02   3.33500e+02     1235.1       17.2  -8.88500e+01   3.09500e-01     2           1.40220e+02   4.35500e+00  
     2022         9        19         2        55        58         35       7100       5362 1663556158.000   1663556158.000    6.30000e+02       0.00      90.00   2.58500e+02   3.33500e+02     1238.9       24.3           nan           nan     2           8.02700e+01   3.44300e+00  
     2022         9        19         2        58        22         36       7100       5362 1663556302.000   1663556302.000    6.30000e+02       0.00      45.00   2.58500e+02   3.33500e+02     1228.3       17.2   6.60500e+01   2.32700e-01     2           1.38740e+02   4.33900e+00  
     2022         9        19         3         0        46         37       7100       5362 1663556446.000   1663556446.000    6.30000e+02      90.00      45.00   2.70500e+02   3.45500e+02     1245.8       21.2   8.96300e+01   3.42000e-01     2           9.86300e+01   3.71600e+00  
     2022         9        19         3         3        10         38       7100       5362 1663556590.000   1663556590.000    6.30000e+02     180.00      45.00   2.70500e+02   3.45500e+02     1233.2       23.2  -5.31900e+01   2.11700e-01     2           8.46200e+01   3.49400e+00  
     2022         9        19         3         5        34         39       7100       5362 1663556734.000   1663556734.000    6.30000e+02     -90.00      45.00   2.70500e+02   3.45500e+02     1241.4       18.3  -7.80300e+01   2.76800e-01     2           1.30320e+02   4.25300e+00  
     2022         9        19         3        12        10         40       7100       5362 1663557130.000   1663557130.000    6.30000e+02       0.00      90.00   2.70500e+02   3.45500e+02     1230.6       23.3           nan           nan     2           8.23200e+01   3.42600e+00  
     2022         9        19         3        14        34         41       7100       5362 1663557274.000   1663557274.000    6.30000e+02       0.00      45.00   2.70500e+02   3.45500e+02     1222.6       17.6   6.25300e+01   2.17700e-01     2           1.30240e+02   4.18600e+00  
     2022         9        19         3        16        58         42       7100       5362 1663557418.000   1663557418.000    6.30000e+02      90.00      45.00   2.70500e+02   3.45500e+02     1215.2       21.1   8.62700e+01   3.26900e-01     2           9.43000e+01   3.62800e+00  
     2022         9        19         3        19        22         43       7100       5362 1663557562.000   1663557562.000    6.30000e+02     180.00      45.00   2.70500e+02   3.45500e+02     1237.3       23.4  -4.25900e+01   1.70100e-01     2           8.47600e+01   3.51600e+00  
     2022         9        19         3        21        46         44       7100       5362 1663557706.000   1663557706.000    6.30000e+02     -90.00      45.00   2.70500e+02   3.45500e+02     1258.8       18.2  -7.34500e+01   2.58500e-01     2           1.32640e+02   4.26500e+00  
     2022         9        19         3        24        46         45       7100       5362 1663557886.000   1663557886.000    6.30000e+02       0.00      90.00   2.70500e+02   3.45500e+02     1214.8       23.5           nan           nan     2           7.80300e+01   3.33000e+00  
     2022         9        19         3        27        10         46       7100       5362 1663558030.000   1663558030.000    6.30000e+02       0.00      45.00   2.70500e+02   3.45500e+02     1215.1       18.1   6.31200e+01   2.27200e-01     2           1.22700e+02   4.08100e+00  
     2022         9        19         3        29        34         47       7100       5362 1663558174.000   1663558174.000    6.30000e+02      90.00      45.00   2.70500e+02   3.45500e+02     1214.7       22.3   8.54000e+01   3.42400e-01     2           8.79500e+01   3.55100e+00  
     2022         9        19         3        31        58         48       7100       5362 1663558318.000   1663558318.000    6.30000e+02     180.00      45.00   2.70500e+02   3.45500e+02     1233.0       24.0  -3.77400e+01   1.57600e-01     2           8.04900e+01   3.43200e+00  
     2022         9        19         3        34        22         49       7100       5362 1663558462.000   1663558462.000    6.30000e+02     -90.00      45.00   2.70500e+02   3.45500e+02     1238.0       17.7  -5.35300e+01   1.95300e-01     2           1.34200e+02   4.27300e+00  
     2022         9        19         3        40        22         50       7100       5362 1663558822.000   1663558822.000    6.30000e+02       0.00      90.00   2.70500e+02   3.45500e+02     1225.2       26.3           nan           nan     2           6.95400e+01   3.23900e+00  
     2022         9        19         3        43        22         51       7100       5362 1663559002.000   1663559002.000    6.30000e+02       0.00      45.00   2.70500e+02   3.45500e+02     1221.5       19.4   6.05800e+01   2.40300e-01     2           1.09910e+02   3.88900e+00  
     2022         9        19         3        45        46         52       7100       5362 1663559146.000   1663559146.000    6.30000e+02      90.00      45.00   2.70500e+02   3.45500e+02     1219.6       26.4   6.98300e+01   3.23200e-01     2           6.88900e+01   3.23400e+00  
     2022         9        19         3        48        10         53       7100       5362 1663559290.000   1663559290.000    6.30000e+02     180.00      45.00   2.70500e+02   3.45500e+02     1236.7       26.6  -6.68200e+01   3.11900e-01     2           7.04700e+01   3.28000e+00  
     2022         9        19         3        50        34         54       7100       5362 1663559434.000   1663559434.000    6.30000e+02     -90.00      45.00   2.70500e+02   3.45500e+02     1871.8       28.2  -2.13890e+02   8.61000e-01     2           1.49210e+02   4.81400e+00  
     2022         9        19         3        52        58         55       7100       5362 1663559578.000   1663559578.000    6.30000e+02       0.00      90.00   2.70500e+02   3.45500e+02     1247.4       29.4           nan           nan     2           6.01400e+01   3.05400e+00  
     2022         9        19         3        55        22         56       7100       5362 1663559722.000   1663559722.000    6.30000e+02       0.00      45.00   2.70500e+02   3.45500e+02     1236.2       21.3   5.71700e+01   2.48300e-01     2           9.89800e+01   3.75600e+00  
     2022         9        19         3        57        46         57       7100       5362 1663559866.000   1663559866.000    6.30000e+02      90.00      45.00   2.70500e+02   3.45500e+02     1239.6       31.2   5.61700e+01   2.95300e-01     2           5.52800e+01   2.98000e+00  
     2022         9        19         4         0        46         58       7100       5362 1663560046.000   1663560046.000    6.30000e+02     180.00      45.00   2.78500e+02   3.53500e+02     1227.3       28.9  -5.50400e+01   2.81400e-01     2           6.05700e+01   3.07500e+00  
     2022         9        19         4         3        10         59       7100       5362 1663560190.000   1663560190.000    6.30000e+02     -90.00      45.00   2.78500e+02   3.53500e+02     1235.7       20.6  -6.27700e+01   2.76500e-01     2           1.07400e+02   3.93500e+00  
     2022         9        19         4         9        10         60       7100       5362 1663560550.000   1663560550.000    6.30000e+02       0.00      90.00   2.78500e+02   3.53500e+02     1250.3       31.8           nan           nan     2           5.47000e+01   2.97400e+00  
     2022         9        19         4        11        34         61       7100       5362 1663560694.000   1663560694.000    6.30000e+02       0.00      45.00   2.78500e+02   3.53500e+02     1248.3       22.4   5.89700e+01   2.75700e-01     2           9.31300e+01   3.67100e+00  
     2022         9        19         4        13        58         62       7100       5362 1663560838.000   1663560838.000    6.30000e+02      90.00      45.00   2.78500e+02   3.53500e+02     1288.9       38.3   4.72100e+01   2.85900e-01     1           4.51000e+01   2.81100e+00  
     2022         9        19         4        16        22         63       7100       5362 1663560982.000   1663560982.000    6.30000e+02     180.00      45.00   2.78500e+02   3.53500e+02     1258.7       32.5  -4.59500e+01   2.54400e-01     2           5.45000e+01   2.99700e+00  
     2022         9        19         4        19        22         64       7100       5362 1663561162.000   1663561162.000    6.30000e+02     -90.00      45.00   2.78500e+02   3.53500e+02     1241.6       21.8  -5.87900e+01   2.72200e-01     2           1.00130e+02   3.83700e+00  
     2022         9        19         4        21        46         65       7100       5362 1663561306.000   1663561306.000    6.30000e+02       0.00      90.00   2.78500e+02   3.53500e+02     1241.5       32.3           nan           nan     2           5.17700e+01   2.88100e+00  
     2022         9        19         4        24        10         66       7100       5362 1663561450.000   1663561450.000    6.30000e+02       0.00      45.00   2.78500e+02   3.53500e+02     1262.7       23.2   5.04900e+01   2.38700e-01     2           9.17800e+01   3.67500e+00  
     2022         9        19         4        26        34         67       7100       5362 1663561594.000   1663561594.000    6.30000e+02      90.00      45.00   2.78500e+02   3.53500e+02     1323.2       41.1   2.53700e+01   1.57400e-01     1           4.39100e+01   2.83800e+00  
     2022         9        19         4        28        58         68       7100       5362 1663561738.000   1663561738.000    6.30000e+02     180.00      45.00   2.78500e+02   3.53500e+02     1285.4       34.3  -3.28500e+01   1.85200e-01     2           5.17700e+01   2.93400e+00  
     2022         9        19         4        31        22         69       7100       5362 1663561882.000   1663561882.000    6.30000e+02     -90.00      45.00   2.78500e+02   3.53500e+02     1266.0       22.2  -4.22300e+01   1.93400e-01     2           1.00370e+02   3.84200e+00  
     2022         9        19         4        37        58         70       7100       5362 1663562278.000   1663562278.000    6.30000e+02       0.00      90.00   2.78500e+02   3.53500e+02     1246.7       30.8           nan           nan     2           5.76300e+01   3.04300e+00  
     2022         9        19         4        40        22         71       7100       5362 1663562422.000   1663562422.000    6.30000e+02       0.00      45.00   2.78500e+02   3.53500e+02     1263.1       21.5   4.10900e+01   1.81400e-01     2           1.02330e+02   3.83400e+00  
     2022         9        19         4        42        46         72       7100       5362 1663562566.000   1663562566.000    6.30000e+02      90.00      45.00   2.78500e+02   3.53500e+02     1281.7       36.2   3.29900e+01   1.87800e-01     1           5.23400e+01   3.08300e+00  
     2022         9        19         4        45        10         73       7100       5362 1663562710.000   1663562710.000    6.30000e+02     180.00      45.00   2.78500e+02   3.53500e+02     1294.9       31.6  -1.38400e+01   7.13000e-02     2           5.92600e+01   3.09200e+00  
     2022         9        19         4        47        34         74       7100       5362 1663562854.000   1663562854.000    6.30000e+02     -90.00      45.00   2.78500e+02   3.53500e+02     1275.5       21.6  -4.43300e+01   1.87600e-01     2           1.10100e+02   4.05200e+00  
     2022         9        19         4        49        58         75       7100       5362 1663562998.000   1663562998.000    6.30000e+02       0.00      90.00   2.78500e+02   3.53500e+02     1297.4       28.1           nan           nan     2           7.14700e+01   3.33200e+00  
     2022         9        19         4        52        58         76       7100       5362 1663563178.000   1663563178.000    6.30000e+02       0.00      45.00   2.78500e+02   3.53500e+02     1274.1       21.3   7.92000e+00   3.25000e-02     2           1.10770e+02   4.04000e+00  
     2022         9        19         4        55        22         77       7100       5362 1663563322.000   1663563322.000    6.30000e+02      90.00      45.00   2.78500e+02   3.53500e+02     1291.7       29.1   1.52500e+01   7.19000e-02     2           6.83000e+01   3.29500e+00  
     2022         9        19         4        57        46         78       7100       5362 1663563466.000   1663563466.000    6.30000e+02     180.00      45.00   2.78500e+02   3.53500e+02     1278.6       29.2  -2.95000e+00   1.38000e-02     2           6.78800e+01   3.30900e+00  
     2022         9        19         5         0        10         79       7100       5362 1663563610.000   1663563610.000    6.30000e+02     -90.00      45.00   2.78500e+02   3.53500e+02     1269.7       20.9  -2.59100e+01   1.01900e-01     2           1.11760e+02   4.02400e+00  
     2022         9        19         5         6        10         80       7100       5362 1663563970.000   1663563970.000    6.30000e+02       0.00      90.00   2.78500e+02   3.53500e+02     1279.5       24.2           nan           nan     2           8.76100e+01   3.60800e+00  
     2022         9        19         5         8        34         81       7100       5362 1663564114.000   1663564114.000    6.30000e+02       0.00      45.00   2.78500e+02   3.53500e+02     1272.5       19.7   1.59900e+01   5.85000e-02     2           1.25580e+02   4.26200e+00  
     2022         9        19         5        10        58         82       7100       5362 1663564258.000   1663564258.000    6.30000e+02      90.00      45.00   2.78500e+02   3.53500e+02     1262.3       25.2   2.47500e+01   1.01000e-01     2           8.55900e+01   3.66700e+00  
     2022         9        19         5        13        58         83       7100       5362 1663564438.000   1663564438.000    6.30000e+02     180.00      45.00   2.78500e+02   3.53500e+02     1256.5       23.5   1.53200e+01   6.00000e-02     2           8.88000e+01   3.62400e+00  
     2022         9        19         5        16        22         84       7100       5362 1663564582.000   1663564582.000    6.30000e+02     -90.00      45.00   2.78500e+02   3.53500e+02     1277.0       22.1  -1.59700e+01   5.94000e-02     2           1.04820e+02   3.94900e+00  
     2022         9        19         5        18        46         85       7100       5362 1663564726.000   1663564726.000    6.30000e+02       0.00      90.00   2.78500e+02   3.53500e+02     1269.6       21.3           nan           nan     2           1.04060e+02   3.84800e+00  
     2022         9        19         5        21        10         86       7100       5362 1663564870.000   1663564870.000    6.30000e+02       0.00      45.00   2.78500e+02   3.53500e+02     1261.1       20.4  -1.26400e+01   4.45000e-02     2           1.19150e+02   4.20800e+00  
     2022         9        19         5        23        34         87       7100       5362 1663565014.000   1663565014.000    6.30000e+02      90.00      45.00   2.78500e+02   3.53500e+02     1260.9       22.0   2.02500e+01   7.29000e-02     2           1.02180e+02   3.88400e+00  
     2022         9        19         5        25        58         88       7100       5362 1663565158.000   1663565158.000    6.30000e+02     180.00      45.00   2.78500e+02   3.53500e+02     1259.7       20.8   1.65300e+01   5.68000e-02     2           1.05290e+02   3.84800e+00  
     2022         9        19         5        28        58         89       7100       5362 1663565338.000   1663565338.000    6.30000e+02     -90.00      45.00   2.78500e+02   3.53500e+02     1261.2       18.6  -2.38500e+01   7.66000e-02     2           1.34170e+02   4.35900e+00  
     2022         9        19         5        34        58         90       7100       5362 1663565698.000   1663565698.000    6.30000e+02       0.00      90.00   2.78500e+02   3.53500e+02     1253.2       18.1           nan           nan     2           1.31720e+02   4.23600e+00  
     2022         9        19         5        37        22         91       7100       5362 1663565842.000   1663565842.000    6.30000e+02       0.00      45.00   2.78500e+02   3.53500e+02     1247.3       18.8  -6.55000e+00   2.07000e-02     2           1.35040e+02   4.44200e+00  
     2022         9        19         5        39        46         92       7100       5362 1663565986.000   1663565986.000    6.30000e+02      90.00      45.00   2.78500e+02   3.53500e+02     1224.4       19.5   2.25400e+01   7.39000e-02     2           1.21210e+02   4.22400e+00  
     2022         9        19         5        42        10         93       7100       5362 1663566130.000   1663566130.000    6.30000e+02     180.00      45.00   2.78500e+02   3.53500e+02     1247.3       18.3   2.46400e+01   7.79000e-02     2           1.27040e+02   4.15200e+00  
     2022         9        19         5        44        34         94       7100       5362 1663566274.000   1663566274.000    6.30000e+02     -90.00      45.00   2.78500e+02   3.53500e+02     1239.0       21.2  -1.08000e+01   3.74000e-02     2           1.09370e+02   4.06700e+00  
     2022         9        19         5        47        34         95       7100       5362 1663566454.000   1663566454.000    6.30000e+02       0.00      90.00   2.78500e+02   3.53500e+02     1246.7       19.3           nan           nan     2           1.22810e+02   4.18800e+00  
     2022         9        19         5        49        58         96       7100       5362 1663566598.000   1663566598.000    6.30000e+02       0.00      45.00   2.78500e+02   3.53500e+02     1231.4       19.9  -1.18800e+01   4.03000e-02     2           1.22350e+02   4.30200e+00  
     2022         9        19         5        52        22         97       7100       5362 1663566742.000   1663566742.000    6.30000e+02      90.00      45.00   2.78500e+02   3.53500e+02     1232.4       21.2   1.82100e+01   6.39000e-02     2           1.07980e+02   4.03800e+00  
     2022         9        19         5        54        46         98       7100       5362 1663566886.000   1663566886.000    6.30000e+02     180.00      45.00   2.78500e+02   3.53500e+02     1215.5       22.6   1.64700e+01   6.03000e-02     2           9.17200e+01   3.70800e+00  
     2022         9        19         5        57        10         99       7100       5362 1663567030.000   1663567030.000    6.30000e+02     -90.00      45.00   2.78500e+02   3.53500e+02     1235.3       21.3  -1.25200e+01   4.41000e-02     2           1.09570e+02   4.09400e+00  
     2022         9        19         6         3        10        100       7100       5362 1663567390.000   1663567390.000    6.30000e+02       0.00      90.00   2.75500e+02   3.50500e+02     1232.0       19.4           nan           nan     2           1.18540e+02   4.10600e+00  
     2022         9        19         6         6        10        101       7100       5362 1663567570.000   1663567570.000    6.30000e+02       0.00      45.00   2.75500e+02   3.50500e+02     1237.5       19.8   1.00000e-02   0.00000e+00     2           1.25410e+02   4.34900e+00  
     2022         9        19         6         8        34        102       7100       5362 1663567714.000   1663567714.000    6.30000e+02      90.00      45.00   2.75500e+02   3.50500e+02     1216.9       25.0   1.67900e+01   6.64000e-02     2           8.35800e+01   3.67600e+00  
     2022         9        19         6        10        58        103       7100       5362 1663567858.000   1663567858.000    6.30000e+02     180.00      45.00   2.75500e+02   3.50500e+02     1200.6       25.1   3.65900e+01   1.48500e-01     2           7.85400e+01   3.52800e+00  
     2022         9        19         6        13        22        104       7100       5362 1663568002.000   1663568002.000    6.30000e+02     -90.00      45.00   2.75500e+02   3.50500e+02     1221.6       22.9   1.13000e+01   4.37000e-02     2           9.80100e+01   3.94600e+00  
     2022         9        19         6        15        46        105       7100       5362 1663568146.000   1663568146.000    6.30000e+02       0.00      90.00   2.75500e+02   3.50500e+02     1223.4       21.4           nan           nan     2           1.03790e+02   3.94700e+00  
     2022         9        19         6        18        10        106       7100       5362 1663568290.000   1663568290.000    6.30000e+02       0.00      45.00   2.75500e+02   3.50500e+02     1219.9       23.4  -2.68000e+00   1.09000e-02     2           9.77200e+01   3.99900e+00  
     2022         9        19         6        21        10        107       7100       5362 1663568470.000   1663568470.000    6.30000e+02      90.00      45.00   2.75500e+02   3.50500e+02     1211.3       27.3   7.42000e+00   3.36000e-02     1           7.30000e+01   3.49300e+00  
     2022         9        19         6        23        34        108       7100       5362 1663568614.000   1663568614.000    6.30000e+02     180.00      45.00   2.75500e+02   3.50500e+02     1211.9       26.6   3.40500e+01   1.55700e-01     1           7.43800e+01   3.48100e+00  
     2022         9        19         6        25        58        109       7100       5362 1663568758.000   1663568758.000    6.30000e+02     -90.00      45.00   2.75500e+02   3.50500e+02     1216.8       22.0  -7.22000e+00   3.05000e-02     2           1.01400e+02   3.96500e+00  
     2022         9        19         6        31        58        110       7100       5362 1663569118.000   1663569118.000    6.30000e+02       0.00      90.00   2.75500e+02   3.50500e+02     1205.7       28.4           nan           nan     1           6.79900e+01   3.39200e+00  
     2022         9        19         6        34        22        111       7100       5362 1663569262.000   1663569262.000    6.30000e+02       0.00      45.00   2.75500e+02   3.50500e+02     1217.5       27.0  -4.19000e+00   2.07000e-02     1           8.12500e+01   3.78600e+00  
     2022         9        19         6        36        46        112       7100       5362 1663569406.000   1663569406.000    6.30000e+02      90.00      45.00   2.75500e+02   3.50500e+02     1209.5       31.6   1.88400e+01   1.00000e-01     1           6.17800e+01   3.36700e+00  
     2022         9        19         6        39        10        113       7100       5362 1663569550.000   1663569550.000    6.30000e+02     180.00      45.00   2.75500e+02   3.50500e+02     1203.0       31.4   2.59700e+01   1.35800e-01     1           5.91100e+01   3.24100e+00  
     2022         9        19         6        42        10        114       7100       5362 1663569730.000   1663569730.000    6.30000e+02     -90.00      45.00   2.75500e+02   3.50500e+02     1223.4       27.2  -1.35000e+00   6.50000e-03     1           7.83000e+01   3.67700e+00  
     2022         9        19         6        44        34        115       7100       5362 1663569874.000   1663569874.000    6.30000e+02       0.00      90.00   2.75500e+02   3.50500e+02     1231.3       26.1           nan           nan     1           7.99200e+01   3.61500e+00  
     2022         9        19         6        46        58        116       7100       5362 1663570018.000   1663570018.000    6.30000e+02       0.00      45.00   2.75500e+02   3.50500e+02     1215.7       25.5   2.30500e+01   1.07200e-01     1           8.88600e+01   3.93200e+00  
     2022         9        19         6        49        22        117       7100       5362 1663570162.000   1663570162.000    6.30000e+02      90.00      45.00   2.75500e+02   3.50500e+02     1199.0       26.4   3.63000e+01   1.72300e-01     1           8.32500e+01   3.84300e+00  
     2022         9        19         6        51        46        118       7100       5362 1663570306.000   1663570306.000    6.30000e+02     180.00      45.00   2.75500e+02   3.50500e+02     1214.8       23.7   4.12800e+01   1.85100e-01     2           8.68100e+01   3.66400e+00  
     2022         9        19         6        54        10        119       7100       5362 1663570450.000   1663570450.000    6.30000e+02     -90.00      45.00   2.75500e+02   3.50500e+02     1219.1       27.5  -7.96000e+00   3.89000e-02     1           7.89900e+01   3.73800e+00  
     2022         9        19         7         0        46        120       7100       5362 1663570846.000   1663570846.000    6.30000e+02       0.00      90.00   2.59500e+02   3.34500e+02     1208.1       27.5           nan           nan     1           7.22000e+01   3.48800e+00  
     2022         9        19         7         3        10        121       7100       5362 1663570990.000   1663570990.000    6.30000e+02       0.00      45.00   2.59500e+02   3.34500e+02     1224.4       31.4   1.94300e+01   1.06600e-01     1           7.24300e+01   3.81900e+00  
     2022         9        19         7         5        34        122       7100       5362 1663571134.000   1663571134.000    6.30000e+02      90.00      45.00   2.59500e+02   3.34500e+02     1229.4       34.5   1.98300e+01   1.16700e-01     1           5.89200e+01   3.40600e+00  
     2022         9        19         7         7        58        123       7100       5362 1663571278.000   1663571278.000    6.30000e+02     180.00      45.00   2.59500e+02   3.34500e+02     1204.4       34.5   3.12500e+01   1.89300e-01     1           5.31700e+01   3.16100e+00  
     2022         9        19         7        10        22        124       7100       5362 1663571422.000   1663571422.000    6.30000e+02     -90.00      45.00   2.59500e+02   3.34500e+02     1227.0       35.3   1.15800e+01   7.22000e-02     1           5.58300e+01   3.31100e+00  
     2022         9        19         7        12        46        125       7100       5362 1663571566.000   1663571566.000    6.30000e+02       0.00      90.00   2.59500e+02   3.34500e+02     1219.0       34.3           nan           nan     1           5.71500e+01   3.32700e+00  
     2022         9        19         7        15        46        126       7100       5362 1663571746.000   1663571746.000    6.30000e+02       0.00      45.00   2.59500e+02   3.34500e+02     1231.8       39.4   1.56500e+01   1.06600e-01     1           5.35700e+01   3.46300e+00  
     2022         9        19         7        18        10        127       7100       5362 1663571890.000   1663571890.000    6.30000e+02      90.00      45.00   2.59500e+02   3.34500e+02     1218.5       35.0   2.48500e+01   1.61000e-01     1           5.92500e+01   3.48700e+00  
     2022         9        19         7        20        34        128       7100       5362 1663572034.000   1663572034.000    6.30000e+02     180.00      45.00   2.59500e+02   3.34500e+02     1194.1       39.9   3.22100e+01   2.24600e-01     0           4.36200e+01   2.98500e+00  
     2022         9        19         7        22        58        129       7100       5362 1663572178.000   1663572178.000    6.30000e+02     -90.00      45.00   2.59500e+02   3.34500e+02     1193.7       42.9   2.03000e+00   1.51000e-02     1           4.25000e+01   3.09300e+00  
     2022         9        19         7        28        58        130       7100       5362 1663572538.000   1663572538.000    6.30000e+02       0.00      90.00   2.59500e+02   3.34500e+02     1207.7       37.4           nan           nan     0           4.96900e+01   3.15900e+00  
     2022         9        19         7        31        22        131       7100       5362 1663572682.000   1663572682.000    6.30000e+02       0.00      45.00   2.59500e+02   3.34500e+02     1203.0       41.7  -7.14000e+00   5.26000e-02     1           4.62500e+01   3.23500e+00  
     2022         9        19         7        34        22        132       7100       5362 1663572862.000   1663572862.000    6.30000e+02      90.00      45.00   2.59500e+02   3.34500e+02     1200.9       42.1   2.21000e+01   1.63700e-01     0           4.26800e+01   3.04300e+00  
     2022         9        19         7        36        46        133       7100       5362 1663573006.000   1663573006.000    6.30000e+02     180.00      45.00   2.59500e+02   3.34500e+02     1230.5       46.7   4.60600e+01   3.59000e-01     0           3.71600e+01   2.85900e+00  
     2022         9        19         7        39        10        134       7100       5362 1663573150.000   1663573150.000    6.30000e+02     -90.00      45.00   2.59500e+02   3.34500e+02     1162.7       39.2  -3.78000e+00   2.76000e-02     0           4.59600e+01   3.15200e+00  
     2022         9        19         7        41        34        135       7100       5362 1663573294.000   1663573294.000    6.30000e+02       0.00      90.00   2.59500e+02   3.34500e+02     1204.8       38.0           nan           nan     0           4.87700e+01   3.15500e+00  
     2022         9        19         7        43        58        136       7100       5362 1663573438.000   1663573438.000    6.30000e+02       0.00      45.00   2.59500e+02   3.34500e+02     1223.8       40.1  -1.15400e+01   8.31000e-02     1           5.51300e+01   3.62300e+00  
     2022         9        19         7        46        22        137       7100       5362 1663573582.000   1663573582.000    6.30000e+02      90.00      45.00   2.59500e+02   3.34500e+02     1220.9       37.9   1.46300e+01   1.01000e-01     0           5.20500e+01   3.29800e+00  
     2022         9        19         7        49        22        138       7100       5362 1663573762.000   1663573762.000    6.30000e+02     180.00      45.00   2.59500e+02   3.34500e+02     1179.4       38.2   2.00900e+01   1.40000e-01     0           4.73000e+01   3.13500e+00  
     2022         9        19         7        51        46        139       7100       5362 1663573906.000   1663573906.000    6.30000e+02     -90.00      45.00   2.59500e+02   3.34500e+02     1228.1       38.4  -9.68000e+00   6.66000e-02     0           5.28300e+01   3.36000e+00  
     2022         9        19         7        57        46        140       7100       5362 1663574266.000   1663574266.000    6.30000e+02       0.00      90.00   2.59500e+02   3.34500e+02     1187.0       33.8           nan           nan     1           6.18900e+01   3.59900e+00  
     2022         9        19         8         0        10        141       7100       5362 1663574410.000   1663574410.000    6.30000e+02       0.00      45.00   2.43500e+02   3.18500e+02     1214.6       35.6  -1.16100e+01   7.44000e-02     1           6.56100e+01   3.87800e+00  
     2022         9        19         8         2        34        142       7100       5362 1663574554.000   1663574554.000    6.30000e+02      90.00      45.00   2.43500e+02   3.18500e+02     1199.0       35.2   1.08100e+01   6.95000e-02     1           6.67000e+01   3.94300e+00  
     2022         9        19         8         4        58        143       7100       5362 1663574698.000   1663574698.000    6.30000e+02     180.00      45.00   2.43500e+02   3.18500e+02     1196.9       34.2   1.10400e+01   6.89000e-02     1           7.52700e+01   4.29600e+00  
     2022         9        19         8         7        58        144       7100       5362 1663574878.000   1663574878.000    6.30000e+02     -90.00      45.00   2.43500e+02   3.18500e+02     1246.6       35.2  -1.49500e+01   9.37000e-02     2           9.12400e+01   5.06400e+00  
     2022         9        19         8        10        22        145       7100       5362 1663575022.000   1663575022.000    6.30000e+02       0.00      90.00   2.43500e+02   3.18500e+02     1281.4       30.5           nan           nan     2           1.46970e+02   6.79400e+00  
     2022         9        19         8        12        46        146       7100       5362 1663575166.000   1663575166.000    6.30000e+02       0.00      45.00   2.43500e+02   3.18500e+02     1350.5       35.5  -1.28800e+01   7.96000e-02     2           1.55510e+02   7.79600e+00  
