   YEAR     MONTH      DAY       HOUR      MIN       SEC       RECNO     KINDAT      KINST       UT1_UNIX        UT2_UNIX        WAVLEN        AZM        ELM         ALTB          ALTE         TN         DTN        VNHLU         DVNHLU     FPI_DATAQUAL      RLE           DRLE     
     2022         9        27         0        51        46          0       7100       5362 1664239906.000   1664239906.000    6.30000e+02       0.00      90.00   2.33500e+02   3.08500e+02     1138.6       37.6           nan           nan     1           5.95000e+01   3.92500e+00  
     2022         9        27         0        54        10          1       7100       5362 1664240050.000   1664240050.000    6.30000e+02       0.00      45.00   2.33500e+02   3.08500e+02     1178.1       44.7   9.10000e+00   1.93700e-01     2           5.86300e+01   4.33400e+00  
     2022         9        27         0        56        34          2       7100       5362 1664240194.000   1664240194.000    6.30000e+02      90.00      45.00   2.33500e+02   3.08500e+02     1114.5       40.4   3.18400e+01   6.43900e-01     1           5.02200e+01   3.62300e+00  
     2022         9        27         0        58        58          3       7100       5362 1664240338.000   1664240338.000    6.30000e+02     180.00      45.00   2.48500e+02   3.23500e+02     1067.2       26.4   1.82700e+01   3.01000e-01     1           7.98200e+01   4.06800e+00  
     2022         9        27         1         1        22          4       7100       5362 1664240482.000   1664240482.000    6.30000e+02     -90.00      45.00   2.48500e+02   3.23500e+02     1158.1       40.5   2.87700e+01   5.59200e-01     2           6.80900e+01   4.64100e+00  
     2022         9        27         1         3        46          5       7100       5362 1664240626.000   1664240626.000    6.30000e+02       0.00      90.00   2.48500e+02   3.23500e+02     1140.2       33.6           nan           nan     1           6.72300e+01   3.99400e+00  
     2022         9        27         1         6        10          6       7100       5362 1664240770.000   1664240770.000    6.30000e+02       0.00      45.00   2.48500e+02   3.23500e+02     1180.8       48.8   1.59200e+01   3.61600e-01     2           5.24800e+01   4.20100e+00  
     2022         9        27         1         9        10          7       7100       5362 1664240950.000   1664240950.000    6.30000e+02      90.00      45.00   2.48500e+02   3.23500e+02     1101.0       44.1   4.35200e+01   9.45100e-01     1           4.21800e+01   3.36100e+00  
     2022         9        27         1        11        34          8       7100       5362 1664241094.000   1664241094.000    6.30000e+02     180.00      45.00   2.48500e+02   3.23500e+02     1154.4       58.2   1.91500e+01   4.92400e-01     2           3.22700e+01   3.18600e+00  
     2022         9        27         1        13        58          9       7100       5362 1664241238.000   1664241238.000    6.30000e+02     -90.00      45.00   2.48500e+02   3.23500e+02     1215.8       67.3  -2.89900e+01   7.88700e-01     2           3.83900e+01   4.06300e+00  
     2022         9        27         1        19        58         10       7100       5362 1664241598.000   1664241598.000    6.30000e+02       0.00      90.00   2.48500e+02   3.23500e+02     1127.5       38.5           nan           nan     1           5.49700e+01   3.74100e+00  
     2022         9        27         1        22        22         11       7100       5362 1664241742.000   1664241742.000    6.30000e+02       0.00      45.00   2.48500e+02   3.23500e+02     1221.8       61.2  -2.44900e+01   7.12300e-01     2           4.33200e+01   4.14900e+00  
     2022         9        27         1        24        46         12       7100       5362 1664241886.000   1664241886.000    6.30000e+02      90.00      45.00   2.48500e+02   3.23500e+02     1131.0       42.9   1.91500e+01   5.16700e-01     1           4.25600e+01   3.24200e+00  
     2022         9        27         1        27        46         13       7100       5362 1664242066.000   1664242066.000    6.30000e+02     180.00      45.00   2.48500e+02   3.23500e+02     1383.7      101.5   2.94100e+01   1.41000e+00     2           2.16800e+01   3.03000e+00  
     2022         9        27         1        32        34         14       7100       5362 1664242354.000   1664242354.000    6.30000e+02       0.00      90.00   2.48500e+02   3.23500e+02     1189.7       64.7           nan           nan     2           3.19400e+01   3.36400e+00  
     2022         9        27         1        37        22         15       7100       5362 1664242642.000   1664242642.000    6.30000e+02      90.00      45.00   2.48500e+02   3.23500e+02     1181.6       84.2   2.84700e+01   1.26280e+00     2           2.11200e+01   2.88300e+00  
     2022         9        27         1        48        46         16       7100       5362 1664243326.000   1664243326.000    6.30000e+02       0.00      90.00   2.48500e+02   3.23500e+02     1146.1       56.5           nan           nan     2           3.58300e+01   3.44500e+00  
     2022         9        27         1        53        34         17       7100       5362 1664243614.000   1664243614.000    6.30000e+02      90.00      45.00   2.48500e+02   3.23500e+02     1237.5       69.7   1.22200e+01   4.80700e-01     2           2.79200e+01   3.05800e+00  
     2022         9        27         1        55        58         18       7100       5362 1664243758.000   1664243758.000    6.30000e+02     180.00      45.00   2.48500e+02   3.23500e+02     1155.3       77.9   3.76100e+01   1.60990e+00     2           2.29300e+01   2.96900e+00  
     2022         9        27         2         0        46         19       7100       5362 1664244046.000   1664244046.000    6.30000e+02       0.00      90.00   2.63500e+02   3.38500e+02     1156.9       70.4           nan           nan     2           2.72700e+01   3.20300e+00  
     2022         9        27         2         6        10         20       7100       5362 1664244370.000   1664244370.000    6.30000e+02      90.00      45.00   2.63500e+02   3.38500e+02     1199.0       92.8   2.79200e+01   1.49680e+00     2           1.80300e+01   2.68100e+00  
     2022         9        27         2        16        58         21       7100       5362 1664245018.000   1664245018.000    6.30000e+02       0.00      90.00   2.63500e+02   3.38500e+02     1302.9       90.8           nan           nan     2           2.35900e+01   3.14000e+00  
     2022         9        27         2        24        46         22       7100       5362 1664245486.000   1664245486.000    6.30000e+02     180.00      45.00   2.63500e+02   3.38500e+02     1237.1       76.3   8.65000e+00   5.15700e-01     2           2.48300e+01   2.96600e+00  
     2022         9        27         2        31        58         23       7100       5362 1664245918.000   1664245918.000    6.30000e+02       0.00      45.00   2.63500e+02   3.38500e+02     1351.1      101.5   1.20200e+01   8.40100e-01     2           2.40600e+01   3.42000e+00  
     2022         9        27         2        45        46         24       7100       5362 1664246746.000   1664246746.000    6.30000e+02       0.00      90.00   2.63500e+02   3.38500e+02     1211.9       91.7           nan           nan     2           1.91600e+01   2.78200e+00  
     2022         9        27         2        50        34         25       7100       5362 1664247034.000   1664247034.000    6.30000e+02      90.00      45.00   2.63500e+02   3.38500e+02     1274.4      108.2   2.32000e+00   1.62800e-01     2           1.60100e+01   2.59700e+00  
