   YEAR     MONTH      DAY       HOUR      MIN       SEC       RECNO     KINDAT      KINST       UT1_UNIX        UT2_UNIX        WAVLEN        AZM        ELM         ALTB          ALTE         TN         DTN        VNHLU         DVNHLU     FPI_DATAQUAL      RLE           DRLE     
     2022         9        12        21        29        34          0       7100       5362 1663018174.000   1663018174.000    6.30000e+02       0.00      45.00   2.15500e+02   2.90500e+02     1686.0       67.9   4.94400e+01   4.54700e-01     2           7.50500e+01   5.68800e+00  
     2022         9        12        21        32        34          1       7100       5362 1663018354.000   1663018354.000    6.30000e+02      90.00      45.00   2.15500e+02   2.90500e+02     1646.2       68.2   5.41600e+01   4.97500e-01     2           5.60100e+01   4.42900e+00  
     2022         9        12        22        34        22          2       7100       5362 1663022062.000   1663022062.000    6.30000e+02     -90.00      45.00   2.24500e+02   2.99500e+02     1394.6       42.8   4.13300e+01   3.04000e-01     1           6.11000e+01   3.75700e+00  
     2022         9        12        22        39        10          3       7100       5362 1663022350.000   1663022350.000    6.30000e+02       0.00      45.00   2.24500e+02   2.99500e+02     1467.2       39.5   2.25200e+01   1.57700e-01     1           8.69400e+01   4.64000e+00  
     2022         9        12        22        55        22          4       7100       5362 1663023322.000   1663023322.000    6.30000e+02       0.00      45.00   2.24500e+02   2.99500e+02     1459.3       59.7   3.34400e+01   2.98200e-01     2           5.39700e+01   4.25100e+00  
     2022         9        12        22        57        46          5       7100       5362 1663023466.000   1663023466.000    6.30000e+02      90.00      45.00   2.24500e+02   2.99500e+02     1426.5       48.8   3.36500e+01   2.67800e-01     1           5.65900e+01   3.82600e+00  
     2022         9        12        23         0        46          6       7100       5362 1663023646.000   1663023646.000    6.30000e+02     180.00      45.00   2.31500e+02   3.06500e+02     1395.7       53.6   5.23400e+01   4.33900e-01     1           4.17100e+01   3.18900e+00  
     2022         9        12        23         3        10          7       7100       5362 1663023790.000   1663023790.000    6.30000e+02     -90.00      45.00   2.31500e+02   3.06500e+02     1490.4       86.9   4.10300e+01   4.52400e-01     2           2.98000e+01   3.31700e+00  
     2022         9        12        23         5        34          8       7100       5362 1663023934.000   1663023934.000    6.30000e+02       0.00      90.00   2.31500e+02   3.06500e+02     1454.4       42.5           nan           nan     1           8.28100e+01   4.74800e+00  
     2022         9        12        23         7        58          9       7100       5362 1663024078.000   1663024078.000    6.30000e+02       0.00      45.00   2.31500e+02   3.06500e+02     1482.6       36.1   6.29000e+00   4.33000e-02     1           1.13820e+02   5.46200e+00  
     2022         9        12        23        10        22         10       7100       5362 1663024222.000   1663024222.000    6.30000e+02      90.00      45.00   2.31500e+02   3.06500e+02     1403.2       36.9   1.25000e+01   8.98000e-02     1           8.76400e+01   4.59300e+00  
     2022         9        12        23        12        46         11       7100       5362 1663024366.000   1663024366.000    6.30000e+02     180.00      45.00   2.31500e+02   3.06500e+02     1363.3       33.1   1.98300e+01   1.39000e-01     1           8.26600e+01   4.09900e+00  
     2022         9        12        23        28        58         12       7100       5362 1663025338.000   1663025338.000    6.30000e+02     180.00      45.00   2.31500e+02   3.06500e+02     1350.9       34.5   5.12700e+01   4.19100e-01     1           6.49700e+01   3.44900e+00  
     2022         9        12        23        31        22         13       7100       5362 1663025482.000   1663025482.000    6.30000e+02     -90.00      45.00   2.31500e+02   3.06500e+02     1370.5       45.9   2.85400e+01   2.67200e-01     1           4.55700e+01   3.10100e+00  
     2022         9        12        23        34        22         14       7100       5362 1663025662.000   1663025662.000    6.30000e+02       0.00      90.00   2.31500e+02   3.06500e+02     1385.2       62.6           nan           nan     1           3.14900e+01   2.82600e+00  
     2022         9        12        23        36        46         15       7100       5362 1663025806.000   1663025806.000    6.30000e+02       0.00      45.00   2.31500e+02   3.06500e+02     1440.0       75.9   1.62000e+01   1.98600e-01     2           3.16800e+01   3.22900e+00  
     2022         9        12        23        39        10         16       7100       5362 1663025950.000   1663025950.000    6.30000e+02      90.00      45.00   2.31500e+02   3.06500e+02     1406.2       57.6   5.23400e+01   5.58600e-01     1           3.55600e+01   2.90700e+00  
     2022         9        12        23        41        34         17       7100       5362 1663026094.000   1663026094.000    6.30000e+02     180.00      45.00   2.31500e+02   3.06500e+02     1387.6       78.8   1.96000e+01   2.49300e-01     2           2.44700e+01   2.71000e+00  
     2022         9        12        23        43        58         18       7100       5362 1663026238.000   1663026238.000    6.30000e+02     -90.00      45.00   2.31500e+02   3.06500e+02     1523.9      131.2  -3.39100e+01   5.83000e-01     2           1.65300e+01   2.68900e+00  
     2022         9        12        23        49        58         19       7100       5362 1663026598.000   1663026598.000    6.30000e+02       0.00      90.00   2.31500e+02   3.06500e+02     1497.8       68.3           nan           nan     2           3.76700e+01   3.34200e+00  
     2022         9        12        23        52        58         20       7100       5362 1663026778.000   1663026778.000    6.30000e+02       0.00      45.00   2.31500e+02   3.06500e+02     1474.5       56.4   8.61000e+00   9.21000e-02     2           5.36300e+01   3.99000e+00  
     2022         9        12        23        55        22         21       7100       5362 1663026922.000   1663026922.000    6.30000e+02      90.00      45.00   2.31500e+02   3.06500e+02     1425.1       44.2   3.53100e+01   3.37700e-01     1           5.89100e+01   3.66300e+00  
     2022         9        12        23        57        46         22       7100       5362 1663027066.000   1663027066.000    6.30000e+02     180.00      45.00   2.31500e+02   3.06500e+02     1443.1       72.1   5.11200e+01   6.21300e-01     2           3.29400e+01   3.19000e+00  
     2022         9        13         0         0        10         23       7100       5362 1663027210.000   1663027210.000    6.30000e+02     -90.00      45.00   2.42500e+02   3.17500e+02     1540.2       81.5   3.52800e+01   4.46200e-01     2           3.81100e+01   3.83300e+00  
     2022         9        13         0         4        58         24       7100       5362 1663027498.000   1663027498.000    6.30000e+02       0.00      45.00   2.42500e+02   3.17500e+02     1479.0       42.7   4.45000e+00   4.06000e-02     2           8.66300e+01   4.89800e+00  
     2022         9        13         0         7        22         25       7100       5362 1663027642.000   1663027642.000    6.30000e+02      90.00      45.00   2.42500e+02   3.17500e+02     1401.4       49.2   3.56000e+01   3.43900e-01     1           4.97100e+01   3.47800e+00  
     2022         9        13         0        10        22         26       7100       5362 1663027822.000   1663027822.000    6.30000e+02     180.00      45.00   2.42500e+02   3.17500e+02     1458.5       79.3   4.62100e+01   5.69200e-01     2           3.06500e+01   3.20800e+00  
     2022         9        13         0        18        46         27       7100       5362 1663028326.000   1663028326.000    6.30000e+02       0.00      90.00   2.42500e+02   3.17500e+02     1484.1       58.2           nan           nan     2           5.46500e+01   4.14500e+00  
     2022         9        13         0        36        10         28       7100       5362 1663029370.000   1663029370.000    6.30000e+02      90.00      45.00   2.42500e+02   3.17500e+02     1444.9       91.5   3.76300e+01   5.24000e-01     2           2.88300e+01   3.46300e+00  
     2022         9        13         0        47        34         29       7100       5362 1663030054.000   1663030054.000    6.30000e+02       0.00      90.00   2.42500e+02   3.17500e+02     1494.1       63.4           nan           nan     2           5.66800e+01   4.59100e+00  
     2022         9        13         0        52        22         30       7100       5362 1663030342.000   1663030342.000    6.30000e+02      90.00      45.00   2.42500e+02   3.17500e+02     1568.5       72.9  -2.69600e+01   3.19100e-01     2           5.61200e+01   4.92200e+00  
     2022         9        13         0        54        46         31       7100       5362 1663030486.000   1663030486.000    6.30000e+02     180.00      45.00   2.42500e+02   3.17500e+02     1380.2       80.3   2.18500e+01   2.82600e-01     2           3.06000e+01   3.40200e+00  
     2022         9        13         0        57        10         32       7100       5362 1663030630.000   1663030630.000    6.30000e+02     -90.00      45.00   2.42500e+02   3.17500e+02     1657.5      117.2  -3.67300e+01   5.62400e-01     2           2.86700e+01   3.78600e+00  
     2022         9        13         0        59        34         33       7100       5362 1663030774.000   1663030774.000    6.30000e+02       0.00      90.00   2.52500e+02   3.27500e+02     1502.2       63.9           nan           nan     2           5.40600e+01   4.39800e+00  
     2022         9        13         1         4        58         34       7100       5362 1663031098.000   1663031098.000    6.30000e+02      90.00      45.00   2.52500e+02   3.27500e+02     1423.0       67.0   6.65100e+01   7.24400e-01     2           4.03800e+01   3.66400e+00  
     2022         9        13         1         7        22         35       7100       5362 1663031242.000   1663031242.000    6.30000e+02     180.00      45.00   2.52500e+02   3.27500e+02     1439.5       69.8   4.14600e+01   4.48400e-01     2           4.22400e+01   3.92000e+00  
     2022         9        13         1         9        46         36       7100       5362 1663031386.000   1663031386.000    6.30000e+02     -90.00      45.00   2.52500e+02   3.27500e+02     1405.7       48.7  -2.36200e+01   2.01900e-01     2           7.12300e+01   4.77200e+00  
     2022         9        13         1        15        46         37       7100       5362 1663031746.000   1663031746.000    6.30000e+02       0.00      90.00   2.52500e+02   3.27500e+02     1416.4       37.3           nan           nan     1           9.64200e+01   5.01900e+00  
     2022         9        13         1        21        10         38       7100       5362 1663032070.000   1663032070.000    6.30000e+02      90.00      45.00   2.52500e+02   3.27500e+02     1378.7       65.9   3.79900e+01   3.56400e-01     2           3.96700e+01   3.65500e+00  
     2022         9        13         1        23        34         39       7100       5362 1663032214.000   1663032214.000    6.30000e+02     180.00      45.00   2.52500e+02   3.27500e+02     1418.6       56.2   5.40300e+01   4.60600e-01     2           5.32900e+01   4.09000e+00  
     2022         9        13         1        25        58         40       7100       5362 1663032358.000   1663032358.000    6.30000e+02     -90.00      45.00   2.52500e+02   3.27500e+02     1457.6       65.2  -1.26900e+01   1.19800e-01     2           5.34200e+01   4.55100e+00  
     2022         9        13         1        28        22         41       7100       5362 1663032502.000   1663032502.000    6.30000e+02       0.00      90.00   2.52500e+02   3.27500e+02     1417.4       41.4           nan           nan     1           8.02300e+01   4.61900e+00  
     2022         9        13         1        30        46         42       7100       5362 1663032646.000   1663032646.000    6.30000e+02       0.00      45.00   2.52500e+02   3.27500e+02     1516.9       83.2   5.47000e+00   5.94000e-02     2           4.25400e+01   4.39200e+00  
     2022         9        13         1        33        10         43       7100       5362 1663032790.000   1663032790.000    6.30000e+02      90.00      45.00   2.52500e+02   3.27500e+02     1365.8       50.5   2.39500e+01   1.95700e-01     1           5.10900e+01   3.71600e+00  
     2022         9        13         1        36        10         44       7100       5362 1663032970.000   1663032970.000    6.30000e+02     180.00      45.00   2.52500e+02   3.27500e+02     1318.7       37.3   3.27200e+01   2.26400e-01     1           7.48400e+01   4.23000e+00  
     2022         9        13         1        38        34         45       7100       5362 1663033114.000   1663033114.000    6.30000e+02     -90.00      45.00   2.52500e+02   3.27500e+02     1368.8       37.9   1.26800e+01   8.68000e-02     2           9.67600e+01   5.24300e+00  
     2022         9        13         1        44        34         46       7100       5362 1663033474.000   1663033474.000    6.30000e+02       0.00      90.00   2.52500e+02   3.27500e+02     1364.2       36.6           nan           nan     1           9.37600e+01   4.97300e+00  
     2022         9        13         1        46        58         47       7100       5362 1663033618.000   1663033618.000    6.30000e+02       0.00      45.00   2.52500e+02   3.27500e+02     1345.9       39.1  -2.87900e+01   1.99000e-01     2           8.68300e+01   4.94700e+00  
     2022         9        13         1        49        22         48       7100       5362 1663033762.000   1663033762.000    6.30000e+02      90.00      45.00   2.52500e+02   3.27500e+02     1331.5       33.4  -1.34000e+01   8.44000e-02     1           9.48600e+01   4.75300e+00  
     2022         9        13         1        51        46         49       7100       5362 1663033906.000   1663033906.000    6.30000e+02     180.00      45.00   2.52500e+02   3.27500e+02     1284.1       24.0   3.20300e+01   1.72800e-01     1           1.42710e+02   5.44800e+00  
     2022         9        13         1        54        10         50       7100       5362 1663034050.000   1663034050.000    6.30000e+02     -90.00      45.00   2.52500e+02   3.27500e+02     1312.2       36.4   2.67600e+01   1.74800e-01     1           8.54600e+01   4.70200e+00  
     2022         9        13         1        57        10         51       7100       5362 1663034230.000   1663034230.000    6.30000e+02       0.00      90.00   2.52500e+02   3.27500e+02     1349.3       33.5           nan           nan     1           1.11160e+02   5.44900e+00  
     2022         9        13         1        59        34         52       7100       5362 1663034374.000   1663034374.000    6.30000e+02       0.00      45.00   2.67500e+02   3.42500e+02     1301.1       36.6  -4.53900e+01   2.83700e-01     1           7.81300e+01   4.37800e+00  
     2022         9        13         2         1        58         53       7100       5362 1663034518.000   1663034518.000    6.30000e+02      90.00      45.00   2.67500e+02   3.42500e+02     1268.4       29.6  -3.60800e+01   1.96000e-01     1           9.03600e+01   4.31300e+00  
     2022         9        13         2         4        22         54       7100       5362 1663034662.000   1663034662.000    6.30000e+02     180.00      45.00   2.67500e+02   3.42500e+02     1258.6       22.9  -9.29000e+00   4.25000e-02     1           1.28780e+02   4.87700e+00  
     2022         9        13         2        12        46         55       7100       5362 1663035166.000   1663035166.000    6.30000e+02       0.00      90.00   2.67500e+02   3.42500e+02     1256.0       19.0           nan           nan     1           2.04530e+02   6.36900e+00  
     2022         9        13         2        15        46         56       7100       5362 1663035346.000   1663035346.000    6.30000e+02       0.00      45.00   2.67500e+02   3.42500e+02     1316.5       23.6   1.96400e+01   8.01000e-02     2           2.09370e+02   7.41200e+00  
     2022         9        13         2        18        10         57       7100       5362 1663035490.000   1663035490.000    6.30000e+02      90.00      45.00   2.67500e+02   3.42500e+02     1279.5       24.0   5.12100e+01   2.17500e-01     2           1.90460e+02   7.06700e+00  
     2022         9        13         2        20        34         58       7100       5362 1663035634.000   1663035634.000    6.30000e+02     180.00      45.00   2.67500e+02   3.42500e+02     1276.3       22.7   4.08000e+01   1.71600e-01     1           1.85660e+02   6.61100e+00  
     2022         9        13         2        22        58         59       7100       5362 1663035778.000   1663035778.000    6.30000e+02     -90.00      45.00   2.67500e+02   3.42500e+02     1271.4       18.3  -2.95900e+01   1.14100e-01     1           2.29570e+02   6.77800e+00  
     2022         9        13         2        25        22         60       7100       5362 1663035922.000   1663035922.000    6.30000e+02       0.00      90.00   2.67500e+02   3.42500e+02     1290.7       24.2           nan           nan     2           1.86840e+02   6.94800e+00  
     2022         9        13         2        27        46         61       7100       5362 1663036066.000   1663036066.000    6.30000e+02       0.00      45.00   2.67500e+02   3.42500e+02     1268.7       19.4   3.70200e+01   1.61900e-01     2           2.67780e+02   8.14600e+00  
     2022         9        13         2        30        46         62       7100       5362 1663036246.000   1663036246.000    6.30000e+02      90.00      45.00   2.67500e+02   3.42500e+02     1395.1       39.4   5.41600e+01   3.55800e-01     2           1.54020e+02   8.22200e+00  
     2022         9        13         2        33        10         63       7100       5362 1663036390.000   1663036390.000    6.30000e+02     180.00      45.00   2.67500e+02   3.42500e+02     1370.8       41.3   6.16100e+01   4.27100e-01     2           1.03780e+02   6.01800e+00  
     2022         9        13         2        35        34         64       7100       5362 1663036534.000   1663036534.000    6.30000e+02     -90.00      45.00   2.67500e+02   3.42500e+02     1470.2       49.0   4.10100e+01   3.20500e-01     2           9.79300e+01   6.21000e+00  
     2022         9        13         2        41        34         65       7100       5362 1663036894.000   1663036894.000    6.30000e+02       0.00      90.00   2.67500e+02   3.42500e+02     1336.7       42.6           nan           nan     2           7.79800e+01   4.84400e+00  
     2022         9        13         2        43        58         66       7100       5362 1663037038.000   1663037038.000    6.30000e+02       0.00      45.00   2.67500e+02   3.42500e+02     1313.8       30.8   2.39900e+01   1.60500e-01     2           1.31420e+02   6.05600e+00  
     2022         9        13         2        46        22         67       7100       5362 1663037182.000   1663037182.000    6.30000e+02      90.00      45.00   2.67500e+02   3.42500e+02     1344.0       43.5   5.12100e+01   3.92300e-01     2           7.65300e+01   4.82300e+00  
     2022         9        13         2        49        22         68       7100       5362 1663037362.000   1663037362.000    6.30000e+02     180.00      45.00   2.67500e+02   3.42500e+02     1434.2       51.6   3.51300e+01   2.77300e-01     2           6.76300e+01   4.69900e+00  
     2022         9        13         2        51        46         69       7100       5362 1663037506.000   1663037506.000    6.30000e+02     -90.00      45.00   2.67500e+02   3.42500e+02     1310.2       41.6   2.30700e+01   1.61800e-01     2           7.89200e+01   4.88300e+00  
     2022         9        13         2        54        10         70       7100       5362 1663037650.000   1663037650.000    6.30000e+02       0.00      90.00   2.67500e+02   3.42500e+02     1337.3       30.0           nan           nan     1           1.33590e+02   5.92600e+00  
     2022         9        13         2        56        34         71       7100       5362 1663037794.000   1663037794.000    6.30000e+02       0.00      45.00   2.67500e+02   3.42500e+02     1340.7       30.1   1.79100e+01   1.09000e-01     1           1.37890e+02   6.10700e+00  
     2022         9        13         2        58        58         72       7100       5362 1663037938.000   1663037938.000    6.30000e+02      90.00      45.00   2.81500e+02   3.56500e+02     1331.4       34.9   3.24500e+01   2.30200e-01     2           1.06230e+02   5.46600e+00  
     2022         9        13         3         1        22         73       7100       5362 1663038082.000   1663038082.000    6.30000e+02     180.00      45.00   2.81500e+02   3.56500e+02     1371.5       46.8   3.02200e+01   2.61600e-01     2           7.35800e+01   4.85800e+00  
     2022         9        13         3         3        46         74       7100       5362 1663038226.000   1663038226.000    6.30000e+02     -90.00      45.00   2.81500e+02   3.56500e+02     1393.2       56.4   5.02000e+00   5.05000e-02     2           6.91100e+01   5.32000e+00  
     2022         9        13         3        10        22         75       7100       5362 1663038622.000   1663038622.000    6.30000e+02       0.00      90.00   2.81500e+02   3.56500e+02     1424.4       63.7           nan           nan     2           5.23300e+01   4.46400e+00  
     2022         9        13         3        12        46         76       7100       5362 1663038766.000   1663038766.000    6.30000e+02       0.00      45.00   2.81500e+02   3.56500e+02     1323.0       25.3   1.64600e+01   1.31100e-01     2           2.05630e+02   7.69400e+00  
     2022         9        13         3        15        10         77       7100       5362 1663038910.000   1663038910.000    6.30000e+02      90.00      45.00   2.81500e+02   3.56500e+02     1379.6       47.4   3.42100e+01   3.26100e-01     2           7.38300e+01   4.90500e+00  
     2022         9        13         3        17        34         78       7100       5362 1663039054.000   1663039054.000    6.30000e+02     180.00      45.00   2.81500e+02   3.56500e+02     1334.2       36.8   1.98800e+01   1.63000e-01     2           1.05190e+02   5.65400e+00  
     2022         9        13         3        19        58         79       7100       5362 1663039198.000   1663039198.000    6.30000e+02     -90.00      45.00   2.81500e+02   3.56500e+02     1278.4       18.9  -5.92000e+01   3.55700e-01     1           2.07070e+02   6.31300e+00  
     2022         9        13         3        22        22         80       7100       5362 1663039342.000   1663039342.000    6.30000e+02       0.00      90.00   2.81500e+02   3.56500e+02     1344.4       40.6           nan           nan     2           1.04570e+02   6.07900e+00  
     2022         9        13         3        25        22         81       7100       5362 1663039522.000   1663039522.000    6.30000e+02       0.00      45.00   2.81500e+02   3.56500e+02     1356.3       26.5   2.67900e+01   1.66300e-01     2           2.24700e+02   8.49800e+00  
     2022         9        13         3        27        46         82       7100       5362 1663039666.000   1663039666.000    6.30000e+02      90.00      45.00   2.81500e+02   3.56500e+02     1365.1       33.2   6.03800e+01   4.00900e-01     2           1.46820e+02   6.90200e+00  
     2022         9        13         3        30        10         83       7100       5362 1663039810.000   1663039810.000    6.30000e+02     180.00      45.00   2.81500e+02   3.56500e+02     1287.9       25.4  -1.07100e+01   6.07000e-02     1           1.29030e+02   5.18600e+00  
     2022         9        13         3        32        34         84       7100       5362 1663039954.000   1663039954.000    6.30000e+02     -90.00      45.00   2.81500e+02   3.56500e+02     1266.3       17.5  -5.21800e+01   2.47900e-01     1           2.15530e+02   6.22600e+00  
     2022         9        13         3        38        34         85       7100       5362 1663040314.000   1663040314.000    6.30000e+02       0.00      90.00   2.81500e+02   3.56500e+02     1312.5       28.6           nan           nan     1           1.47180e+02   6.31400e+00  
     2022         9        13         3        40        58         86       7100       5362 1663040458.000   1663040458.000    6.30000e+02       0.00      45.00   2.81500e+02   3.56500e+02     1339.3       22.9   2.48200e+01   1.20100e-01     2           2.62600e+02   8.78100e+00  
     2022         9        13         3        43        58         87       7100       5362 1663040638.000   1663040638.000    6.30000e+02      90.00      45.00   2.81500e+02   3.56500e+02     1348.3       29.0   6.66000e+01   3.61600e-01     2           1.73540e+02   7.26000e+00  
     2022         9        13         3        46        22         88       7100       5362 1663040782.000   1663040782.000    6.30000e+02     180.00      45.00   2.81500e+02   3.56500e+02     1305.2       25.8   7.00000e-01   3.60000e-03     1           1.28320e+02   5.17300e+00  
     2022         9        13         3        48        46         89       7100       5362 1663040926.000   1663040926.000    6.30000e+02     -90.00      45.00   2.81500e+02   3.56500e+02     1290.2       18.7  -5.16000e+01   2.25700e-01     1           2.02390e+02   6.11000e+00  
     2022         9        13         3        51        10         90       7100       5362 1663041070.000   1663041070.000    6.30000e+02       0.00      90.00   2.81500e+02   3.56500e+02     1326.4       28.6           nan           nan     1           1.46460e+02   6.23100e+00  
     2022         9        13         3        53        34         91       7100       5362 1663041214.000   1663041214.000    6.30000e+02       0.00      45.00   2.81500e+02   3.56500e+02     1357.8       22.7   3.09000e+00   1.48000e-02     2           2.79850e+02   9.12800e+00  
     2022         9        13         3        55        58         92       7100       5362 1663041358.000   1663041358.000    6.30000e+02      90.00      45.00   2.81500e+02   3.56500e+02     1339.4       26.6   5.64900e+01   2.91600e-01     2           1.81040e+02   7.06800e+00  
     2022         9        13         3        58        58         93       7100       5362 1663041538.000   1663041538.000    6.30000e+02     180.00      45.00   2.84500e+02   3.59500e+02     1313.9       26.0  -3.99000e+00   2.02000e-02     1           1.27970e+02   5.16700e+00  
     2022         9        13         4         1        58         94       7100       5362 1663041718.000   1663041718.000    6.30000e+02     -90.00      45.00   2.84500e+02   3.59500e+02     1312.7       19.0  -4.78300e+01   2.08000e-01     1           2.05280e+02   6.16000e+00  
     2022         9        13         4         7        58         95       7100       5362 1663042078.000   1663042078.000    6.30000e+02       0.00      90.00   2.84500e+02   3.59500e+02     1350.1       28.0           nan           nan     2           1.63170e+02   6.65200e+00  
     2022         9        13         4        10        22         96       7100       5362 1663042222.000   1663042222.000    6.30000e+02       0.00      45.00   2.84500e+02   3.59500e+02     1357.9       21.9  -1.09800e+01   5.11000e-02     2           3.11430e+02   9.76100e+00  
     2022         9        13         4        12        46         97       7100       5362 1663042366.000   1663042366.000    6.30000e+02      90.00      45.00   2.84500e+02   3.59500e+02     1333.9       24.2   5.33500e+01   2.57500e-01     2           1.96390e+02   7.07200e+00  
     2022         9        13         4        15        10         98       7100       5362 1663042510.000   1663042510.000    6.30000e+02     180.00      45.00   2.84500e+02   3.59500e+02     1310.1       24.5   3.08000e+01   1.47700e-01     1           1.38470e+02   5.29300e+00  
     2022         9        13         4        17        34         99       7100       5362 1663042654.000   1663042654.000    6.30000e+02     -90.00      45.00   2.84500e+02   3.59500e+02     1338.9       18.6  -2.81600e+01   1.17400e-01     1           2.30680e+02   6.62300e+00  
     2022         9        13         4        20        34        100       7100       5362 1663042834.000   1663042834.000    6.30000e+02       0.00      90.00   2.84500e+02   3.59500e+02     1353.0       26.5           nan           nan     2           1.85070e+02   7.13300e+00  
     2022         9        13         4        22        58        101       7100       5362 1663042978.000   1663042978.000    6.30000e+02       0.00      45.00   2.84500e+02   3.59500e+02     1370.4       21.9   1.15900e+01   5.28000e-02     2           3.41460e+02   1.05560e+01  
     2022         9        13         4        25        22        102       7100       5362 1663043122.000   1663043122.000    6.30000e+02      90.00      45.00   2.84500e+02   3.59500e+02     1295.1       21.2   5.57600e+01   2.51400e-01     2           2.10590e+02   6.94000e+00  
     2022         9        13         4        27        46        103       7100       5362 1663043266.000   1663043266.000    6.30000e+02     180.00      45.00   2.84500e+02   3.59500e+02     1352.1       24.5   4.50800e+01   2.13500e-01     1           1.63910e+02   5.99800e+00  
     2022         9        13         4        30        10        104       7100       5362 1663043410.000   1663043410.000    6.30000e+02     -90.00      45.00   2.84500e+02   3.59500e+02     1321.1       19.0  -1.73600e+01   7.37000e-02     1           2.37620e+02   6.99100e+00  
     2022         9        13         4        36        10        105       7100       5362 1663043770.000   1663043770.000    6.30000e+02       0.00      90.00   2.84500e+02   3.59500e+02     1342.3       26.7           nan           nan     2           2.08430e+02   8.06200e+00  
     2022         9        13         4        39        10        106       7100       5362 1663043950.000   1663043950.000    6.30000e+02       0.00      45.00   2.84500e+02   3.59500e+02     1386.6       24.3  -1.75600e+01   8.34000e-02     2           3.37770e+02   1.12970e+01  
     2022         9        13         4        41        34        107       7100       5362 1663044094.000   1663044094.000    6.30000e+02      90.00      45.00   2.84500e+02   3.59500e+02     1321.6       22.2   2.41900e+01   1.06500e-01     2           2.11680e+02   7.12200e+00  
     2022         9        13         4        43        58        108       7100       5362 1663044238.000   1663044238.000    6.30000e+02     180.00      45.00   2.84500e+02   3.59500e+02     1303.6       21.3   2.42200e+01   1.01300e-01     1           1.78660e+02   5.97600e+00  
     2022         9        13         4        46        22        109       7100       5362 1663044382.000   1663044382.000    6.30000e+02     -90.00      45.00   2.84500e+02   3.59500e+02     1318.4       15.3  -1.53900e+01   5.37000e-02     1           3.07240e+02   7.43500e+00  
     2022         9        13         4        48        46        110       7100       5362 1663044526.000   1663044526.000    6.30000e+02       0.00      90.00   2.84500e+02   3.59500e+02     1321.0       21.2           nan           nan     2           2.34280e+02   7.51100e+00  
     2022         9        13         4        51        10        111       7100       5362 1663044670.000   1663044670.000    6.30000e+02       0.00      45.00   2.84500e+02   3.59500e+02     1423.3       27.3  -2.90700e+01   1.32500e-01     2           3.33090e+02   1.20920e+01  
     2022         9        13         4        54        10        112       7100       5362 1663044850.000   1663044850.000    6.30000e+02      90.00      45.00   2.84500e+02   3.59500e+02     1298.9       19.0   2.27100e+01   8.45000e-02     1           2.29120e+02   6.85700e+00  
     2022         9        13         4        56        34        113       7100       5362 1663044994.000   1663044994.000    6.30000e+02     180.00      45.00   2.84500e+02   3.59500e+02     1299.3       18.7   2.36200e+01   8.55000e-02     1           2.01580e+02   6.04700e+00  
     2022         9        13         4        58        58        114       7100       5362 1663045138.000   1663045138.000    6.30000e+02     -90.00      45.00   2.83500e+02   3.58500e+02     1321.2       14.3  -1.32100e+01   4.21000e-02     1           3.47450e+02   7.85900e+00  
     2022         9        13         5         4        58        115       7100       5362 1663045498.000   1663045498.000    6.30000e+02       0.00      90.00   2.83500e+02   3.58500e+02     1314.6       19.6           nan           nan     2           2.70280e+02   8.04100e+00  
     2022         9        13         5         7        22        116       7100       5362 1663045642.000   1663045642.000    6.30000e+02       0.00      45.00   2.83500e+02   3.58500e+02     1398.3       24.0  -2.99800e+01   1.22800e-01     2           3.77190e+02   1.22990e+01  
     2022         9        13         5        10        22        117       7100       5362 1663045822.000   1663045822.000    6.30000e+02      90.00      45.00   2.83500e+02   3.58500e+02     1299.6       20.0   2.22900e+01   8.28000e-02     1           2.18460e+02   6.82900e+00  
     2022         9        13         5        12        46        118       7100       5362 1663045966.000   1663045966.000    6.30000e+02     180.00      45.00   2.83500e+02   3.58500e+02     1299.5       18.9   2.52900e+01   9.10000e-02     1           2.13340e+02   6.41500e+00  
     2022         9        13         5        15        10        119       7100       5362 1663046110.000   1663046110.000    6.30000e+02     -90.00      45.00   2.83500e+02   3.58500e+02     1301.2       14.9  -1.15500e+01   3.72000e-02     2           3.45900e+02   8.17300e+00  
     2022         9        13         5        17        34        120       7100       5362 1663046254.000   1663046254.000    6.30000e+02       0.00      90.00   2.83500e+02   3.58500e+02     1313.3       19.5           nan           nan     2           2.69120e+02   8.01000e+00  
     2022         9        13         5        19        58        121       7100       5362 1663046398.000   1663046398.000    6.30000e+02       0.00      45.00   2.83500e+02   3.58500e+02     1393.6       27.7  -4.57100e+01   2.09900e-01     2           3.10710e+02   1.16940e+01  
     2022         9        13         5        22        22        122       7100       5362 1663046542.000   1663046542.000    6.30000e+02      90.00      45.00   2.83500e+02   3.58500e+02     1297.9       20.4   2.78500e+01   1.09000e-01     1           1.95720e+02   6.30200e+00  
     2022         9        13         5        24        46        123       7100       5362 1663046686.000   1663046686.000    6.30000e+02     180.00      45.00   2.83500e+02   3.58500e+02     1270.8       15.9   2.70400e+01   9.52000e-02     1           2.37610e+02   6.29300e+00  
     2022         9        13         5        27        46        124       7100       5362 1663046866.000   1663046866.000    6.30000e+02     -90.00      45.00   2.83500e+02   3.58500e+02     1295.3       14.4   1.69000e+00   5.90000e-03     2           3.43720e+02   7.96700e+00  
     2022         9        13         5        33        46        125       7100       5362 1663047226.000   1663047226.000    6.30000e+02       0.00      90.00   2.83500e+02   3.58500e+02     1308.9       23.9           nan           nan     2           1.96160e+02   7.10800e+00  
     2022         9        13         5        38        34        126       7100       5362 1663047514.000   1663047514.000    6.30000e+02      90.00      45.00   2.83500e+02   3.58500e+02     1289.2       26.7   3.03600e+01   1.56600e-01     1           1.31950e+02   5.49200e+00  
     2022         9        13         5        40        58        127       7100       5362 1663047658.000   1663047658.000    6.30000e+02     180.00      45.00   2.83500e+02   3.58500e+02     1271.7       18.0   4.38400e+01   1.95300e-01     1           1.94660e+02   5.80100e+00  
     2022         9        13         5        43        22        128       7100       5362 1663047802.000   1663047802.000    6.30000e+02     -90.00      45.00   2.83500e+02   3.58500e+02     1263.9       18.1  -1.47100e+01   6.89000e-02     1           2.39820e+02   7.02800e+00  
     2022         9        13         5        46        22        129       7100       5362 1663047982.000   1663047982.000    6.30000e+02       0.00      90.00   2.83500e+02   3.58500e+02     1316.9       32.2           nan           nan     2           1.34400e+02   6.40400e+00  
     2022         9        13         5        51        10        130       7100       5362 1663048270.000   1663048270.000    6.30000e+02      90.00      45.00   2.83500e+02   3.58500e+02     1301.1       34.8   3.83400e+01   2.67200e-01     1           9.16000e+01   4.86200e+00  
     2022         9        13         5        53        34        131       7100       5362 1663048414.000   1663048414.000    6.30000e+02     180.00      45.00   2.83500e+02   3.58500e+02     1272.4       23.6   4.51900e+01   2.76600e-01     1           1.36720e+02   5.20400e+00  
     2022         9        13         5        55        58        132       7100       5362 1663048558.000   1663048558.000    6.30000e+02     -90.00      45.00   2.83500e+02   3.58500e+02     1298.3       25.1  -1.79700e+01   1.18000e-01     1           1.69040e+02   6.49900e+00  
     2022         9        13         6         2        34        133       7100       5362 1663048954.000   1663048954.000    6.30000e+02       0.00      90.00   2.78500e+02   3.53500e+02     1353.4       49.0           nan           nan     2           8.40500e+01   5.80200e+00  
     2022         9        13         6         7        22        134       7100       5362 1663049242.000   1663049242.000    6.30000e+02      90.00      45.00   2.78500e+02   3.53500e+02     1338.8       48.8   3.65300e+01   3.51600e-01     2           6.30500e+01   4.45900e+00  
     2022         9        13         6         9        46        135       7100       5362 1663049386.000   1663049386.000    6.30000e+02     180.00      45.00   2.78500e+02   3.53500e+02     1301.8       36.8   3.91900e+01   3.32300e-01     1           8.04100e+01   4.51300e+00  
     2022         9        13         6        12        10        136       7100       5362 1663049530.000   1663049530.000    6.30000e+02     -90.00      45.00   2.78500e+02   3.53500e+02     1372.6       43.5  -3.95000e+01   3.66100e-01     2           1.03480e+02   6.27100e+00  
     2022         9        13         6        19        58        137       7100       5362 1663049998.000   1663049998.000    6.30000e+02      90.00      45.00   2.78500e+02   3.53500e+02     1383.7       63.5   5.29300e+01   5.97500e-01     2           5.15100e+01   4.50600e+00  
     2022         9        13         6        22        22        138       7100       5362 1663050142.000   1663050142.000    6.30000e+02     180.00      45.00   2.78500e+02   3.53500e+02     1377.9       64.8   3.57300e+01   4.10600e-01     2           5.68600e+01   5.06000e+00  
     2022         9        13         7        56        34        139       7100       5362 1663055794.000   1663055794.000    6.30000e+02       0.00      90.00   2.66500e+02   3.41500e+02     1348.6       72.7           nan           nan     2           4.48900e+01   4.57400e+00  
     2022         9        13         7        58        58        140       7100       5362 1663055938.000   1663055938.000    6.30000e+02       0.00      45.00   2.47500e+02   3.22500e+02     1363.8       60.9   1.49100e+01   1.88100e-01     2           6.65800e+01   5.60600e+00  
     2022         9        13         8         1        22        141       7100       5362 1663056082.000   1663056082.000    6.30000e+02      90.00      45.00   2.47500e+02   3.22500e+02     1222.9       28.2   8.05100e+01   6.89200e-01     1           9.51800e+01   4.48100e+00  
     2022         9        13         8         4        22        142       7100       5362 1663056262.000   1663056262.000    6.30000e+02     180.00      45.00   2.47500e+02   3.22500e+02     1246.3       38.3   6.83700e+01   6.02900e-01     1           6.88800e+01   4.20700e+00  
     2022         9        13         8         9        10        143       7100       5362 1663056550.000   1663056550.000    6.30000e+02       0.00      90.00   2.47500e+02   3.22500e+02     1274.2       35.8           nan           nan     1           8.52900e+01   4.74000e+00  
     2022         9        13         8        11        34        144       7100       5362 1663056694.000   1663056694.000    6.30000e+02       0.00      45.00   2.47500e+02   3.22500e+02     1260.8       29.0   1.20000e+00   7.50000e-03     1           1.35680e+02   6.15100e+00  
     2022         9        13         8        13        58        145       7100       5362 1663056838.000   1663056838.000    6.30000e+02      90.00      45.00   2.47500e+02   3.22500e+02     1223.9       15.7   5.51900e+01   2.58400e-01     2           2.96250e+02   7.79300e+00  
     2022         9        13         8        16        22        146       7100       5362 1663056982.000   1663056982.000    6.30000e+02     180.00      45.00   2.47500e+02   3.22500e+02     1271.5       23.9   3.24100e+01   1.72100e-01     2           1.78840e+02   6.68400e+00  
     2022         9        13         8        25        22        147       7100       5362 1663057522.000   1663057522.000    6.30000e+02       0.00      90.00   2.47500e+02   3.22500e+02     1440.6       24.3           nan           nan     2           3.81180e+02   1.22270e+01  
