   YEAR     MONTH      DAY       HOUR      MIN       SEC       RECNO     KINDAT      KINST       UT1_UNIX        UT2_UNIX        WAVLEN        AZM        ELM         ALTB          ALTE         TN         DTN        VNHLU         DVNHLU     FPI_DATAQUAL      RLE           DRLE     
     2022         9         3        23        49        58          0       7100       5362 1662248998.000   1662248998.000    6.30000e+02       0.00      45.00   2.26500e+02   3.01500e+02     1475.5       63.4  -6.18900e+01   6.46400e-01     2           6.04700e+01   4.93400e+00  
     2022         9         3        23        52        22          1       7100       5362 1662249142.000   1662249142.000    6.30000e+02      90.00      45.00   2.26500e+02   3.01500e+02     1318.9       47.1   1.13000e+01   1.04500e-01     1           5.45700e+01   3.84400e+00  
     2022         9         3        23        57        10          2       7100       5362 1662249430.000   1662249430.000    6.30000e+02     -90.00      45.00   2.26500e+02   3.01500e+02     1413.1       57.0  -2.47900e+01   2.52400e-01     2           5.69000e+01   4.41900e+00  
     2022         9         4         0         2        34          3       7100       5362 1662249754.000   1662249754.000    6.30000e+02       0.00      45.00   2.33500e+02   3.08500e+02     1497.5       88.6  -1.83400e+01   2.34900e-01     2           4.16400e+01   4.61300e+00  
     2022         9         4         0         4        58          4       7100       5362 1662249898.000   1662249898.000    6.30000e+02      90.00      45.00   2.33500e+02   3.08500e+02     1413.3       67.0  -1.42300e+01   1.54000e-01     2           3.84200e+01   3.52300e+00  
     2022         9         4         0         7        22          5       7100       5362 1662250042.000   1662250042.000    6.30000e+02     180.00      45.00   2.33500e+02   3.08500e+02     1370.0       59.8   2.06000e+01   2.14700e-01     2           4.23200e+01   3.59400e+00  
     2022         9         4         0         9        46          6       7100       5362 1662250186.000   1662250186.000    6.30000e+02     -90.00      45.00   2.33500e+02   3.08500e+02     1437.2       64.9  -5.08000e+00   5.39000e-02     2           4.99100e+01   4.30500e+00  
     2022         9         4         0        15        46          7       7100       5362 1662250546.000   1662250546.000    6.30000e+02       0.00      90.00   2.33500e+02   3.08500e+02     1395.6       53.9           nan           nan     2           5.21800e+01   3.92800e+00  
     2022         9         4         0        21        10          8       7100       5362 1662250870.000   1662250870.000    6.30000e+02      90.00      45.00   2.33500e+02   3.08500e+02     1355.3       67.1  -9.00000e-02   1.00000e-03     2           3.50500e+01   3.36000e+00  
     2022         9         4         0        23        34          9       7100       5362 1662251014.000   1662251014.000    6.30000e+02     180.00      45.00   2.33500e+02   3.08500e+02     1313.2       74.5   4.68200e+01   6.21200e-01     2           2.82000e+01   3.09000e+00  
     2022         9         4         0        25        58         10       7100       5362 1662251158.000   1662251158.000    6.30000e+02     -90.00      45.00   2.33500e+02   3.08500e+02     1470.0       97.1   5.75500e+01   8.74600e-01     2           3.09400e+01   3.84300e+00  
     2022         9         4         0        28        22         11       7100       5362 1662251302.000   1662251302.000    6.30000e+02       0.00      90.00   2.33500e+02   3.08500e+02     1379.0       71.6           nan           nan     2           3.29500e+01   3.30800e+00  
     2022         9         4         0        33        46         12       7100       5362 1662251626.000   1662251626.000    6.30000e+02      90.00      45.00   2.33500e+02   3.08500e+02     1375.0       79.0   5.21600e+01   7.18600e-01     2           2.82700e+01   3.12700e+00  
     2022         9         4         0        36        10         13       7100       5362 1662251770.000   1662251770.000    6.30000e+02     180.00      45.00   2.33500e+02   3.08500e+02     1291.2       79.7   5.59000e+01   7.97000e-01     2           2.49200e+01   2.96500e+00  
     2022         9         4         0        38        34         14       7100       5362 1662251914.000   1662251914.000    6.30000e+02     -90.00      45.00   2.33500e+02   3.08500e+02     1431.6       87.5   2.43600e+01   3.48600e-01     2           3.01000e+01   3.49400e+00  
     2022         9         4         0        44        34         15       7100       5362 1662252274.000   1662252274.000    6.30000e+02       0.00      90.00   2.33500e+02   3.08500e+02     1331.4       65.4           nan           nan     2           3.36800e+01   3.22400e+00  
     2022         9         4         0        46        58         16       7100       5362 1662252418.000   1662252418.000    6.30000e+02       0.00      45.00   2.33500e+02   3.08500e+02     1485.8      100.5   7.24400e+01   1.08820e+00     2           3.12100e+01   3.95800e+00  
     2022         9         4         0        49        22         17       7100       5362 1662252562.000   1662252562.000    6.30000e+02      90.00      45.00   2.33500e+02   3.08500e+02     1369.1       74.1   4.12700e+01   5.35100e-01     2           3.00200e+01   3.14400e+00  
     2022         9         4         0        52        22         18       7100       5362 1662252742.000   1662252742.000    6.30000e+02     180.00      45.00   2.33500e+02   3.08500e+02     1391.8       73.9   2.29000e+01   2.91900e-01     2           2.93300e+01   3.02700e+00  
     2022         9         4         0        54        46         19       7100       5362 1662252886.000   1662252886.000    6.30000e+02     -90.00      45.00   2.33500e+02   3.08500e+02     1396.9       83.0   1.01700e+01   1.41300e-01     2           3.18100e+01   3.59300e+00  
     2022         9         4         0        57        10         20       7100       5362 1662253030.000   1662253030.000    6.30000e+02       0.00      90.00   2.33500e+02   3.08500e+02     1367.1       65.1           nan           nan     2           3.49000e+01   3.24200e+00  
     2022         9         4         0        59        34         21       7100       5362 1662253174.000   1662253174.000    6.30000e+02       0.00      45.00   2.41500e+02   3.16500e+02     1509.9      103.5  -1.11500e+01   1.69600e-01     2           3.09400e+01   3.96900e+00  
     2022         9         4         1         1        58         22       7100       5362 1662253318.000   1662253318.000    6.30000e+02      90.00      45.00   2.41500e+02   3.16500e+02     1447.1       77.6   1.32600e+01   1.67700e-01     2           3.03300e+01   3.14200e+00  
     2022         9         4         1         4        22         23       7100       5362 1662253462.000   1662253462.000    6.30000e+02     180.00      45.00   2.41500e+02   3.16500e+02     1360.5       71.0   3.55000e+00   4.31000e-02     2           2.95900e+01   3.00400e+00  
     2022         9         4         1         6        46         24       7100       5362 1662253606.000   1662253606.000    6.30000e+02     -90.00      45.00   2.41500e+02   3.16500e+02     1350.0       64.6   4.34800e+01   5.03100e-01     2           4.21400e+01   3.87500e+00  
     2022         9         4         1        13        22         25       7100       5362 1662254002.000   1662254002.000    6.30000e+02       0.00      90.00   2.41500e+02   3.16500e+02     1297.7       54.3           nan           nan     2           4.09600e+01   3.37700e+00  
     2022         9         4         1        15        46         26       7100       5362 1662254146.000   1662254146.000    6.30000e+02       0.00      45.00   2.41500e+02   3.16500e+02     1383.1       74.3   1.43000e+01   1.82200e-01     2           3.88100e+01   3.96700e+00  
     2022         9         4         1        18        10         27       7100       5362 1662254290.000   1662254290.000    6.30000e+02      90.00      45.00   2.41500e+02   3.16500e+02     1310.7       93.7   4.29500e+01   6.68400e-01     2           1.98800e+01   2.72800e+00  
     2022         9         4         1        20        34         28       7100       5362 1662254434.000   1662254434.000    6.30000e+02     180.00      45.00   2.41500e+02   3.16500e+02     1356.5      104.6   2.74300e+01   4.67900e-01     2           1.80400e+01   2.65900e+00  
     2022         9         4         1        22        58         29       7100       5362 1662254578.000   1662254578.000    6.30000e+02     -90.00      45.00   2.41500e+02   3.16500e+02     1394.4      107.0   3.43300e+01   6.12600e-01     2           2.27200e+01   3.28500e+00  
     2022         9         4         1        25        22         30       7100       5362 1662254722.000   1662254722.000    6.30000e+02       0.00      90.00   2.41500e+02   3.16500e+02     1316.7       85.0           nan           nan     2           2.37800e+01   2.95000e+00  
     2022         9         4         1        33        10         31       7100       5362 1662255190.000   1662255190.000    6.30000e+02     180.00      45.00   2.41500e+02   3.16500e+02     1293.5      109.9   6.80200e+01   1.35210e+00     2           1.65600e+01   2.67600e+00  
     2022         9         4         1        35        34         32       7100       5362 1662255334.000   1662255334.000    6.30000e+02     -90.00      45.00   2.41500e+02   3.16500e+02     1345.8       82.4   6.01500e+01   1.04890e+00     2           2.69000e+01   3.15600e+00  
     2022         9         4         1        41        34         33       7100       5362 1662255694.000   1662255694.000    6.30000e+02       0.00      90.00   2.41500e+02   3.16500e+02     1398.1      110.1           nan           nan     2           1.80900e+01   2.71500e+00  
     2022         9         4         1        46        58         34       7100       5362 1662256018.000   1662256018.000    6.30000e+02      90.00      45.00   2.41500e+02   3.16500e+02     1355.2      133.8   6.40900e+01   1.51600e+00     2           1.38900e+01   2.58900e+00  
     2022         9         4         1        49        22         35       7100       5362 1662256162.000   1662256162.000    6.30000e+02     180.00      45.00   2.41500e+02   3.16500e+02     1411.9      152.4   4.40000e+01   1.12970e+00     2           1.19800e+01   2.43500e+00  
     2022         9         4         1        54        10         36       7100       5362 1662256450.000   1662256450.000    6.30000e+02       0.00      90.00   2.41500e+02   3.16500e+02     1424.1      127.3           nan           nan     2           1.50800e+01   2.55600e+00  
     2022         9         4         2        22        58         37       7100       5362 1662258178.000   1662258178.000    6.30000e+02       0.00      90.00   2.53500e+02   3.28500e+02     1506.4      181.6           nan           nan     2           1.02000e+01   2.30400e+00  
     2022         9         4         2        30        10         38       7100       5362 1662258610.000   1662258610.000    6.30000e+02     180.00      45.00   2.53500e+02   3.28500e+02     1366.3      174.4  -7.71400e+01   2.45910e+00     2           9.14000e+00   2.19400e+00  
     2022         9         4         2        39        10         39       7100       5362 1662259150.000   1662259150.000    6.30000e+02       0.00      90.00   2.53500e+02   3.28500e+02     1396.4      148.0           nan           nan     2           1.22100e+01   2.44000e+00  
     2022         9         4         2        43        58         40       7100       5362 1662259438.000   1662259438.000    6.30000e+02      90.00      45.00   2.53500e+02   3.28500e+02     1436.5      158.3  -9.83000e+00   2.78700e-01     2           1.18200e+01   2.44800e+00  
     2022         9         4         2        46        22         41       7100       5362 1662259582.000   1662259582.000    6.30000e+02     180.00      45.00   2.53500e+02   3.28500e+02     1379.4      129.9  -2.64100e+01   6.56500e-01     2           1.36600e+01   2.44000e+00  
     2022         9         4         2        51        10         42       7100       5362 1662259870.000   1662259870.000    6.30000e+02       0.00      90.00   2.53500e+02   3.28500e+02     1451.9      129.0           nan           nan     2           1.48900e+01   2.51100e+00  
     2022         9         4         2        58        58         43       7100       5362 1662260338.000   1662260338.000    6.30000e+02     180.00      45.00   2.66500e+02   3.41500e+02     1405.1      153.2  -6.89800e+01   1.84780e+00     2           1.10400e+01   2.27400e+00  
     2022         9         4         3         7        22         44       7100       5362 1662260842.000   1662260842.000    6.30000e+02       0.00      90.00   2.66500e+02   3.41500e+02     1504.9      148.3           nan           nan     2           1.34000e+01   2.49000e+00  
     2022         9         4         3        27        10         45       7100       5362 1662262030.000   1662262030.000    6.30000e+02     180.00      45.00   2.66500e+02   3.41500e+02     1289.5       98.3   2.64300e+01   5.06300e-01     2           1.59800e+01   2.35300e+00  
     2022         9         4         3        29        34         46       7100       5362 1662262174.000   1662262174.000    6.30000e+02     -90.00      45.00   2.66500e+02   3.41500e+02     1369.3      104.6   5.31500e+01   1.01350e+00     2           2.17800e+01   3.14900e+00  
     2022         9         4         3        36        10         47       7100       5362 1662262570.000   1662262570.000    6.30000e+02       0.00      90.00   2.66500e+02   3.41500e+02     1354.2       85.4           nan           nan     2           2.03100e+01   2.49500e+00  
     2022         9         4         3        38        34         48       7100       5362 1662262714.000   1662262714.000    6.30000e+02       0.00      45.00   2.66500e+02   3.41500e+02     1416.3      115.6   2.01100e+01   3.71900e-01     2           2.08300e+01   3.20000e+00  
     2022         9         4         3        40        58         49       7100       5362 1662262858.000   1662262858.000    6.30000e+02      90.00      45.00   2.66500e+02   3.41500e+02     1325.4       97.0   1.39700e+01   2.26400e-01     2           1.71600e+01   2.42500e+00  
     2022         9         4         3        43        22         50       7100       5362 1662263002.000   1662263002.000    6.30000e+02     180.00      45.00   2.66500e+02   3.41500e+02     1277.2       72.3   7.69000e+00   1.03600e-01     1           2.16900e+01   2.42600e+00  
     2022         9         4         3        45        46         51       7100       5362 1662263146.000   1662263146.000    6.30000e+02     -90.00      45.00   2.66500e+02   3.41500e+02     1299.8       71.7  -2.23500e+01   3.02100e-01     2           2.76900e+01   2.97100e+00  
     2022         9         4         3        48        46         52       7100       5362 1662263326.000   1662263326.000    6.30000e+02       0.00      90.00   2.66500e+02   3.41500e+02     1247.2       61.3           nan           nan     1           2.70400e+01   2.64200e+00  
     2022         9         4         3        51        10         53       7100       5362 1662263470.000   1662263470.000    6.30000e+02       0.00      45.00   2.66500e+02   3.41500e+02     1396.4       82.0  -1.21000e+01   1.69300e-01     2           2.90400e+01   3.27100e+00  
     2022         9         4         3        53        34         54       7100       5362 1662263614.000   1662263614.000    6.30000e+02      90.00      45.00   2.66500e+02   3.41500e+02     1263.8       59.6  -2.71800e+01   3.28000e-01     1           2.83000e+01   2.66000e+00  
     2022         9         4         3        55        58         55       7100       5362 1662263758.000   1662263758.000    6.30000e+02     180.00      45.00   2.66500e+02   3.41500e+02     1336.9       63.2  -2.56000e+00   3.14000e-02     1           2.80000e+01   2.63700e+00  
     2022         9         4         3        58        22         56       7100       5362 1662263902.000   1662263902.000    6.30000e+02     -90.00      45.00   2.66500e+02   3.41500e+02     1399.7       76.7  -4.23100e+01   5.89700e-01     2           2.71200e+01   2.89300e+00  
     2022         9         4         4         4        22         57       7100       5362 1662264262.000   1662264262.000    6.30000e+02       0.00      90.00   2.81500e+02   3.56500e+02     1356.0       70.2           nan           nan     2           2.87500e+01   2.91200e+00  
     2022         9         4         4         7        22         58       7100       5362 1662264442.000   1662264442.000    6.30000e+02       0.00      45.00   2.81500e+02   3.56500e+02     1306.2       73.5  -8.72000e+00   1.28000e-01     2           3.13400e+01   3.38800e+00  
     2022         9         4         4         9        46         59       7100       5362 1662264586.000   1662264586.000    6.30000e+02      90.00      45.00   2.81500e+02   3.56500e+02     1409.8       77.6  -5.95000e+00   8.79000e-02     2           2.55000e+01   2.74200e+00  
     2022         9         4         4        12        10         60       7100       5362 1662264730.000   1662264730.000    6.30000e+02     180.00      45.00   2.81500e+02   3.56500e+02     1337.4       63.9   1.00700e+01   1.42200e-01     1           2.85400e+01   2.70600e+00  
     2022         9         4         4        14        34         61       7100       5362 1662264874.000   1662264874.000    6.30000e+02     -90.00      45.00   2.81500e+02   3.56500e+02     1443.8       97.0  -2.89600e+01   5.00700e-01     2           2.06300e+01   2.66700e+00  
     2022         9         4         4        16        58         62       7100       5362 1662265018.000   1662265018.000    6.30000e+02       0.00      90.00   2.81500e+02   3.56500e+02     1355.4       91.8           nan           nan     2           1.99000e+01   2.60200e+00  
     2022         9         4         4        19        22         63       7100       5362 1662265162.000   1662265162.000    6.30000e+02       0.00      45.00   2.81500e+02   3.56500e+02     1435.0      106.4   3.47100e+01   6.77400e-01     2           1.97200e+01   2.78700e+00  
     2022         9         4         4        21        46         64       7100       5362 1662265306.000   1662265306.000    6.30000e+02      90.00      45.00   2.81500e+02   3.56500e+02     1282.7       85.8   4.18500e+01   7.87500e-01     2           1.89000e+01   2.45800e+00  
     2022         9         4         4        24        46         65       7100       5362 1662265486.000   1662265486.000    6.30000e+02     180.00      45.00   2.81500e+02   3.56500e+02     1372.9       99.9   2.21600e+01   4.39400e-01     2           1.63300e+01   2.30300e+00  
     2022         9         4         4        27        10         66       7100       5362 1662265630.000   1662265630.000    6.30000e+02     -90.00      45.00   2.81500e+02   3.56500e+02     1511.5      122.6  -1.94900e+01   4.39200e-01     2           1.70000e+01   2.62000e+00  
     2022         9         4         4        33        10         67       7100       5362 1662265990.000   1662265990.000    6.30000e+02       0.00      90.00   2.81500e+02   3.56500e+02     1492.9      147.1           nan           nan     2           1.29300e+01   2.40600e+00  
     2022         9         4         4        37        58         68       7100       5362 1662266278.000   1662266278.000    6.30000e+02      90.00      45.00   2.81500e+02   3.56500e+02     1569.6      155.2   2.46700e+01   6.87600e-01     2           1.27300e+01   2.37500e+00  
     2022         9         4         4        40        22         69       7100       5362 1662266422.000   1662266422.000    6.30000e+02     180.00      45.00   2.81500e+02   3.56500e+02     1477.5      152.4   1.68000e+01   4.85300e-01     2           1.19200e+01   2.32300e+00  
     2022         9         4         4        45        46         70       7100       5362 1662266746.000   1662266746.000    6.30000e+02       0.00      90.00   2.81500e+02   3.56500e+02     1603.9      167.6           nan           nan     2           1.32500e+01   2.59300e+00  
     2022         9         4         5        21        46         71       7100       5362 1662268906.000   1662268906.000    6.30000e+02     180.00      45.00   2.85500e+02   3.60500e+02     1452.8      168.9   1.11230e+02   3.41500e+00     2           1.02100e+01   2.23400e+00  
     2022         9         4         5        30        10         72       7100       5362 1662269410.000   1662269410.000    6.30000e+02       0.00      90.00   2.85500e+02   3.60500e+02     1759.7      174.4           nan           nan     2           1.48300e+01   2.74000e+00  
     2022         9         4         5        35        34         73       7100       5362 1662269734.000   1662269734.000    6.30000e+02      90.00      45.00   2.85500e+02   3.60500e+02     1579.9      162.4   7.27900e+01   1.91340e+00     2           1.28300e+01   2.47800e+00  
     2022         9         4         5        37        58         74       7100       5362 1662269878.000   1662269878.000    6.30000e+02     180.00      45.00   2.85500e+02   3.60500e+02     1547.7      135.9   4.86400e+01   1.13500e+00     2           1.50900e+01   2.51100e+00  
     2022         9         4         5        42        46         75       7100       5362 1662270166.000   1662270166.000    6.30000e+02       0.00      90.00   2.85500e+02   3.60500e+02     1326.6       91.0           nan           nan     2           2.11800e+01   2.79200e+00  
     2022         9         4         5        47        34         76       7100       5362 1662270454.000   1662270454.000    6.30000e+02      90.00      45.00   2.85500e+02   3.60500e+02     1253.0       85.7   2.90700e+01   4.95800e-01     2           1.97000e+01   2.60700e+00  
     2022         9         4         5        50        34         77       7100       5362 1662270634.000   1662270634.000    6.30000e+02     180.00      45.00   2.85500e+02   3.60500e+02     1378.9       92.5   5.67900e+01   9.26100e-01     2           2.12900e+01   2.74900e+00  
     2022         9         4         5        52        58         78       7100       5362 1662270778.000   1662270778.000    6.30000e+02     -90.00      45.00   2.85500e+02   3.60500e+02     1452.2       94.0   3.69500e+01   5.76100e-01     2           2.80100e+01   3.44000e+00  
     2022         9         4         5        58        58         79       7100       5362 1662271138.000   1662271138.000    6.30000e+02       0.00      90.00   2.87500e+02   3.62500e+02     1352.3       54.9           nan           nan     1           3.90700e+01   3.15200e+00  
     2022         9         4         6         1        22         80       7100       5362 1662271282.000   1662271282.000    6.30000e+02       0.00      45.00   2.87500e+02   3.62500e+02     1429.5       71.1   4.56000e+01   5.38500e-01     2           3.98800e+01   3.79900e+00  
     2022         9         4         6         3        46         81       7100       5362 1662271426.000   1662271426.000    6.30000e+02      90.00      45.00   2.87500e+02   3.62500e+02     1277.6       47.1   2.52600e+01   2.38500e-01     0           4.07000e+01   3.03100e+00  
     2022         9         4         6         6        10         82       7100       5362 1662271570.000   1662271570.000    6.30000e+02     180.00      45.00   2.87500e+02   3.62500e+02     1315.2       54.6   2.38300e+01   2.35500e-01     1           3.57700e+01   2.96500e+00  
     2022         9         4         6         9        10         83       7100       5362 1662271750.000   1662271750.000    6.30000e+02     -90.00      45.00   2.87500e+02   3.62500e+02     1344.6       61.1   4.04700e+01   4.23900e-01     2           4.16700e+01   3.67500e+00  
     2022         9         4         6        11        34         84       7100       5362 1662271894.000   1662271894.000    6.30000e+02       0.00      90.00   2.87500e+02   3.62500e+02     1300.5       44.4           nan           nan     0           4.76200e+01   3.28300e+00  
     2022         9         4         6        13        58         85       7100       5362 1662272038.000   1662272038.000    6.30000e+02       0.00      45.00   2.87500e+02   3.62500e+02     1352.6       56.1   2.99200e+01   2.92700e-01     2           5.24800e+01   4.20800e+00  
     2022         9         4         6        16        22         86       7100       5362 1662272182.000   1662272182.000    6.30000e+02      90.00      45.00   2.87500e+02   3.62500e+02     1275.5       38.5   2.31300e+01   1.84800e-01     0           5.19900e+01   3.22600e+00  
     2022         9         4         6        18        46         87       7100       5362 1662272326.000   1662272326.000    6.30000e+02     180.00      45.00   2.87500e+02   3.62500e+02     1279.1       45.5   3.06700e+01   2.68500e-01     0           4.24000e+01   3.05700e+00  
     2022         9         4         6        21        10         88       7100       5362 1662272470.000   1662272470.000    6.30000e+02     -90.00      45.00   2.87500e+02   3.62500e+02     1338.6       58.0   3.70900e+01   3.71700e-01     2           4.12900e+01   3.50100e+00  
     2022         9         4         6        27        46         89       7100       5362 1662272866.000   1662272866.000    6.30000e+02       0.00      90.00   2.87500e+02   3.62500e+02     1320.2       47.4           nan           nan     0           4.31300e+01   3.12200e+00  
     2022         9         4         6        30        10         90       7100       5362 1662273010.000   1662273010.000    6.30000e+02       0.00      45.00   2.87500e+02   3.62500e+02     1409.5       74.5   1.20800e+01   1.45900e-01     2           3.79600e+01   3.82900e+00  
     2022         9         4         6        32        34         91       7100       5362 1662273154.000   1662273154.000    6.30000e+02      90.00      45.00   2.87500e+02   3.62500e+02     1352.9       64.4   2.22100e+01   2.48500e-01     1           3.02900e+01   2.84700e+00  
     2022         9         4         6        34        58         92       7100       5362 1662273298.000   1662273298.000    6.30000e+02     180.00      45.00   2.87500e+02   3.62500e+02     1381.6       64.6   3.81300e+01   4.41600e-01     1           3.12100e+01   2.88300e+00  
     2022         9         4         6        37        58         93       7100       5362 1662273478.000   1662273478.000    6.30000e+02     -90.00      45.00   2.87500e+02   3.62500e+02     1374.2       64.4   1.79600e+01   2.16100e-01     2           3.80900e+01   3.46900e+00  
     2022         9         4         6        40        22         94       7100       5362 1662273622.000   1662273622.000    6.30000e+02       0.00      90.00   2.87500e+02   3.62500e+02     1354.5       65.2           nan           nan     2           3.25000e+01   3.06400e+00  
     2022         9         4         6        42        46         95       7100       5362 1662273766.000   1662273766.000    6.30000e+02       0.00      45.00   2.87500e+02   3.62500e+02     1455.5       92.4   1.00700e+01   1.58500e-01     2           2.83200e+01   3.41700e+00  
     2022         9         4         6        45        10         96       7100       5362 1662273910.000   1662273910.000    6.30000e+02      90.00      45.00   2.87500e+02   3.62500e+02     1365.6       77.1   4.15300e+01   6.42100e-01     2           2.55800e+01   2.81100e+00  
     2022         9         4         6        47        34         97       7100       5362 1662274054.000   1662274054.000    6.30000e+02     180.00      45.00   2.87500e+02   3.62500e+02     1411.1       91.6   1.03900e+01   1.83700e-01     2           2.25400e+01   2.81500e+00  
     2022         9         4         6        49        58         98       7100       5362 1662274198.000   1662274198.000    6.30000e+02     -90.00      45.00   2.87500e+02   3.62500e+02     1468.1      122.1   1.22000e+01   2.62100e-01     2           2.07800e+01   3.24700e+00  
     2022         9         4         6        56        34         99       7100       5362 1662274594.000   1662274594.000    6.30000e+02       0.00      90.00   2.87500e+02   3.62500e+02     1430.9      125.2           nan           nan     2           1.62100e+01   2.68500e+00  
     2022         9         4         7         3        46        100       7100       5362 1662275026.000   1662275026.000    6.30000e+02     180.00      45.00   2.99500e+02   3.74500e+02     1324.3      128.5   1.54000e+01   3.98700e-01     2           1.28900e+01   2.37600e+00  
     2022         9         4         7        16        22        101       7100       5362 1662275782.000   1662275782.000    6.30000e+02     180.00      45.00   2.99500e+02   3.74500e+02     1585.9      180.2  -2.03300e+01   6.06700e-01     2           1.14700e+01   2.43900e+00  
     2022         9         4         7        24        46        102       7100       5362 1662276286.000   1662276286.000    6.30000e+02       0.00      90.00   2.99500e+02   3.74500e+02     1387.4      150.1           nan           nan     2           1.22100e+01   2.48600e+00  
     2022         9         4         8        21        46        103       7100       5362 1662279706.000   1662279706.000    6.30000e+02       0.00      90.00   3.02500e+02   3.77500e+02     1559.1      111.9           nan           nan     2           2.64500e+01   3.56800e+00  
     2022         9         4         8        27        10        104       7100       5362 1662280030.000   1662280030.000    6.30000e+02      90.00      45.00   3.02500e+02   3.77500e+02     1603.1       99.6   1.80000e+01   3.50600e-01     2           3.65000e+01   4.24100e+00  
     2022         9         4         8        29        34        105       7100       5362 1662280174.000   1662280174.000    6.30000e+02     180.00      45.00   3.02500e+02   3.77500e+02     1545.3       88.0   4.47800e+01   8.33800e-01     2           4.42400e+01   4.71600e+00  
