   YEAR     MONTH      DAY       HOUR      MIN       SEC       RECNO     KINDAT      KINST       UT1_UNIX        UT2_UNIX        WAVLEN        AZM        ELM         ALTB          ALTE         TN         DTN        VNHLU         DVNHLU     FPI_DATAQUAL      RLE           DRLE     
     2022         9        20         0        54        10          0       7100       5362 1663635250.000   1663635250.000    6.30000e+02      90.00      45.00   2.35500e+02   3.10500e+02     1307.9       16.5   6.40100e+01   1.72000e-01     2           1.57760e+02   4.50500e+00  
     2022         9        20         0        56        34          1       7100       5362 1663635394.000   1663635394.000    6.30000e+02     180.00      45.00   2.35500e+02   3.10500e+02     1324.2       17.9  -4.14700e+01   1.15500e-01     2           1.42990e+02   4.34600e+00  
     2022         9        20         1         1        58          2       7100       5362 1663635718.000   1663635718.000    6.30000e+02       0.00      90.00   2.43500e+02   3.18500e+02     1325.3       17.3           nan           nan     2           1.50950e+02   4.43700e+00  
     2022         9        20         1         6        46          3       7100       5362 1663636006.000   1663636006.000    6.30000e+02      90.00      45.00   2.43500e+02   3.18500e+02     1322.9       19.1   6.31700e+01   1.86500e-01     2           1.30940e+02   4.21400e+00  
     2022         9        20         1         9        10          4       7100       5362 1663636150.000   1663636150.000    6.30000e+02     180.00      45.00   2.43500e+02   3.18500e+02     1322.1       20.1  -3.94500e+01   1.20300e-01     2           1.20990e+02   4.07600e+00  
     2022         9        20         1        18        10          5       7100       5362 1663636690.000   1663636690.000    6.30000e+02       0.00      90.00   2.43500e+02   3.18500e+02     1323.8       19.4           nan           nan     2           1.24540e+02   4.07700e+00  
     2022         9        20         1        22        58          6       7100       5362 1663636978.000   1663636978.000    6.30000e+02      90.00      45.00   2.43500e+02   3.18500e+02     1293.3       19.1   6.75900e+01   2.08400e-01     2           1.23260e+02   4.06600e+00  
     2022         9        20         1        25        22          7       7100       5362 1663637122.000   1663637122.000    6.30000e+02     180.00      45.00   2.43500e+02   3.18500e+02     1313.9       19.8  -3.71200e+01   1.16100e-01     2           1.20190e+02   4.03200e+00  
     2022         9        20         1        30        10          8       7100       5362 1663637410.000   1663637410.000    6.30000e+02       0.00      90.00   2.43500e+02   3.18500e+02     1296.8       19.1           nan           nan     2           1.23930e+02   4.08400e+00  
     2022         9        20         1        35        34          9       7100       5362 1663637734.000   1663637734.000    6.30000e+02      90.00      45.00   2.43500e+02   3.18500e+02     1279.0       18.3   6.92000e+01   2.07400e-01     2           1.32380e+02   4.23100e+00  
     2022         9        20         1        37        58         10       7100       5362 1663637878.000   1663637878.000    6.30000e+02     180.00      45.00   2.43500e+02   3.18500e+02     1281.2       17.7  -3.30100e+01   9.64000e-02     2           1.38280e+02   4.28300e+00  
     2022         9        20         1        46        22         11       7100       5362 1663638382.000   1663638382.000    6.30000e+02       0.00      90.00   2.43500e+02   3.18500e+02     1280.5       17.4           nan           nan     2           1.41680e+02   4.32200e+00  
     2022         9        20         1        51        46         12       7100       5362 1663638706.000   1663638706.000    6.30000e+02      90.00      45.00   2.43500e+02   3.18500e+02     1261.9       16.6   7.99000e+01   2.18900e-01     2           1.45050e+02   4.32300e+00  
     2022         9        20         1        54        10         13       7100       5362 1663638850.000   1663638850.000    6.30000e+02     180.00      45.00   2.43500e+02   3.18500e+02     1262.0       15.5  -3.11300e+01   8.17000e-02     2           1.65650e+02   4.61000e+00  
     2022         9        20         1        58        58         14       7100       5362 1663639138.000   1663639138.000    6.30000e+02       0.00      90.00   2.56500e+02   3.31500e+02     1262.5       16.0           nan           nan     2           1.58520e+02   4.54300e+00  
     2022         9        20         2         3        46         15       7100       5362 1663639426.000   1663639426.000    6.30000e+02      90.00      45.00   2.56500e+02   3.31500e+02     1270.8       15.6   8.06800e+01   2.05000e-01     2           1.65000e+02   4.60500e+00  
     2022         9        20         2         6        10         16       7100       5362 1663639570.000   1663639570.000    6.30000e+02     180.00      45.00   2.56500e+02   3.31500e+02     1249.2       14.3  -2.89300e+01   6.98000e-02     2           1.85800e+02   4.84000e+00  
     2022         9        20         2        15        10         17       7100       5362 1663640110.000   1663640110.000    6.30000e+02       0.00      90.00   2.56500e+02   3.31500e+02     1248.7       13.9           nan           nan     2           1.90240e+02   4.85500e+00  
     2022         9        20         2        19        58         18       7100       5362 1663640398.000   1663640398.000    6.30000e+02      90.00      45.00   2.56500e+02   3.31500e+02     1246.8       14.8   7.64300e+01   1.79300e-01     2           1.73100e+02   4.68200e+00  
     2022         9        20         2        27        46         19       7100       5362 1663640866.000   1663640866.000    6.30000e+02       0.00      90.00   2.56500e+02   3.31500e+02     1246.0       13.0           nan           nan     2           2.14370e+02   5.12800e+00  
     2022         9        20         2        32        34         20       7100       5362 1663641154.000   1663641154.000    6.30000e+02      90.00      45.00   2.56500e+02   3.31500e+02     1247.3       13.7   7.11200e+01   1.56300e-01     2           1.95970e+02   4.93100e+00  
     2022         9        20         2        48        46         21       7100       5362 1663642126.000   1663642126.000    6.30000e+02      90.00      45.00   2.56500e+02   3.31500e+02     1219.6       12.0   8.26200e+01   1.70900e-01     2           2.34400e+02   5.32600e+00  
     2022         9        20         3         1        22         22       7100       5362 1663642882.000   1663642882.000    6.30000e+02      90.00      45.00   2.67500e+02   3.42500e+02     1224.6       12.5   7.47600e+01   1.58100e-01     2           2.21450e+02   5.20300e+00  
     2022         9        20         3        12        10         23       7100       5362 1663643530.000   1663643530.000    6.30000e+02       0.00      90.00   2.67500e+02   3.42500e+02     1215.8       12.6           nan           nan     2           2.21930e+02   5.26000e+00  
     2022         9        20         3        16        58         24       7100       5362 1663643818.000   1663643818.000    6.30000e+02      90.00      45.00   2.67500e+02   3.42500e+02     1218.1       13.6   7.84500e+01   1.78200e-01     2           1.90990e+02   4.89000e+00  
     2022         9        20         3        19        58         25       7100       5362 1663643998.000   1663643998.000    6.30000e+02     180.00      45.00   2.67500e+02   3.42500e+02     1237.4       15.0  -2.61800e+01   6.27000e-02     2           1.70320e+02   4.67300e+00  
     2022         9        20         3        24        46         26       7100       5362 1663644286.000   1663644286.000    6.30000e+02       0.00      90.00   2.67500e+02   3.42500e+02     1217.2       14.2           nan           nan     2           1.77000e+02   4.71600e+00  
     2022         9        20         3        29        34         27       7100       5362 1663644574.000   1663644574.000    6.30000e+02      90.00      45.00   2.67500e+02   3.42500e+02     1207.3       14.9   9.28100e+01   2.37400e-01     2           1.59760e+02   4.49700e+00  
     2022         9        20         3        31        58         28       7100       5362 1663644718.000   1663644718.000    6.30000e+02     180.00      45.00   2.67500e+02   3.42500e+02     1215.5       17.1  -3.79700e+01   1.05700e-01     2           1.32860e+02   4.19300e+00  
     2022         9        20         3        34        58         29       7100       5362 1663644898.000   1663644898.000    6.30000e+02     -90.00      45.00   2.67500e+02   3.42500e+02     1218.0       11.8  -6.55400e+01   1.56200e-01     2           2.51730e+02   5.60000e+00  
     2022         9        20         3        40        58         30       7100       5362 1663645258.000   1663645258.000    6.30000e+02       0.00      90.00   2.67500e+02   3.42500e+02     1209.3       17.6           nan           nan     2           1.24790e+02   4.08300e+00  
     2022         9        20         3        43        22         31       7100       5362 1663645402.000   1663645402.000    6.30000e+02       0.00      45.00   2.67500e+02   3.42500e+02     1219.5       12.0   6.75200e+01   1.73100e-01     2           2.42980e+02   5.47500e+00  
     2022         9        20         3        45        46         32       7100       5362 1663645546.000   1663645546.000    6.30000e+02      90.00      45.00   2.67500e+02   3.42500e+02     1208.6       18.1   8.64500e+01   2.73900e-01     2           1.20310e+02   4.03100e+00  
     2022         9        20         3        48        10         33       7100       5362 1663645690.000   1663645690.000    6.30000e+02     180.00      45.00   2.67500e+02   3.42500e+02     1217.9       21.0  -4.49700e+01   1.56000e-01     2           9.92100e+01   3.76500e+00  
     2022         9        20         3        50        34         34       7100       5362 1663645834.000   1663645834.000    6.30000e+02     -90.00      45.00   2.67500e+02   3.42500e+02     1221.2       14.4  -6.22100e+01   1.83300e-01     2           1.84420e+02   4.90500e+00  
     2022         9        20         3        53        34         35       7100       5362 1663646014.000   1663646014.000    6.30000e+02       0.00      90.00   2.67500e+02   3.42500e+02     1226.6       21.0           nan           nan     2           9.79900e+01   3.71300e+00  
     2022         9        20         3        55        58         36       7100       5362 1663646158.000   1663646158.000    6.30000e+02       0.00      45.00   2.67500e+02   3.42500e+02     1231.4       14.0   7.43800e+01   2.25300e-01     2           1.93540e+02   4.99500e+00  
     2022         9        20         3        58        22         37       7100       5362 1663646302.000   1663646302.000    6.30000e+02      90.00      45.00   2.67500e+02   3.42500e+02     1218.0       21.0   7.78900e+01   2.87400e-01     2           9.63300e+01   3.67000e+00  
     2022         9        20         4         0        46         38       7100       5362 1663646446.000   1663646446.000    6.30000e+02     180.00      45.00   2.69500e+02   3.44500e+02     1223.6       24.2  -4.30600e+01   1.73200e-01     2           8.10300e+01   3.48800e+00  
     2022         9        20         4         3        10         39       7100       5362 1663646590.000   1663646590.000    6.30000e+02     -90.00      45.00   2.69500e+02   3.44500e+02     1215.3       16.9  -5.61600e+01   1.92100e-01     2           1.47210e+02   4.52700e+00  
     2022         9        20         4         9        10         40       7100       5362 1663646950.000   1663646950.000    6.30000e+02       0.00      90.00   2.69500e+02   3.44500e+02     1241.5       24.9           nan           nan     2           7.64000e+01   3.35100e+00  
     2022         9        20         4        12        10         41       7100       5362 1663647130.000   1663647130.000    6.30000e+02       0.00      45.00   2.69500e+02   3.44500e+02     1240.0       16.6   7.76300e+01   2.79000e-01     2           1.49000e+02   4.47300e+00  
     2022         9        20         4        14        34         42       7100       5362 1663647274.000   1663647274.000    6.30000e+02      90.00      45.00   2.69500e+02   3.44500e+02     1240.6       25.3   6.59900e+01   2.92800e-01     2           7.55200e+01   3.35400e+00  
     2022         9        20         4        16        58         43       7100       5362 1663647418.000   1663647418.000    6.30000e+02     180.00      45.00   2.69500e+02   3.44500e+02     1283.9       30.5  -4.94500e+01   2.43600e-01     2           6.16900e+01   3.13900e+00  
     2022         9        20         4        19        22         44       7100       5362 1663647562.000   1663647562.000    6.30000e+02     -90.00      45.00   2.69500e+02   3.44500e+02     1237.9       21.1  -4.47100e+01   1.89700e-01     2           1.07650e+02   3.99400e+00  
     2022         9        20         4        21        46         45       7100       5362 1663647706.000   1663647706.000    6.30000e+02       0.00      90.00   2.69500e+02   3.44500e+02     1269.8       29.7           nan           nan     2           6.23200e+01   3.13400e+00  
     2022         9        20         4        24        10         46       7100       5362 1663647850.000   1663647850.000    6.30000e+02       0.00      45.00   2.69500e+02   3.44500e+02     1276.2       18.7   5.97400e+01   2.48800e-01     2           1.32600e+02   4.29400e+00  
     2022         9        20         4        26        34         47       7100       5362 1663647994.000   1663647994.000    6.30000e+02      90.00      45.00   2.69500e+02   3.44500e+02     1276.2       30.2   3.87900e+01   2.02300e-01     2           6.19400e+01   3.14300e+00  
     2022         9        20         4        29        34         48       7100       5362 1663648174.000   1663648174.000    6.30000e+02     180.00      45.00   2.69500e+02   3.44500e+02     1255.4       36.9  -6.48400e+01   3.82800e-01     2           4.65700e+01   2.87000e+00  
     2022         9        20         4        31        58         49       7100       5362 1663648318.000   1663648318.000    6.30000e+02     -90.00      45.00   2.69500e+02   3.44500e+02     1345.1       33.1  -1.39700e+01   7.91000e-02     2           8.75800e+01   4.36500e+00  
     2022         9        20         4        37        58         50       7100       5362 1663648678.000   1663648678.000    6.30000e+02       0.00      90.00   2.69500e+02   3.44500e+02     1335.2       35.2           nan           nan     2           6.28500e+01   3.43700e+00  
     2022         9        20         4        40        22         51       7100       5362 1663648822.000   1663648822.000    6.30000e+02       0.00      45.00   2.69500e+02   3.44500e+02     1296.1       22.6   2.54000e+01   1.24700e-01     2           1.14140e+02   4.26800e+00  
     2022         9        20         4        42        46         52       7100       5362 1663648966.000   1663648966.000    6.30000e+02      90.00      45.00   2.69500e+02   3.44500e+02     1324.5       34.5   3.38200e+01   2.00600e-01     2           6.18000e+01   3.35700e+00  
     2022         9        20         4        45        10         53       7100       5362 1663649110.000   1663649110.000    6.30000e+02     180.00      45.00   2.69500e+02   3.44500e+02     1346.0       45.7   3.16500e+01   2.20200e-01     1           4.95700e+01   3.37900e+00  
     2022         9        20         4        48        10         54       7100       5362 1663649290.000   1663649290.000    6.30000e+02     -90.00      45.00   2.69500e+02   3.44500e+02     1317.9       28.0  -3.48300e+01   1.89400e-01     2           8.72900e+01   3.90100e+00  
     2022         9        20         4        50        34         55       7100       5362 1663649434.000   1663649434.000    6.30000e+02       0.00      90.00   2.69500e+02   3.44500e+02     1319.5       36.8           nan           nan     1           5.57100e+01   3.22300e+00  
     2022         9        20         4        52        58         56       7100       5362 1663649578.000   1663649578.000    6.30000e+02       0.00      45.00   2.69500e+02   3.44500e+02     1309.8       23.2   4.84700e+01   2.48900e-01     2           1.03320e+02   3.96100e+00  
     2022         9        20         4        55        22         57       7100       5362 1663649722.000   1663649722.000    6.30000e+02      90.00      45.00   2.69500e+02   3.44500e+02     1332.5       35.6   2.70200e+01   1.70200e-01     1           5.68400e+01   3.18100e+00  
     2022         9        20         4        57        46         58       7100       5362 1663649866.000   1663649866.000    6.30000e+02     180.00      45.00   2.69500e+02   3.44500e+02     1344.7       50.2  -5.70900e+01   4.31900e-01     1           3.38400e+01   2.59300e+00  
     2022         9        20         5         0        10         59       7100       5362 1663650010.000   1663650010.000    6.30000e+02     -90.00      45.00   2.69500e+02   3.44500e+02     1334.6       30.4  -1.78400e+01   1.06600e-01     2           7.13100e+01   3.44800e+00  
     2022         9        20         5         6        46         60       7100       5362 1663650406.000   1663650406.000    6.30000e+02       0.00      90.00   2.69500e+02   3.44500e+02     1357.8       43.8           nan           nan     1           4.08700e+01   2.74100e+00  
     2022         9        20         5         9        10         61       7100       5362 1663650550.000   1663650550.000    6.30000e+02       0.00      45.00   2.69500e+02   3.44500e+02     1291.7       22.0   3.62100e+01   1.95400e-01     2           1.03650e+02   3.87300e+00  
     2022         9        20         5        11        34         62       7100       5362 1663650694.000   1663650694.000    6.30000e+02      90.00      45.00   2.69500e+02   3.44500e+02     1332.2       34.7   1.11800e+01   7.13000e-02     2           5.51500e+01   3.04200e+00  
     2022         9        20         5        13        58         63       7100       5362 1663650838.000   1663650838.000    6.30000e+02     180.00      45.00   2.69500e+02   3.44500e+02     1330.7       45.9  -2.62500e+01   1.93400e-01     1           3.73800e+01   2.66500e+00  
     2022         9        20         5        16        22         64       7100       5362 1663650982.000   1663650982.000    6.30000e+02     -90.00      45.00   2.69500e+02   3.44500e+02     1320.5       28.7   1.11000e+00   6.40000e-03     2           7.57500e+01   3.51200e+00  
     2022         9        20         5        19        22         65       7100       5362 1663651162.000   1663651162.000    6.30000e+02       0.00      90.00   2.69500e+02   3.44500e+02     1272.6       38.2           nan           nan     1           4.44100e+01   2.79600e+00  
     2022         9        20         5        21        46         66       7100       5362 1663651306.000   1663651306.000    6.30000e+02       0.00      45.00   2.69500e+02   3.44500e+02     1282.2       21.1   2.05900e+01   1.03200e-01     2           1.13110e+02   4.07000e+00  
     2022         9        20         5        24        10         67       7100       5362 1663651450.000   1663651450.000    6.30000e+02      90.00      45.00   2.69500e+02   3.44500e+02     1292.5       31.1   2.59700e+01   1.50200e-01     2           6.07900e+01   3.12900e+00  
     2022         9        20         5        26        34         68       7100       5362 1663651594.000   1663651594.000    6.30000e+02     180.00      45.00   2.69500e+02   3.44500e+02     1315.9       40.6  -1.38600e+01   9.07000e-02     1           4.36200e+01   2.80700e+00  
     2022         9        20         5        28        58         69       7100       5362 1663651738.000   1663651738.000    6.30000e+02     -90.00      45.00   2.69500e+02   3.44500e+02     1323.0       26.6   2.90000e-01   1.50000e-03     2           8.85800e+01   3.79600e+00  
     2022         9        20         5        34        58         70       7100       5362 1663652098.000   1663652098.000    6.30000e+02       0.00      90.00   2.69500e+02   3.44500e+02     1296.9       32.9           nan           nan     1           5.62100e+01   3.03800e+00  
     2022         9        20         5        37        58         71       7100       5362 1663652278.000   1663652278.000    6.30000e+02       0.00      45.00   2.69500e+02   3.44500e+02     1280.3       18.9   2.02200e+01   8.71000e-02     2           1.35040e+02   4.38000e+00  
     2022         9        20         5        40        22         72       7100       5362 1663652422.000   1663652422.000    6.30000e+02      90.00      45.00   2.69500e+02   3.44500e+02     1265.5       27.4   1.59300e+01   7.94000e-02     2           7.09600e+01   3.31300e+00  
     2022         9        20         5        42        46         73       7100       5362 1663652566.000   1663652566.000    6.30000e+02     180.00      45.00   2.69500e+02   3.44500e+02     1266.7       32.8   1.85800e+01   1.00400e-01     1           5.89600e+01   3.20800e+00  
     2022         9        20         5        45        10         74       7100       5362 1663652710.000   1663652710.000    6.30000e+02     -90.00      45.00   2.69500e+02   3.44500e+02     1301.9       24.1  -6.10000e+00   2.76000e-02     2           1.06400e+02   4.18900e+00  
     2022         9        20         5        47        34         75       7100       5362 1663652854.000   1663652854.000    6.30000e+02       0.00      90.00   2.69500e+02   3.44500e+02     1288.3       27.7           nan           nan     2           7.98200e+01   3.64500e+00  
     2022         9        20         5        49        58         76       7100       5362 1663652998.000   1663652998.000    6.30000e+02       0.00      45.00   2.69500e+02   3.44500e+02     1260.6       17.8   1.53000e+01   5.91000e-02     2           1.48160e+02   4.59400e+00  
     2022         9        20         5        52        22         77       7100       5362 1663653142.000   1663653142.000    6.30000e+02      90.00      45.00   2.69500e+02   3.44500e+02     1272.5       25.7   1.16900e+01   5.27000e-02     2           8.55700e+01   3.70000e+00  
     2022         9        20         5        55        22         78       7100       5362 1663653322.000   1663653322.000    6.30000e+02     180.00      45.00   2.69500e+02   3.44500e+02     1256.3       29.3   2.48400e+01   1.19500e-01     2           7.36900e+01   3.60500e+00  
     2022         9        20         5        57        46         79       7100       5362 1663653466.000   1663653466.000    6.30000e+02     -90.00      45.00   2.69500e+02   3.44500e+02     1287.7       21.3  -1.04600e+01   4.23000e-02     2           1.28780e+02   4.55900e+00  
     2022         9        20         6         3        46         80       7100       5362 1663653826.000   1663653826.000    6.30000e+02       0.00      90.00   2.66500e+02   3.41500e+02     1281.6       24.6           nan           nan     2           9.93300e+01   4.05100e+00  
     2022         9        20         6         6        10         81       7100       5362 1663653970.000   1663653970.000    6.30000e+02       0.00      45.00   2.66500e+02   3.41500e+02     1239.5       16.5   3.61000e+00   1.26000e-02     2           1.61840e+02   4.76700e+00  
     2022         9        20         6         8        34         82       7100       5362 1663654114.000   1663654114.000    6.30000e+02      90.00      45.00   2.66500e+02   3.41500e+02     1229.9       22.8   2.21400e+01   8.94000e-02     2           9.97100e+01   3.97000e+00  
     2022         9        20         6        10        58         83       7100       5362 1663654258.000   1663654258.000    6.30000e+02     180.00      45.00   2.66500e+02   3.41500e+02     1266.5       24.7   2.54200e+01   1.05500e-01     2           9.36100e+01   3.90000e+00  
     2022         9        20         6        13        58         84       7100       5362 1663654438.000   1663654438.000    6.30000e+02     -90.00      45.00   2.66500e+02   3.41500e+02     1272.5       23.2  -4.38000e+00   1.75000e-02     2           1.22610e+02   4.68100e+00  
     2022         9        20         6        16        22         85       7100       5362 1663654582.000   1663654582.000    6.30000e+02       0.00      90.00   2.66500e+02   3.41500e+02     1250.5       22.4           nan           nan     2           9.57100e+01   3.75100e+00  
     2022         9        20         6        18        46         86       7100       5362 1663654726.000   1663654726.000    6.30000e+02       0.00      45.00   2.66500e+02   3.41500e+02     1262.8       20.3  -1.90000e+00   7.40000e-03     2           1.35850e+02   4.67300e+00  
     2022         9        20         6        21        10         87       7100       5362 1663654870.000   1663654870.000    6.30000e+02      90.00      45.00   2.66500e+02   3.41500e+02     1250.1       22.8   1.67100e+01   7.18000e-02     2           1.00750e+02   3.95900e+00  
     2022         9        20         6        23        34         88       7100       5362 1663655014.000   1663655014.000    6.30000e+02     180.00      45.00   2.66500e+02   3.41500e+02     1265.3       30.0   2.12100e+01   1.10600e-01     1           8.10300e+01   3.96800e+00  
     2022         9        20         6        25        58         89       7100       5362 1663655158.000   1663655158.000    6.30000e+02     -90.00      45.00   2.66500e+02   3.41500e+02     1367.0       39.9   6.80000e+00   4.27000e-02     2           8.52500e+01   4.87900e+00  
     2022         9        20         6        32        34         90       7100       5362 1663655554.000   1663655554.000    6.30000e+02       0.00      90.00   2.66500e+02   3.41500e+02     1303.4       35.9           nan           nan     1           7.52800e+01   4.16700e+00  
     2022         9        20         6        34        58         91       7100       5362 1663655698.000   1663655698.000    6.30000e+02       0.00      45.00   2.66500e+02   3.41500e+02     1311.8       34.2  -3.12000e+00   1.89000e-02     1           8.20600e+01   4.30900e+00  
     2022         9        20         6        37        22         92       7100       5362 1663655842.000   1663655842.000    6.30000e+02      90.00      45.00   2.66500e+02   3.41500e+02     1296.7       37.0   4.14900e+01   2.55200e-01     1           6.21100e+01   3.61000e+00  
     2022         9        20         6        39        46         93       7100       5362 1663655986.000   1663655986.000    6.30000e+02     180.00      45.00   2.66500e+02   3.41500e+02     1287.9       34.9   3.46500e+01   1.98000e-01     1           7.20000e+01   3.95900e+00  
     2022         9        20         6        42        10         94       7100       5362 1663656130.000   1663656130.000    6.30000e+02     -90.00      45.00   2.66500e+02   3.41500e+02     1303.6       30.5  -3.92000e+00   2.02000e-02     1           1.03100e+02   4.85600e+00  
     2022         9        20         6        44        34         95       7100       5362 1663656274.000   1663656274.000    6.30000e+02       0.00      90.00   2.66500e+02   3.41500e+02     1254.3       25.9           nan           nan     1           1.00980e+02   4.32900e+00  
     2022         9        20         6        47        34         96       7100       5362 1663656454.000   1663656454.000    6.30000e+02       0.00      45.00   2.66500e+02   3.41500e+02     1273.3       27.4   5.81000e+00   2.71000e-02     1           9.88400e+01   4.39200e+00  
     2022         9        20         6        49        58         97       7100       5362 1663656598.000   1663656598.000    6.30000e+02      90.00      45.00   2.66500e+02   3.41500e+02     1263.7       28.4   3.53300e+01   1.68700e-01     1           8.20500e+01   3.85000e+00  
     2022         9        20         6        52        22         98       7100       5362 1663656742.000   1663656742.000    6.30000e+02     180.00      45.00   2.66500e+02   3.41500e+02     1244.5       26.6   2.24000e+01   1.04100e-01     1           9.16200e+01   4.09200e+00  
     2022         9        20         6        54        46         99       7100       5362 1663656886.000   1663656886.000    6.30000e+02     -90.00      45.00   2.66500e+02   3.41500e+02     1312.3       37.6  -2.97100e+01   1.70500e-01     1           8.42800e+01   4.76200e+00  
     2022         9        20         7         0        46        100       7100       5362 1663657246.000   1663657246.000    6.30000e+02       0.00      90.00   2.55500e+02   3.30500e+02     1240.2       25.3           nan           nan     1           9.90900e+01   4.22200e+00  
     2022         9        20         7         3        10        101       7100       5362 1663657390.000   1663657390.000    6.30000e+02       0.00      45.00   2.55500e+02   3.30500e+02     1315.7       35.0   6.30000e-01   3.40000e-03     1           7.90900e+01   4.23400e+00  
     2022         9        20         7         6        10        102       7100       5362 1663657570.000   1663657570.000    6.30000e+02      90.00      45.00   2.55500e+02   3.30500e+02     1241.6       26.3   2.61700e+01   1.20900e-01     1           8.77100e+01   3.90800e+00  
     2022         9        20         7         8        34        103       7100       5362 1663657714.000   1663657714.000    6.30000e+02     180.00      45.00   2.55500e+02   3.30500e+02     1248.1       32.7   3.25200e+01   1.71300e-01     1           7.28000e+01   3.89100e+00  
     2022         9        20         7        10        58        104       7100       5362 1663657858.000   1663657858.000    6.30000e+02     -90.00      45.00   2.55500e+02   3.30500e+02     1286.5       29.3  -6.93000e+00   3.40000e-02     1           1.01490e+02   4.68200e+00  
     2022         9        20         7        13        22        105       7100       5362 1663658002.000   1663658002.000    6.30000e+02       0.00      90.00   2.55500e+02   3.30500e+02     1215.8       25.5           nan           nan     1           9.09000e+01   4.00300e+00  
     2022         9        20         7        15        46        106       7100       5362 1663658146.000   1663658146.000    6.30000e+02       0.00      45.00   2.55500e+02   3.30500e+02     1319.8       45.5   1.27900e+01   8.51000e-02     1           5.91700e+01   4.01600e+00  
     2022         9        20         7        18        10        107       7100       5362 1663658290.000   1663658290.000    6.30000e+02      90.00      45.00   2.55500e+02   3.30500e+02     1228.2       27.6   3.17400e+01   1.63100e-01     1           7.97600e+01   3.76000e+00  
     2022         9        20         7        21        10        108       7100       5362 1663658470.000   1663658470.000    6.30000e+02     180.00      45.00   2.55500e+02   3.30500e+02     1220.5       27.2   3.45100e+01   1.83500e-01     1           8.25900e+01   3.85800e+00  
     2022         9        20         7        23        34        109       7100       5362 1663658614.000   1663658614.000    6.30000e+02     -90.00      45.00   2.55500e+02   3.30500e+02     1427.9       59.6  -8.20000e+00   6.83000e-02     2           5.87300e+01   4.68400e+00  
     2022         9        20         7        29        34        110       7100       5362 1663658974.000   1663658974.000    6.30000e+02       0.00      90.00   2.55500e+02   3.30500e+02     1239.0       37.5           nan           nan     1           6.39800e+01   3.88400e+00  
     2022         9        20         7        31        58        111       7100       5362 1663659118.000   1663659118.000    6.30000e+02       0.00      45.00   2.55500e+02   3.30500e+02     1309.0       52.8   1.43500e+01   1.19400e-01     2           4.99500e+01   3.92200e+00  
     2022         9        20         7        34        22        112       7100       5362 1663659262.000   1663659262.000    6.30000e+02      90.00      45.00   2.55500e+02   3.30500e+02     1221.4       36.6   2.51200e+01   1.74400e-01     1           5.73200e+01   3.49300e+00  
     2022         9        20         7        36        46        113       7100       5362 1663659406.000   1663659406.000    6.30000e+02     180.00      45.00   2.55500e+02   3.30500e+02     1261.0       39.5   3.82000e+01   2.75000e-01     1           5.87800e+01   3.70100e+00  
     2022         9        20         7        39        46        114       7100       5362 1663659586.000   1663659586.000    6.30000e+02     -90.00      45.00   2.55500e+02   3.30500e+02     1474.1       77.0   1.38200e+01   1.43900e-01     2           4.77800e+01   4.70200e+00  
     2022         9        20         7        42        10        115       7100       5362 1663659730.000   1663659730.000    6.30000e+02       0.00      90.00   2.55500e+02   3.30500e+02     1251.3       38.7           nan           nan     1           6.21600e+01   3.84900e+00  
     2022         9        20         7        44        34        116       7100       5362 1663659874.000   1663659874.000    6.30000e+02       0.00      45.00   2.55500e+02   3.30500e+02     1334.8       58.4  -1.84000e+00   1.66000e-02     2           4.59800e+01   3.89000e+00  
     2022         9        20         7        46        58        117       7100       5362 1663660018.000   1663660018.000    6.30000e+02      90.00      45.00   2.55500e+02   3.30500e+02     1254.3       44.3   3.30700e+01   2.56100e-01     1           4.86400e+01   3.43400e+00  
     2022         9        20         7        49        22        118       7100       5362 1663660162.000   1663660162.000    6.30000e+02     180.00      45.00   2.55500e+02   3.30500e+02     1321.6       57.2   4.12200e+01   3.64500e-01     2           4.24100e+01   3.58100e+00  
     2022         9        20         7        51        46        119       7100       5362 1663660306.000   1663660306.000    6.30000e+02     -90.00      45.00   2.55500e+02   3.30500e+02     1521.2       82.7   4.81200e+01   5.22100e-01     2           4.69500e+01   4.78700e+00  
     2022         9        20         7        58        22        120       7100       5362 1663660702.000   1663660702.000    6.30000e+02       0.00      90.00   2.55500e+02   3.30500e+02     1282.4       39.7           nan           nan     1           6.77800e+01   4.16600e+00  
     2022         9        20         8         0        46        121       7100       5362 1663660846.000   1663660846.000    6.30000e+02       0.00      45.00   2.41500e+02   3.16500e+02     1319.4       51.9  -6.62000e+00   5.51000e-02     2           5.47700e+01   4.18200e+00  
     2022         9        20         8         3        10        122       7100       5362 1663660990.000   1663660990.000    6.30000e+02      90.00      45.00   2.41500e+02   3.16500e+02     1260.6       35.5   3.24900e+01   2.17600e-01     1           7.46900e+01   4.21700e+00  
     2022         9        20         8         5        34        123       7100       5362 1663661134.000   1663661134.000    6.30000e+02     180.00      45.00   2.41500e+02   3.16500e+02     1222.0       36.8   2.56100e+01   1.73700e-01     1           7.43400e+01   4.43100e+00  
     2022         9        20         8         7        58        124       7100       5362 1663661278.000   1663661278.000    6.30000e+02     -90.00      45.00   2.41500e+02   3.16500e+02     1334.9       44.4  -1.34000e+01   9.71000e-02     2           8.61300e+01   5.51500e+00  
     2022         9        20         8        10        22        125       7100       5362 1663661422.000   1663661422.000    6.30000e+02       0.00      90.00   2.41500e+02   3.16500e+02     1300.7       32.3           nan           nan     2           1.22160e+02   5.94900e+00  
     2022         9        20         8        13        22        126       7100       5362 1663661602.000   1663661602.000    6.30000e+02       0.00      45.00   2.41500e+02   3.16500e+02     1365.5       35.0  -1.48300e+01   9.24000e-02     2           1.46080e+02   7.19000e+00  
