   YEAR     MONTH      DAY       HOUR      MIN       SEC       RECNO     KINDAT      KINST       UT1_UNIX        UT2_UNIX        WAVLEN        AZM        ELM         ALTB          ALTE         TN         DTN        VNHLU         DVNHLU     FPI_DATAQUAL      RLE           DRLE     
     2022        10         1         1        26        34          0       7100       5362 1664587594.000   1664587594.000    6.30000e+02      90.00      45.00   2.47500e+02   3.22500e+02     1099.9       42.1  -1.04600e+01   1.67100e-01     1           3.94700e+01   3.05100e+00  
     2022        10         1         1        29        34          1       7100       5362 1664587774.000   1664587774.000    6.30000e+02     180.00      45.00   2.47500e+02   3.22500e+02     1135.1       54.4   2.06300e+01   3.77600e-01     2           3.04600e+01   2.89700e+00  
     2022        10         1         1        34        22          2       7100       5362 1664588062.000   1664588062.000    6.30000e+02       0.00      90.00   2.47500e+02   3.22500e+02     1110.1       42.1           nan           nan     1           4.45000e+01   3.37400e+00  
     2022        10         1         1        36        46          3       7100       5362 1664588206.000   1664588206.000    6.30000e+02       0.00      45.00   2.47500e+02   3.22500e+02     1190.4       56.0   3.22500e+01   6.03100e-01     2           3.88200e+01   3.54700e+00  
     2022        10         1         1        39        10          4       7100       5362 1664588350.000   1664588350.000    6.30000e+02      90.00      45.00   2.47500e+02   3.22500e+02     1071.8       31.0   2.16100e+01   3.29700e-01     0           5.45000e+01   3.27400e+00  
     2022        10         1         1        41        34          5       7100       5362 1664588494.000   1664588494.000    6.30000e+02     180.00      45.00   2.47500e+02   3.22500e+02     1089.3       41.7   2.60000e+01   4.71600e-01     1           3.97800e+01   3.07300e+00  
     2022        10         1         1        44        34          6       7100       5362 1664588674.000   1664588674.000    6.30000e+02     -90.00      45.00   2.47500e+02   3.22500e+02     1177.6       68.5   1.88000e+00   4.57000e-02     2           3.00900e+01   3.37200e+00  
     2022        10         1         1        50        34          7       7100       5362 1664589034.000   1664589034.000    6.30000e+02       0.00      90.00   2.47500e+02   3.22500e+02     1162.2       62.4           nan           nan     2           2.94500e+01   3.08800e+00  
     2022        10         1         1        52        58          8       7100       5362 1664589178.000   1664589178.000    6.30000e+02       0.00      45.00   2.47500e+02   3.22500e+02     1133.8       67.2   2.59700e+01   6.79600e-01     2           2.95700e+01   3.36700e+00  
     2022        10         1         1        55        22          9       7100       5362 1664589322.000   1664589322.000    6.30000e+02      90.00      45.00   2.47500e+02   3.22500e+02     1057.9       50.8   2.83800e+01   6.73400e-01     1           3.00400e+01   2.86600e+00  
     2022        10         1         1        57        46         10       7100       5362 1664589466.000   1664589466.000    6.30000e+02     180.00      45.00   2.47500e+02   3.22500e+02     1094.5       52.0   2.53500e+01   6.23900e-01     1           3.08000e+01   2.90500e+00  
     2022        10         1         2         2        34         11       7100       5362 1664589754.000   1664589754.000    6.30000e+02       0.00      90.00   2.59500e+02   3.34500e+02     1143.6       72.8           nan           nan     2           2.45700e+01   3.02100e+00  
     2022        10         1         2         5        34         12       7100       5362 1664589934.000   1664589934.000    6.30000e+02       0.00      45.00   2.59500e+02   3.34500e+02     1239.0       96.6  -1.10900e+01   3.79700e-01     2           2.09000e+01   3.09000e+00  
     2022        10         1         2         7        58         13       7100       5362 1664590078.000   1664590078.000    6.30000e+02      90.00      45.00   2.59500e+02   3.34500e+02     1148.5       66.7  -2.40600e+01   7.55100e-01     2           2.34600e+01   2.67300e+00  
     2022        10         1         2        10        22         14       7100       5362 1664590222.000   1664590222.000    6.30000e+02     180.00      45.00   2.59500e+02   3.34500e+02     1025.2       64.7   7.31000e+00   2.39100e-01     2           2.10700e+01   2.60600e+00  
     2022        10         1         2        12        46         15       7100       5362 1664590366.000   1664590366.000    6.30000e+02     -90.00      45.00   2.59500e+02   3.34500e+02     1336.9      127.0   2.98200e+01   1.31570e+00     2           1.55900e+01   2.78800e+00  
     2022        10         1         2        18        46         16       7100       5362 1664590726.000   1664590726.000    6.30000e+02       0.00      90.00   2.59500e+02   3.34500e+02     1283.2      116.6           nan           nan     2           1.60700e+01   2.76900e+00  
     2022        10         1         2        31        22         17       7100       5362 1664591482.000   1664591482.000    6.30000e+02       0.00      90.00   2.59500e+02   3.34500e+02     1332.7      138.0           nan           nan     2           1.30700e+01   2.55600e+00  
     2022        10         1         2        36        10         18       7100       5362 1664591770.000   1664591770.000    6.30000e+02      90.00      45.00   2.59500e+02   3.34500e+02     1297.7      127.1  -1.15000e+01   6.20200e-01     2           1.27100e+01   2.37000e+00  
     2022        10         1         2        39        10         19       7100       5362 1664591950.000   1664591950.000    6.30000e+02     180.00      45.00   2.59500e+02   3.34500e+02     1324.0      112.1   8.42800e+01   4.20060e+00     2           1.61000e+01   2.60300e+00  
     2022        10         1         2        52        22         20       7100       5362 1664592742.000   1664592742.000    6.30000e+02      90.00      45.00   2.59500e+02   3.34500e+02     1204.3      117.6   5.54200e+01   2.63270e+00     2           1.33600e+01   2.48400e+00  
     2022        10         1         2        54        46         21       7100       5362 1664592886.000   1664592886.000    6.30000e+02     180.00      45.00   2.59500e+02   3.34500e+02     1175.8      112.4   4.05400e+01   1.85090e+00     2           1.46100e+01   2.65400e+00  
     2022        10         1         3         0        10         22       7100       5362 1664593210.000   1664593210.000    6.30000e+02       0.00      90.00   2.69500e+02   3.44500e+02     1258.0       96.4           nan           nan     2           2.10200e+01   3.05800e+00  
     2022        10         1         3         4        58         23       7100       5362 1664593498.000   1664593498.000    6.30000e+02      90.00      45.00   2.69500e+02   3.44500e+02     1234.1       97.1   6.41200e+01   2.69610e+00     2           1.72500e+01   2.60700e+00  
     2022        10         1         3         7        22         24       7100       5362 1664593642.000   1664593642.000    6.30000e+02     180.00      45.00   2.69500e+02   3.44500e+02     1300.7       94.5   6.54900e+01   2.86760e+00     2           1.97500e+01   2.75700e+00  
     2022        10         1         3        15        46         25       7100       5362 1664594146.000   1664594146.000    6.30000e+02       0.00      90.00   2.69500e+02   3.44500e+02     1293.2      115.3           nan           nan     2           1.57800e+01   2.67400e+00  
     2022        10         1         3        21        10         26       7100       5362 1664594470.000   1664594470.000    6.30000e+02      90.00      45.00   2.69500e+02   3.44500e+02     1233.2      123.4  -1.00500e+02   5.57530e+00     2           1.21200e+01   2.31300e+00  
     2022        10         1         3        23        34         27       7100       5362 1664594614.000   1664594614.000    6.30000e+02     180.00      45.00   2.69500e+02   3.44500e+02     1222.6      124.3  -7.83400e+01   4.21090e+00     2           1.28800e+01   2.48500e+00  
     2022        10         1         3        28        22         28       7100       5362 1664594902.000   1664594902.000    6.30000e+02       0.00      90.00   2.69500e+02   3.44500e+02     1339.7      127.0           nan           nan     2           1.52800e+01   2.73900e+00  
     2022        10         1         3        44        34         29       7100       5362 1664595874.000   1664595874.000    6.30000e+02       0.00      90.00   2.69500e+02   3.44500e+02     1308.1      107.6           nan           nan     2           1.87000e+01   2.92200e+00  
     2022        10         1         3        46        58         30       7100       5362 1664596018.000   1664596018.000    6.30000e+02       0.00      45.00   2.69500e+02   3.44500e+02     1301.7      116.6  -2.08800e+01   9.94200e-01     2           1.67500e+01   2.84200e+00  
     2022        10         1         3        49        22         31       7100       5362 1664596162.000   1664596162.000    6.30000e+02      90.00      45.00   2.69500e+02   3.44500e+02     1238.5       84.5  -1.67700e+01   6.54600e-01     2           2.06800e+01   2.72800e+00  
     2022        10         1         3        52        22         32       7100       5362 1664596342.000   1664596342.000    6.30000e+02     180.00      45.00   2.69500e+02   3.44500e+02     1258.1       63.7  -3.58000e+00   1.14800e-01     2           3.02000e+01   3.00100e+00  
     2022        10         1         3        54        46         33       7100       5362 1664596486.000   1664596486.000    6.30000e+02     -90.00      45.00   2.69500e+02   3.44500e+02     1307.6       81.2  -2.36300e+01   7.62200e-01     2           3.14900e+01   3.71200e+00  
     2022        10         1         3        57        10         34       7100       5362 1664596630.000   1664596630.000    6.30000e+02       0.00      90.00   2.69500e+02   3.44500e+02     1140.0       52.0           nan           nan     2           3.59300e+01   3.23300e+00  
     2022        10         1         3        59        34         35       7100       5362 1664596774.000   1664596774.000    6.30000e+02       0.00      45.00   2.73500e+02   3.48500e+02     1188.2       70.9  -5.98000e+00   1.66100e-01     2           2.88900e+01   3.31100e+00  
     2022        10         1         4         2        34         36       7100       5362 1664596954.000   1664596954.000    6.30000e+02      90.00      45.00   2.73500e+02   3.48500e+02     1163.6       48.6   1.09500e+01   2.56600e-01     1           3.49300e+01   2.93200e+00  
     2022        10         1         4         4        58         37       7100       5362 1664597098.000   1664597098.000    6.30000e+02     180.00      45.00   2.73500e+02   3.48500e+02     1148.9       38.2  -1.64300e+01   3.35000e-01     0           4.67300e+01   3.17500e+00  
     2022        10         1         4         7        22         38       7100       5362 1664597242.000   1664597242.000    6.30000e+02     -90.00      45.00   2.73500e+02   3.48500e+02     1310.4       62.8   1.80600e+01   4.76100e-01     2           4.18100e+01   3.85800e+00  
     2022        10         1         4        13        58         39       7100       5362 1664597638.000   1664597638.000    6.30000e+02       0.00      90.00   2.73500e+02   3.48500e+02     1149.1       42.5           nan           nan     1           4.48700e+01   3.32900e+00  
     2022        10         1         4        16        22         40       7100       5362 1664597782.000   1664597782.000    6.30000e+02       0.00      45.00   2.73500e+02   3.48500e+02     1098.3       46.1   2.94600e+01   6.56600e-01     1           3.89800e+01   3.25300e+00  
     2022        10         1         4        18        46         41       7100       5362 1664597926.000   1664597926.000    6.30000e+02      90.00      45.00   2.73500e+02   3.48500e+02     1150.3       39.6   4.05100e+01   8.36200e-01     0           4.15200e+01   2.93800e+00  
     2022        10         1         4        21        10         42       7100       5362 1664598070.000   1664598070.000    6.30000e+02     180.00      45.00   2.73500e+02   3.48500e+02     1132.3       34.2   1.21600e+01   2.30100e-01     0           5.19300e+01   3.24000e+00  
     2022        10         1         4        23        34         43       7100       5362 1664598214.000   1664598214.000    6.30000e+02     -90.00      45.00   2.73500e+02   3.48500e+02     1258.3       53.0   3.05400e+01   6.96800e-01     2           4.63300e+01   3.79800e+00  
     2022        10         1         4        25        58         44       7100       5362 1664598358.000   1664598358.000    6.30000e+02       0.00      90.00   2.73500e+02   3.48500e+02     1119.5       37.2           nan           nan     1           5.03100e+01   3.38700e+00  
     2022        10         1         4        28        22         45       7100       5362 1664598502.000   1664598502.000    6.30000e+02       0.00      45.00   2.73500e+02   3.48500e+02     1215.0       51.9   2.78000e+01   6.39700e-01     2           4.04100e+01   3.40600e+00  
     2022        10         1         4        31        22         46       7100       5362 1664598682.000   1664598682.000    6.30000e+02      90.00      45.00   2.73500e+02   3.48500e+02     1143.1       36.8   2.31600e+01   4.39500e-01     0           4.64200e+01   3.08000e+00  
     2022        10         1         4        33        46         47       7100       5362 1664598826.000   1664598826.000    6.30000e+02     180.00      45.00   2.73500e+02   3.48500e+02     1125.5       34.5   3.16100e+01   5.92900e-01     0           5.23300e+01   3.29900e+00  
     2022        10         1         4        36        10         48       7100       5362 1664598970.000   1664598970.000    6.30000e+02     -90.00      45.00   2.73500e+02   3.48500e+02     1153.6       33.3  -4.32600e+01   7.89500e-01     1           6.94600e+01   4.05100e+00  
     2022        10         1         4        52        22         49       7100       5362 1664599942.000   1664599942.000    6.30000e+02     -90.00      45.00   2.73500e+02   3.48500e+02     1174.8       50.7   1.33800e+01   3.10900e-01     2           4.69600e+01   3.93700e+00  
