   YEAR     MONTH      DAY       HOUR      MIN       SEC       RECNO     KINDAT      KINST       UT1_UNIX        UT2_UNIX        WAVLEN        AZM        ELM         ALTB          ALTE         TN         DTN        VNHLU         DVNHLU     FPI_DATAQUAL      RLE           DRLE     
     2022         9        12         0        12        10          0       7100       5362 1662941530.000   1662941530.000    6.30000e+02     -90.00      45.00   2.35500e+02   3.10500e+02     1340.4       31.1   5.40000e+00   3.06000e-02     2           1.09760e+02   5.09400e+00  
     2022         9        12         0        18        10          1       7100       5362 1662941890.000   1662941890.000    6.30000e+02       0.00      90.00   2.35500e+02   3.10500e+02     1352.5       31.5           nan           nan     2           1.15010e+02   5.33300e+00  
     2022         9        12         0        21        10          2       7100       5362 1662942070.000   1662942070.000    6.30000e+02       0.00      45.00   2.35500e+02   3.10500e+02     1383.1       40.1   1.12500e+01   7.37000e-02     2           9.50100e+01   5.36100e+00  
     2022         9        12         0        23        34          3       7100       5362 1662942214.000   1662942214.000    6.30000e+02      90.00      45.00   2.35500e+02   3.10500e+02     1347.4       35.3   3.62000e+01   2.26600e-01     2           9.60500e+01   4.98100e+00  
     2022         9        12         0        25        58          4       7100       5362 1662942358.000   1662942358.000    6.30000e+02     180.00      45.00   2.35500e+02   3.10500e+02     1379.8       38.1   4.55500e+01   2.97300e-01     2           9.70800e+01   5.25300e+00  
     2022         9        12         0        28        22          5       7100       5362 1662942502.000   1662942502.000    6.30000e+02     -90.00      45.00   2.35500e+02   3.10500e+02     1422.2       46.3   3.91200e+01   2.90800e-01     2           8.66000e+01   5.43100e+00  
     2022         9        12         0        30        46          6       7100       5362 1662942646.000   1662942646.000    6.30000e+02       0.00      90.00   2.35500e+02   3.10500e+02     1386.0       36.3           nan           nan     2           1.10400e+02   5.64600e+00  
     2022         9        12         0        33        10          7       7100       5362 1662942790.000   1662942790.000    6.30000e+02       0.00      45.00   2.35500e+02   3.10500e+02     1428.0       41.3   2.78000e+01   1.99800e-01     2           1.04780e+02   5.85700e+00  
     2022         9        12         0        35        34          8       7100       5362 1662942934.000   1662942934.000    6.30000e+02      90.00      45.00   2.35500e+02   3.10500e+02     1401.8       43.6   2.11800e+01   1.60200e-01     2           8.19400e+01   4.95700e+00  
     2022         9        12         0        38        34          9       7100       5362 1662943114.000   1662943114.000    6.30000e+02     180.00      45.00   2.35500e+02   3.10500e+02     1351.2       38.5   3.72100e+01   2.73800e-01     2           8.76500e+01   4.90900e+00  
     2022         9        12         0        40        58         10       7100       5362 1662943258.000   1662943258.000    6.30000e+02     -90.00      45.00   2.35500e+02   3.10500e+02     1388.3       48.5   1.73800e+01   1.46800e-01     2           7.73300e+01   5.19100e+00  
     2022         9        12         0        46        58         11       7100       5362 1662943618.000   1662943618.000    6.30000e+02       0.00      90.00   2.35500e+02   3.10500e+02     1374.8       47.5           nan           nan     2           7.61900e+01   5.08000e+00  
     2022         9        12         0        49        22         12       7100       5362 1662943762.000   1662943762.000    6.30000e+02       0.00      45.00   2.35500e+02   3.10500e+02     1428.7       58.0   2.38900e+01   2.35300e-01     2           6.91600e+01   5.33100e+00  
     2022         9        12         0        51        46         13       7100       5362 1662943906.000   1662943906.000    6.30000e+02      90.00      45.00   2.35500e+02   3.10500e+02     1503.4       58.1   2.21900e+01   2.14000e-01     2           6.52900e+01   4.82800e+00  
     2022         9        12         0        54        10         14       7100       5362 1662944050.000   1662944050.000    6.30000e+02     180.00      45.00   2.35500e+02   3.10500e+02     1451.1       61.6   3.08200e+01   3.17100e-01     2           5.40700e+01   4.40000e+00  
     2022         9        12         0        57        10         15       7100       5362 1662944230.000   1662944230.000    6.30000e+02     -90.00      45.00   2.35500e+02   3.10500e+02     1484.9       66.1   3.41000e+01   3.69500e-01     2           5.81300e+01   4.90400e+00  
     2022         9        12         0        59        34         16       7100       5362 1662944374.000   1662944374.000    6.30000e+02       0.00      90.00   2.54500e+02   3.29500e+02     1367.7       53.8           nan           nan     2           6.21400e+01   4.69300e+00  
     2022         9        12         1         1        58         17       7100       5362 1662944518.000   1662944518.000    6.30000e+02       0.00      45.00   2.54500e+02   3.29500e+02     1405.2       58.6   2.34000e+01   2.38000e-01     2           5.98300e+01   4.76800e+00  
     2022         9        12         1         4        22         18       7100       5362 1662944662.000   1662944662.000    6.30000e+02      90.00      45.00   2.54500e+02   3.29500e+02     1408.3       44.3   1.32300e+01   1.13400e-01     2           8.58800e+01   5.22600e+00  
     2022         9        12         1         6        46         19       7100       5362 1662944806.000   1662944806.000    6.30000e+02     180.00      45.00   2.54500e+02   3.29500e+02     1436.0       56.8   3.17300e+01   2.99800e-01     2           6.73300e+01   5.08200e+00  
     2022         9        12         1         9        10         20       7100       5362 1662944950.000   1662944950.000    6.30000e+02     -90.00      45.00   2.54500e+02   3.29500e+02     1468.6       55.2   3.25900e+01   2.92600e-01     2           7.60100e+01   5.43500e+00  
     2022         9        12         1        15        46         21       7100       5362 1662945346.000   1662945346.000    6.30000e+02       0.00      90.00   2.54500e+02   3.29500e+02     1435.2       37.4           nan           nan     2           1.26050e+02   6.34900e+00  
     2022         9        12         1        18        10         22       7100       5362 1662945490.000   1662945490.000    6.30000e+02       0.00      45.00   2.54500e+02   3.29500e+02     1377.0       36.9  -7.60000e+00   5.42000e-02     2           1.25360e+02   6.47600e+00  
     2022         9        12         1        20        34         23       7100       5362 1662945634.000   1662945634.000    6.30000e+02      90.00      45.00   2.54500e+02   3.29500e+02     1399.2       43.8   4.47800e+01   3.62800e-01     2           9.14300e+01   5.52300e+00  
     2022         9        12         1        22        58         24       7100       5362 1662945778.000   1662945778.000    6.30000e+02     180.00      45.00   2.54500e+02   3.29500e+02     1396.3       42.5   4.24600e+01   3.54300e-01     2           1.03800e+02   6.06500e+00  
     2022         9        12         1        25        22         25       7100       5362 1662945922.000   1662945922.000    6.30000e+02     -90.00      45.00   2.54500e+02   3.29500e+02     1546.7       63.7   2.25900e+01   2.37700e-01     2           8.13700e+01   6.28500e+00  
     2022         9        12         1        27        46         26       7100       5362 1662946066.000   1662946066.000    6.30000e+02       0.00      90.00   2.54500e+02   3.29500e+02     1462.7       56.5           nan           nan     2           9.65000e+01   6.98800e+00  
     2022         9        12         2        43        58         27       7100       5362 1662950638.000   1662950638.000    6.30000e+02       0.00      45.00   2.70500e+02   3.45500e+02     1520.1       65.0   1.61900e+01   1.83000e-01     2           7.37200e+01   5.91900e+00  
     2022         9        12         2        46        22         28       7100       5362 1662950782.000   1662950782.000    6.30000e+02      90.00      45.00   2.70500e+02   3.45500e+02     1457.6       71.8   2.89800e+01   3.50600e-01     2           5.44700e+01   5.04800e+00  
     2022         9        12         2        48        46         29       7100       5362 1662950926.000   1662950926.000    6.30000e+02     180.00      45.00   2.70500e+02   3.45500e+02     1444.0       69.4   4.38700e+01   5.23400e-01     2           5.49300e+01   4.97900e+00  
     2022         9        12         2        51        10         30       7100       5362 1662951070.000   1662951070.000    6.30000e+02     -90.00      45.00   2.70500e+02   3.45500e+02     1500.6       57.9   9.91000e+00   1.06300e-01     2           8.69700e+01   6.32100e+00  
     2022         9        12         2        53        34         31       7100       5362 1662951214.000   1662951214.000    6.30000e+02       0.00      90.00   2.70500e+02   3.45500e+02     1500.0       59.8           nan           nan     2           8.31400e+01   6.23400e+00  
     2022         9        12         3         1        22         32       7100       5362 1662951682.000   1662951682.000    6.30000e+02     180.00      45.00   2.84500e+02   3.59500e+02     1432.7       53.6   2.61600e+01   2.75900e-01     2           8.15200e+01   5.79000e+00  
     2022         9        12         3         3        46         33       7100       5362 1662951826.000   1662951826.000    6.30000e+02     -90.00      45.00   2.84500e+02   3.59500e+02     1511.6       53.9   7.51000e+00   7.91000e-02     2           1.01150e+02   6.79100e+00  
     2022         9        12         3        12        10         34       7100       5362 1662952330.000   1662952330.000    6.30000e+02       0.00      45.00   2.84500e+02   3.59500e+02     1398.8       44.6  -9.30000e+00   9.18000e-02     2           1.42130e+02   8.50600e+00  
     2022         9        12         3        19        58         35       7100       5362 1662952798.000   1662952798.000    6.30000e+02     -90.00      45.00   2.84500e+02   3.59500e+02     1483.4       57.1   3.12800e+01   3.43200e-01     2           9.61700e+01   6.94300e+00  
     2022         9        12         3        24        46         36       7100       5362 1662953086.000   1662953086.000    6.30000e+02       0.00      45.00   2.84500e+02   3.59500e+02     1463.5       53.8   1.72500e+01   1.83400e-01     2           1.05190e+02   7.25900e+00  
     2022         9        12         3        27        10         37       7100       5362 1662953230.000   1662953230.000    6.30000e+02      90.00      45.00   2.84500e+02   3.59500e+02     1456.1       55.6  -2.01000e+00   2.19000e-02     2           9.44400e+01   6.78100e+00  
     2022         9        12         3        29        34         38       7100       5362 1662953374.000   1662953374.000    6.30000e+02     180.00      45.00   2.84500e+02   3.59500e+02     1432.7       58.1   3.41100e+01   3.80800e-01     2           8.44700e+01   6.43500e+00  
     2022         9        12         3        31        58         39       7100       5362 1662953518.000   1662953518.000    6.30000e+02     -90.00      45.00   2.84500e+02   3.59500e+02     1434.8       51.0   2.13000e+00   2.26000e-02     2           9.33000e+01   6.28200e+00  
     2022         9        12         3        50        34         40       7100       5362 1662954634.000   1662954634.000    6.30000e+02       0.00      90.00   2.84500e+02   3.59500e+02     1472.0       62.9           nan           nan     2           7.61500e+01   6.10900e+00  
     2022         9        12         3        52        58         41       7100       5362 1662954778.000   1662954778.000    6.30000e+02       0.00      45.00   2.84500e+02   3.59500e+02     1489.0       76.4   2.80800e+01   3.68200e-01     2           5.46700e+01   5.25500e+00  
     2022         9        12         3        55        58         42       7100       5362 1662954958.000   1662954958.000    6.30000e+02      90.00      45.00   2.84500e+02   3.59500e+02     1485.4       82.2   3.38800e+01   4.63900e-01     2           4.49800e+01   4.67600e+00  
     2022         9        12         3        58        22         43       7100       5362 1662955102.000   1662955102.000    6.30000e+02     180.00      45.00   2.84500e+02   3.59500e+02     1424.5       75.6   6.51700e+01   8.87800e-01     2           4.64000e+01   4.64200e+00  
     2022         9        12         4         0        46         44       7100       5362 1662955246.000   1662955246.000    6.30000e+02     -90.00      45.00   2.89500e+02   3.64500e+02     1483.6       75.5   3.94700e+01   5.24300e-01     2           5.05900e+01   4.84400e+00  
     2022         9        12         4         6        46         45       7100       5362 1662955606.000   1662955606.000    6.30000e+02       0.00      90.00   2.89500e+02   3.64500e+02     1503.4       72.7           nan           nan     2           5.85700e+01   5.31600e+00  
     2022         9        12         4         9        10         46       7100       5362 1662955750.000   1662955750.000    6.30000e+02       0.00      45.00   2.89500e+02   3.64500e+02     1481.8       71.1   3.88300e+01   5.15500e-01     2           5.49000e+01   4.96700e+00  
     2022         9        12         4        11        34         47       7100       5362 1662955894.000   1662955894.000    6.30000e+02      90.00      45.00   2.89500e+02   3.64500e+02     1426.5       67.3   5.80800e+01   7.55900e-01     2           5.54300e+01   4.94700e+00  
     2022         9        12         8         7        58         48       7100       5362 1662970078.000   1662970078.000    6.30000e+02       0.00      90.00   2.54500e+02   3.29500e+02     1448.9       71.8           nan           nan     2           5.16400e+01   4.83000e+00  
     2022         9        12         8        10        22         49       7100       5362 1662970222.000   1662970222.000    6.30000e+02       0.00      45.00   2.54500e+02   3.29500e+02     1496.4       75.3  -2.53400e+01   3.37200e-01     2           5.02100e+01   4.76300e+00  
     2022         9        12         8        12        46         50       7100       5362 1662970366.000   1662970366.000    6.30000e+02      90.00      45.00   2.54500e+02   3.29500e+02     1372.7       58.4  -2.96500e+01   3.47400e-01     2           5.96800e+01   4.84400e+00  
     2022         9        12         8        15        46         51       7100       5362 1662970546.000   1662970546.000    6.30000e+02     180.00      45.00   2.54500e+02   3.29500e+02     1424.0       57.0   2.03300e+01   2.23000e-01     2           6.60600e+01   5.04100e+00  
     2022         9        12         8        18        10         52       7100       5362 1662970690.000   1662970690.000    6.30000e+02     -90.00      45.00   2.54500e+02   3.29500e+02     1440.5       51.3  -2.73300e+01   2.74700e-01     2           8.52800e+01   5.78000e+00  
     2022         9        12         8        24        10         53       7100       5362 1662971050.000   1662971050.000    6.30000e+02       0.00      90.00   2.54500e+02   3.29500e+02     1507.9       44.2           nan           nan     2           1.44690e+02   8.00100e+00  
     2022         9        12         8        26        34         54       7100       5362 1662971194.000   1662971194.000    6.30000e+02       0.00      45.00   2.54500e+02   3.29500e+02     1605.0       45.2   1.88300e+01   1.54900e-01     2           1.87150e+02   9.83800e+00  
