   YEAR     MONTH      DAY       HOUR      MIN       SEC       RECNO     KINDAT      KINST       UT1_UNIX        UT2_UNIX        WAVLEN        AZM        ELM         ALTB          ALTE         TN         DTN        VNHLU         DVNHLU     FPI_DATAQUAL      RLE           DRLE     
     2022         9        21         0        30        46          0       7100       5362 1663720246.000   1663720246.000    6.30000e+02     -90.00      45.00   2.32500e+02   3.07500e+02     1440.9       36.2  -4.23000e+00   2.48000e-02     2           9.59600e+01   4.80100e+00  
     2022         9        21         2        17        34          1       7100       5362 1663726654.000   1663726654.000    6.30000e+02       0.00      45.00   2.60500e+02   3.35500e+02     1267.7       29.4   1.15300e+01   6.41000e-02     2           1.03230e+02   4.82400e+00  
     2022         9        21         2        19        58          2       7100       5362 1663726798.000   1663726798.000    6.30000e+02      90.00      45.00   2.60500e+02   3.35500e+02     1248.8       26.6   2.89200e+01   1.50900e-01     2           8.58800e+01   3.85100e+00  
     2022         9        21         2        51        10          3       7100       5362 1663728670.000   1663728670.000    6.30000e+02     180.00      45.00   2.60500e+02   3.35500e+02     1254.8       33.3   3.59100e+01   2.10300e-01     2           6.32400e+01   3.47400e+00  
     2022         9        21         2        54        10          4       7100       5362 1663728850.000   1663728850.000    6.30000e+02     -90.00      45.00   2.60500e+02   3.35500e+02     1279.2       55.1   3.68400e+01   2.95200e-01     2           4.45800e+01   3.73800e+00  
     2022         9        21         2        56        34          5       7100       5362 1663728994.000   1663728994.000    6.30000e+02       0.00      90.00   2.60500e+02   3.35500e+02     1288.5       34.2           nan           nan     2           6.42100e+01   3.51900e+00  
     2022         9        21         2        58        58          6       7100       5362 1663729138.000   1663729138.000    6.30000e+02       0.00      45.00   2.72500e+02   3.47500e+02     1318.6       54.0  -5.44000e+00   4.28000e-02     2           5.15700e+01   4.09300e+00  
     2022         9        21         3         1        22          7       7100       5362 1663729282.000   1663729282.000    6.30000e+02      90.00      45.00   2.72500e+02   3.47500e+02     1240.2       48.1   2.43100e+01   1.82800e-01     1           3.94100e+01   3.06700e+00  
     2022         9        21         3         3        46          8       7100       5362 1663729426.000   1663729426.000    6.30000e+02     180.00      45.00   2.72500e+02   3.47500e+02     1251.9       46.8   2.57400e+01   1.94200e-01     1           4.04800e+01   3.04700e+00  
     2022         9        21         3         6        10          9       7100       5362 1663729570.000   1663729570.000    6.30000e+02     -90.00      45.00   2.72500e+02   3.47500e+02     1314.2       51.2  -2.34000e+00   1.86000e-02     2           5.13000e+01   3.90300e+00  
     2022         9        21         3        12        46         10       7100       5362 1663729966.000   1663729966.000    6.30000e+02       0.00      90.00   2.72500e+02   3.47500e+02     1304.4       42.3           nan           nan     2           5.08100e+01   3.33700e+00  
     2022         9        21         3        15        10         11       7100       5362 1663730110.000   1663730110.000    6.30000e+02       0.00      45.00   2.72500e+02   3.47500e+02     1306.2       47.3   2.78000e+01   2.16800e-01     2           5.70100e+01   4.04800e+00  
     2022         9        21         3        17        34         12       7100       5362 1663730254.000   1663730254.000    6.30000e+02      90.00      45.00   2.72500e+02   3.47500e+02     1260.4       40.8   2.71100e+01   1.89200e-01     2           4.66400e+01   3.09100e+00  
     2022         9        21         3        19        58         13       7100       5362 1663730398.000   1663730398.000    6.30000e+02     180.00      45.00   2.72500e+02   3.47500e+02     1258.1       35.1   2.01400e+01   1.26500e-01     2           5.57900e+01   3.23000e+00  
     2022         9        21         3        22        22         14       7100       5362 1663730542.000   1663730542.000    6.30000e+02     -90.00      45.00   2.72500e+02   3.47500e+02     1256.5       26.5  -3.44000e+01   1.85800e-01     2           9.42600e+01   4.14700e+00  
     2022         9        21         3        25        22         15       7100       5362 1663730722.000   1663730722.000    6.30000e+02       0.00      90.00   2.72500e+02   3.47500e+02     1299.1       34.7           nan           nan     2           6.20800e+01   3.43300e+00  
     2022         9        21         3        27        46         16       7100       5362 1663730866.000   1663730866.000    6.30000e+02       0.00      45.00   2.72500e+02   3.47500e+02     1290.4       37.6   2.01500e+01   1.25300e-01     2           6.95500e+01   4.05800e+00  
     2022         9        21         3        30        10         17       7100       5362 1663731010.000   1663731010.000    6.30000e+02      90.00      45.00   2.72500e+02   3.47500e+02     1301.1       36.5   4.43800e+01   2.67900e-01     2           5.37800e+01   3.14100e+00  
     2022         9        21         3        32        34         18       7100       5362 1663731154.000   1663731154.000    6.30000e+02     180.00      45.00   2.72500e+02   3.47500e+02     1285.9       34.0  -2.71300e+01   1.56500e-01     2           5.48800e+01   3.06300e+00  
     2022         9        21         3        34        58         19       7100       5362 1663731298.000   1663731298.000    6.30000e+02     -90.00      45.00   2.72500e+02   3.47500e+02     1263.8       24.8  -4.86500e+01   2.44000e-01     2           9.31600e+01   3.89700e+00  
     2022         9        21         3        40        58         20       7100       5362 1663731658.000   1663731658.000    6.30000e+02       0.00      90.00   2.72500e+02   3.47500e+02     1277.0       33.7           nan           nan     2           5.82200e+01   3.21800e+00  
     2022         9        21         3        43        22         21       7100       5362 1663731802.000   1663731802.000    6.30000e+02       0.00      45.00   2.72500e+02   3.47500e+02     1266.9       28.5   3.85900e+01   2.11000e-01     2           8.62600e+01   4.02600e+00  
     2022         9        21         3        46        22         22       7100       5362 1663731982.000   1663731982.000    6.30000e+02      90.00      45.00   2.72500e+02   3.47500e+02     1291.8       40.0   2.16000e+01   1.40900e-01     2           4.78300e+01   3.05200e+00  
     2022         9        21         3        48        46         23       7100       5362 1663732126.000   1663732126.000    6.30000e+02     180.00      45.00   2.72500e+02   3.47500e+02     1270.2       37.7  -1.79900e+01   1.15700e-01     2           4.72400e+01   2.92900e+00  
     2022         9        21         3        51        10         24       7100       5362 1663732270.000   1663732270.000    6.30000e+02     -90.00      45.00   2.72500e+02   3.47500e+02     1300.5       32.4  -3.68100e+01   2.22900e-01     2           7.38000e+01   3.78600e+00  
     2022         9        21         3        53        34         25       7100       5362 1663732414.000   1663732414.000    6.30000e+02       0.00      90.00   2.72500e+02   3.47500e+02     1323.3       40.2           nan           nan     2           5.03800e+01   3.15100e+00  
     2022         9        21         3        55        58         26       7100       5362 1663732558.000   1663732558.000    6.30000e+02       0.00      45.00   2.72500e+02   3.47500e+02     1296.3       32.0   3.90900e+01   2.37400e-01     2           7.72500e+01   3.92000e+00  
     2022         9        21         3        58        22         27       7100       5362 1663732702.000   1663732702.000    6.30000e+02      90.00      45.00   2.72500e+02   3.47500e+02     1301.0       44.8   5.51200e+01   3.97000e-01     1           4.25300e+01   2.98500e+00  
     2022         9        21         4         1        22         28       7100       5362 1663732882.000   1663732882.000    6.30000e+02     180.00      45.00   2.76500e+02   3.51500e+02     1317.2       44.3   2.19500e+01   1.53300e-01     1           4.24600e+01   2.92600e+00  
     2022         9        21         4         3        46         29       7100       5362 1663733026.000   1663733026.000    6.30000e+02     -90.00      45.00   2.76500e+02   3.51500e+02     1304.7       42.8   1.95700e+01   1.35800e-01     1           5.32500e+01   3.50800e+00  
     2022         9        21         4         9        46         30       7100       5362 1663733386.000   1663733386.000    6.30000e+02       0.00      90.00   2.76500e+02   3.51500e+02     1293.6       35.6           nan           nan     2           4.99600e+01   2.90600e+00  
     2022         9        21         4        12        10         31       7100       5362 1663733530.000   1663733530.000    6.30000e+02       0.00      45.00   2.76500e+02   3.51500e+02     1269.8       25.5   2.18200e+01   1.14100e-01     2           8.81000e+01   3.77800e+00  
     2022         9        21         4        14        34         32       7100       5362 1663733674.000   1663733674.000    6.30000e+02      90.00      45.00   2.76500e+02   3.51500e+02     1345.7       37.4   3.77700e+01   2.31700e-01     2           5.21800e+01   3.04000e+00  
     2022         9        21         4        16        58         33       7100       5362 1663733818.000   1663733818.000    6.30000e+02     180.00      45.00   2.76500e+02   3.51500e+02     1317.1       38.7  -2.54600e+01   1.60200e-01     2           4.58200e+01   2.82900e+00  
     2022         9        21         4        19        58         34       7100       5362 1663733998.000   1663733998.000    6.30000e+02     -90.00      45.00   2.76500e+02   3.51500e+02     1295.6       30.6  -4.59300e+01   2.62300e-01     2           7.20600e+01   3.57200e+00  
     2022         9        21         4        22        22         35       7100       5362 1663734142.000   1663734142.000    6.30000e+02       0.00      90.00   2.76500e+02   3.51500e+02     1312.6       36.4           nan           nan     2           4.93500e+01   2.89300e+00  
     2022         9        21         4        24        46         36       7100       5362 1663734286.000   1663734286.000    6.30000e+02       0.00      45.00   2.76500e+02   3.51500e+02     1314.8       51.3  -1.71100e+01   1.33500e-01     2           4.68800e+01   3.59800e+00  
     2022         9        21         4        27        10         37       7100       5362 1663734430.000   1663734430.000    6.30000e+02      90.00      45.00   2.76500e+02   3.51500e+02     1336.8       45.8   1.30800e+01   9.39000e-02     1           4.16500e+01   2.91500e+00  
     2022         9        21         4        29        34         38       7100       5362 1663734574.000   1663734574.000    6.30000e+02     180.00      45.00   2.76500e+02   3.51500e+02     1268.3       57.5   2.10900e+01   1.79600e-01     1           3.00300e+01   2.71800e+00  
     2022         9        21         4        31        58         39       7100       5362 1663734718.000   1663734718.000    6.30000e+02     -90.00      45.00   2.76500e+02   3.51500e+02     1388.2       71.1   2.28000e+01   2.19200e-01     2           3.47200e+01   3.43000e+00  
     2022         9        21         4        38        34         40       7100       5362 1663735114.000   1663735114.000    6.30000e+02       0.00      90.00   2.76500e+02   3.51500e+02     1289.5       41.6           nan           nan     1           4.67100e+01   3.08500e+00  
     2022         9        21         4        40        58         41       7100       5362 1663735258.000   1663735258.000    6.30000e+02       0.00      45.00   2.76500e+02   3.51500e+02     1324.9       62.8   1.02500e+01   9.69000e-02     2           4.04100e+01   3.69800e+00  
     2022         9        21         4        43        22         42       7100       5362 1663735402.000   1663735402.000    6.30000e+02      90.00      45.00   2.76500e+02   3.51500e+02     1299.8       47.8  -9.34000e+00   7.32000e-02     1           3.95700e+01   2.94500e+00  
     2022         9        21         4        45        46         43       7100       5362 1663735546.000   1663735546.000    6.30000e+02     180.00      45.00   2.76500e+02   3.51500e+02     1294.2       42.2   2.49600e+01   1.84700e-01     1           4.49100e+01   3.00600e+00  
     2022         9        21         4        48        10         44       7100       5362 1663735690.000   1663735690.000    6.30000e+02     -90.00      45.00   2.76500e+02   3.51500e+02     1380.4       61.8  -7.62000e+00   6.96000e-02     2           4.07600e+01   3.54600e+00  
     2022         9        21         4        50        34         45       7100       5362 1663735834.000   1663735834.000    6.30000e+02       0.00      90.00   2.76500e+02   3.51500e+02     1338.2       44.0           nan           nan     1           4.86100e+01   3.23700e+00  
     2022         9        21         4        52        58         46       7100       5362 1663735978.000   1663735978.000    6.30000e+02       0.00      45.00   2.76500e+02   3.51500e+02     1347.9       45.0   2.29200e+01   1.73400e-01     1           6.04800e+01   3.98800e+00  
     2022         9        21         4        55        58         47       7100       5362 1663736158.000   1663736158.000    6.30000e+02      90.00      45.00   2.76500e+02   3.51500e+02     1292.2       41.0   1.88600e+01   1.31200e-01     1           4.83800e+01   3.13900e+00  
     2022         9        21         4        58        22         48       7100       5362 1663736302.000   1663736302.000    6.30000e+02     180.00      45.00   2.76500e+02   3.51500e+02     1305.6       41.5   3.62000e+01   2.49100e-01     1           4.69400e+01   3.06000e+00  
     2022         9        21         5         0        46         49       7100       5362 1663736446.000   1663736446.000    6.30000e+02     -90.00      45.00   2.76500e+02   3.51500e+02     1276.6       56.6   4.19000e+00   3.51000e-02     2           4.01800e+01   3.47800e+00  
     2022         9        21         5         6        46         50       7100       5362 1663736806.000   1663736806.000    6.30000e+02       0.00      90.00   2.76500e+02   3.51500e+02     1279.5       30.8           nan           nan     2           6.90800e+01   3.48600e+00  
     2022         9        21         5         9        10         51       7100       5362 1663736950.000   1663736950.000    6.30000e+02       0.00      45.00   2.76500e+02   3.51500e+02     1418.1       73.9   1.12000e+01   1.13800e-01     2           4.10400e+01   4.06800e+00  
     2022         9        21         5        11        34         52       7100       5362 1663737094.000   1663737094.000    6.30000e+02      90.00      45.00   2.76500e+02   3.51500e+02     1354.3       71.7   4.57500e+01   4.96000e-01     2           2.85700e+01   2.94400e+00  
     2022         9        21         5        14        34         53       7100       5362 1663737274.000   1663737274.000    6.30000e+02     180.00      45.00   2.76500e+02   3.51500e+02     1270.9       59.1   5.61900e+01   6.19400e-01     1           3.08000e+01   2.83700e+00  
     2022         9        21         5        16        58         54       7100       5362 1663737418.000   1663737418.000    6.30000e+02     -90.00      45.00   2.76500e+02   3.51500e+02     1308.2       65.1   5.65800e+01   7.31400e-01     2           3.78100e+01   3.62400e+00  
     2022         9        21         5        19        22         55       7100       5362 1663737562.000   1663737562.000    6.30000e+02       0.00      90.00   2.76500e+02   3.51500e+02     1371.3       87.7           nan           nan     2           2.55500e+01   3.12400e+00  
     2022         9        21         5        21        46         56       7100       5362 1663737706.000   1663737706.000    6.30000e+02       0.00      45.00   2.76500e+02   3.51500e+02     1381.0       73.5   2.11900e+01   2.88300e-01     2           4.15300e+01   4.19600e+00  
     2022         9        21         5        24        10         57       7100       5362 1663737850.000   1663737850.000    6.30000e+02      90.00      45.00   2.76500e+02   3.51500e+02     1249.4       50.0   4.44400e+01   4.76000e-01     1           3.90400e+01   3.11700e+00  
     2022         9        21         5        26        34         58       7100       5362 1663737994.000   1663737994.000    6.30000e+02     180.00      45.00   2.76500e+02   3.51500e+02     1280.9       60.7   4.75200e+01   5.17200e-01     2           3.29500e+01   3.06400e+00  
     2022         9        21         5        29        34         59       7100       5362 1663738174.000   1663738174.000    6.30000e+02     -90.00      45.00   2.76500e+02   3.51500e+02     1328.1       65.5   5.32700e+01   5.62400e-01     2           4.16500e+01   3.93900e+00  
     2022         9        21         5        35        34         60       7100       5362 1663738534.000   1663738534.000    6.30000e+02       0.00      90.00   2.76500e+02   3.51500e+02     1266.7       29.1           nan           nan     2           8.06200e+01   3.85600e+00  
     2022         9        21         5        37        58         61       7100       5362 1663738678.000   1663738678.000    6.30000e+02       0.00      45.00   2.76500e+02   3.51500e+02     1238.6       32.6   1.67600e+01   9.23000e-02     1           7.88500e+01   4.19900e+00  
     2022         9        21         5        40        22         62       7100       5362 1663738822.000   1663738822.000    6.30000e+02      90.00      45.00   2.76500e+02   3.51500e+02     1232.9       24.1   3.45000e+01   1.56100e-01     2           8.83300e+01   3.72200e+00  
     2022         9        21         5        42        46         63       7100       5362 1663738966.000   1663738966.000    6.30000e+02     180.00      45.00   2.76500e+02   3.51500e+02     1275.2       28.0   2.86400e+01   1.35500e-01     2           7.66700e+01   3.57700e+00  
     2022         9        21         5        45        10         64       7100       5362 1663739110.000   1663739110.000    6.30000e+02     -90.00      45.00   2.76500e+02   3.51500e+02     1256.0       33.3   4.10000e-01   2.20000e-03     1           7.55300e+01   4.06100e+00  
     2022         9        21         5        48        10         65       7100       5362 1663739290.000   1663739290.000    6.30000e+02       0.00      90.00   2.76500e+02   3.51500e+02     1242.8       24.9           nan           nan     2           8.42900e+01   3.63200e+00  
     2022         9        21         5        50        34         66       7100       5362 1663739434.000   1663739434.000    6.30000e+02       0.00      45.00   2.76500e+02   3.51500e+02     1302.1       50.8   2.42000e+00   1.67000e-02     2           5.05900e+01   3.86000e+00  
     2022         9        21         5        52        58         67       7100       5362 1663739578.000   1663739578.000    6.30000e+02      90.00      45.00   2.76500e+02   3.51500e+02     1249.6       31.0  -8.82000e+00   4.44000e-02     2           6.44800e+01   3.36000e+00  
     2022         9        21         5        55        22         68       7100       5362 1663739722.000   1663739722.000    6.30000e+02     180.00      45.00   2.76500e+02   3.51500e+02     1203.7       24.6   1.53800e+01   7.10000e-02     2           8.02600e+01   3.53600e+00  
     2022         9        21         5        57        46         69       7100       5362 1663739866.000   1663739866.000    6.30000e+02     -90.00      45.00   2.76500e+02   3.51500e+02     1274.5       36.6  -1.24100e+01   7.30000e-02     1           6.68800e+01   3.87500e+00  
     2022         9        21         6         3        46         70       7100       5362 1663740226.000   1663740226.000    6.30000e+02       0.00      90.00   2.73500e+02   3.48500e+02     1233.6       31.5           nan           nan     1           6.45300e+01   3.43700e+00  
     2022         9        21         6         6        10         71       7100       5362 1663740370.000   1663740370.000    6.30000e+02       0.00      45.00   2.73500e+02   3.48500e+02     1228.1       33.9  -8.96000e+00   5.26000e-02     1           6.40900e+01   3.62600e+00  
     2022         9        21         6         9        10         72       7100       5362 1663740550.000   1663740550.000    6.30000e+02      90.00      45.00   2.73500e+02   3.48500e+02     1224.8       28.5   2.81000e+01   1.50000e-01     2           6.45400e+01   3.22000e+00  
     2022         9        21         6        11        34         73       7100       5362 1663740694.000   1663740694.000    6.30000e+02     180.00      45.00   2.73500e+02   3.48500e+02     1222.9       26.2   2.70800e+01   1.40500e-01     2           7.58400e+01   3.48600e+00  
     2022         9        21         6        13        58         74       7100       5362 1663740838.000   1663740838.000    6.30000e+02     -90.00      45.00   2.73500e+02   3.48500e+02     1219.5       33.9  -2.82300e+01   1.69700e-01     1           6.59500e+01   3.73800e+00  
     2022         9        21         6        16        22         75       7100       5362 1663740982.000   1663740982.000    6.30000e+02       0.00      90.00   2.73500e+02   3.48500e+02     1200.0       32.0           nan           nan     1           5.35900e+01   3.02600e+00  
     2022         9        21         6        18        46         76       7100       5362 1663741126.000   1663741126.000    6.30000e+02       0.00      45.00   2.73500e+02   3.48500e+02     1227.2       35.3  -4.61000e+00   2.86000e-02     1           5.40600e+01   3.22200e+00  
     2022         9        21         6        21        10         77       7100       5362 1663741270.000   1663741270.000    6.30000e+02      90.00      45.00   2.73500e+02   3.48500e+02     1207.7       31.6   3.28700e+01   1.95800e-01     1           5.44300e+01   3.02200e+00  
     2022         9        21         6        24        10         78       7100       5362 1663741450.000   1663741450.000    6.30000e+02     180.00      45.00   2.73500e+02   3.48500e+02     1187.8       26.0   3.31000e+01   1.83300e-01     2           6.77100e+01   3.21300e+00  
     2022         9        21         6        26        34         79       7100       5362 1663741594.000   1663741594.000    6.30000e+02     -90.00      45.00   2.73500e+02   3.48500e+02     1253.8       34.9  -4.44400e+01   2.85700e-01     1           5.99900e+01   3.43700e+00  
     2022         9        21         6        32        34         80       7100       5362 1663741954.000   1663741954.000    6.30000e+02       0.00      90.00   2.73500e+02   3.48500e+02     1186.4       39.5           nan           nan     1           3.99900e+01   2.76000e+00  
     2022         9        21         6        34        58         81       7100       5362 1663742098.000   1663742098.000    6.30000e+02       0.00      45.00   2.73500e+02   3.48500e+02     1248.6       45.3   1.66800e+01   1.29100e-01     1           4.18600e+01   3.07000e+00  
     2022         9        21         6        37        22         82       7100       5362 1663742242.000   1663742242.000    6.30000e+02      90.00      45.00   2.73500e+02   3.48500e+02     7517.5      364.0  -9.60540e+02   6.76030e+00     2           1.24600e+02   9.38900e+00  
     2022         9        21         6        39        46         83       7100       5362 1663742386.000   1663742386.000    6.30000e+02     180.00      45.00   2.73500e+02   3.48500e+02     1198.2       36.7   1.99900e+01   1.43300e-01     1           4.65900e+01   2.96500e+00  
     2022         9        21         6        42        46         84       7100       5362 1663742566.000   1663742566.000    6.30000e+02     -90.00      45.00   2.73500e+02   3.48500e+02     1214.4       40.2  -4.40900e+01   3.36400e-01     1           4.76400e+01   3.20900e+00  
     2022         9        21         6        45        10         85       7100       5362 1663742710.000   1663742710.000    6.30000e+02       0.00      90.00   2.73500e+02   3.48500e+02     1202.0       43.7           nan           nan     1           3.41400e+01   2.56800e+00  
     2022         9        21         6        47        34         86       7100       5362 1663742854.000   1663742854.000    6.30000e+02       0.00      45.00   2.73500e+02   3.48500e+02     1203.6       43.7   2.90900e+01   2.36000e-01     1           3.96200e+01   2.92300e+00  
     2022         9        21         6        49        58         87       7100       5362 1663742998.000   1663742998.000    6.30000e+02      90.00      45.00   2.73500e+02   3.48500e+02     1186.0       40.7   4.90000e+01   3.83100e-01     1           3.87000e+01   2.74300e+00  
     2022         9        21         6        52        22         88       7100       5362 1663743142.000   1663743142.000    6.30000e+02     180.00      45.00   2.73500e+02   3.48500e+02     1209.7       39.5   3.07000e+01   2.39900e-01     1           4.22400e+01   2.85300e+00  
     2022         9        21         6        54        46         89       7100       5362 1663743286.000   1663743286.000    6.30000e+02     -90.00      45.00   2.73500e+02   3.48500e+02     1245.9       44.8  -5.65700e+01   4.69300e-01     1           4.25900e+01   3.09400e+00  
     2022         9        21         7         1        22         90       7100       5362 1663743682.000   1663743682.000    6.30000e+02       0.00      90.00   2.58500e+02   3.33500e+02     1192.6       47.3           nan           nan     0           3.23400e+01   2.61900e+00  
     2022         9        21         7         3        46         91       7100       5362 1663743826.000   1663743826.000    6.30000e+02       0.00      45.00   2.58500e+02   3.33500e+02     1243.8       47.3   2.43000e+00   2.14000e-02     1           4.04600e+01   3.09000e+00  
     2022         9        21         7         6        10         92       7100       5362 1663743970.000   1663743970.000    6.30000e+02      90.00      45.00   2.58500e+02   3.33500e+02     1215.8       44.8   3.68900e+01   3.12400e-01     0           3.64000e+01   2.74200e+00  
     2022         9        21         7         8        34         93       7100       5362 1663744114.000   1663744114.000    6.30000e+02     180.00      45.00   2.58500e+02   3.33500e+02     1198.0       46.7   2.02200e+01   1.76800e-01     0           3.46200e+01   2.74200e+00  
     2022         9        21         7        10        58         94       7100       5362 1663744258.000   1663744258.000    6.30000e+02     -90.00      45.00   2.58500e+02   3.33500e+02     1250.4       47.0  -5.30800e+01   4.61400e-01     1           4.09900e+01   3.09700e+00  
     2022         9        21         7        13        22         95       7100       5362 1663744402.000   1663744402.000    6.30000e+02       0.00      90.00   2.58500e+02   3.33500e+02     1182.2       46.6           nan           nan     0           3.12800e+01   2.53100e+00  
     2022         9        21         7        16        22         96       7100       5362 1663744582.000   1663744582.000    6.30000e+02       0.00      45.00   2.58500e+02   3.33500e+02     1230.6       43.2   1.89500e+01   1.54600e-01     0           4.27400e+01   3.04900e+00  
     2022         9        21         7        18        46         97       7100       5362 1663744726.000   1663744726.000    6.30000e+02      90.00      45.00   2.58500e+02   3.33500e+02     1194.7       42.0   6.21900e+01   5.01600e-01     0           3.79700e+01   2.74700e+00  
     2022         9        21         7        21        10         98       7100       5362 1663744870.000   1663744870.000    6.30000e+02     180.00      45.00   2.58500e+02   3.33500e+02     1224.3       43.2   1.99800e+01   1.62100e-01     1           3.80900e+01   2.76400e+00  
     2022         9        21         7        23        34         99       7100       5362 1663745014.000   1663745014.000    6.30000e+02     -90.00      45.00   2.58500e+02   3.33500e+02     1214.6       43.4  -5.07100e+01   4.13800e-01     1           4.31200e+01   3.11200e+00  
     2022         9        21         7        29        34        100       7100       5362 1663745374.000   1663745374.000    6.30000e+02       0.00      90.00   2.58500e+02   3.33500e+02     1204.0       43.4           nan           nan     0           3.58400e+01   2.66200e+00  
     2022         9        21         7        31        58        101       7100       5362 1663745518.000   1663745518.000    6.30000e+02       0.00      45.00   2.58500e+02   3.33500e+02     1177.1       40.1   6.00000e-02   5.00000e-04     0           4.52500e+01   3.13400e+00  
     2022         9        21         7        34        58        102       7100       5362 1663745698.000   1663745698.000    6.30000e+02      90.00      45.00   2.58500e+02   3.33500e+02     1183.2       35.6   5.33400e+01   3.77100e-01     1           4.87500e+01   3.04200e+00  
     2022         9        21         7        37        22        103       7100       5362 1663745842.000   1663745842.000    6.30000e+02     180.00      45.00   2.58500e+02   3.33500e+02     1184.5       37.0   3.50200e+01   2.50500e-01     1           4.53000e+01   2.93300e+00  
     2022         9        21         7        39        46        104       7100       5362 1663745986.000   1663745986.000    6.30000e+02     -90.00      45.00   2.58500e+02   3.33500e+02     1241.1       41.4  -4.21800e+01   3.13100e-01     1           4.77700e+01   3.23200e+00  
     2022         9        21         7        42        10        105       7100       5362 1663746130.000   1663746130.000    6.30000e+02       0.00      90.00   2.58500e+02   3.33500e+02     1212.8       39.8           nan           nan     1           4.07000e+01   2.77700e+00  
     2022         9        21         7        44        34        106       7100       5362 1663746274.000   1663746274.000    6.30000e+02       0.00      45.00   2.58500e+02   3.33500e+02     1232.3       36.8   1.59300e+01   1.08000e-01     1           5.33500e+01   3.27800e+00  
     2022         9        21         7        46        58        107       7100       5362 1663746418.000   1663746418.000    6.30000e+02      90.00      45.00   2.58500e+02   3.33500e+02     1165.8       25.5   5.82500e+01   3.25300e-01     1           7.50500e+01   3.50500e+00  
     2022         9        21         7        49        58        108       7100       5362 1663746598.000   1663746598.000    6.30000e+02     180.00      45.00   2.58500e+02   3.33500e+02     1202.2       30.3   3.48400e+01   2.03800e-01     1           6.42200e+01   3.39600e+00  
     2022         9        21         7        52        22        109       7100       5362 1663746742.000   1663746742.000    6.30000e+02     -90.00      45.00   2.58500e+02   3.33500e+02     1223.1       36.6  -2.53600e+01   1.60200e-01     1           5.88700e+01   3.57400e+00  
     2022         9        21         7        58        22        110       7100       5362 1663747102.000   1663747102.000    6.30000e+02       0.00      90.00   2.58500e+02   3.33500e+02     1188.5       27.2           nan           nan     1           7.51400e+01   3.62100e+00  
     2022         9        21         8         0        46        111       7100       5362 1663747246.000   1663747246.000    6.30000e+02       0.00      45.00   2.42500e+02   3.17500e+02     1210.2       24.9   1.98600e+01   9.37000e-02     1           1.01470e+02   4.35000e+00  
     2022         9        21         8         3        10        112       7100       5362 1663747390.000   1663747390.000    6.30000e+02      90.00      45.00   2.42500e+02   3.17500e+02     1187.4       16.3   4.19400e+01   1.62000e-01     2           2.18170e+02   6.27800e+00  
     2022         9        21         8         5        34        113       7100       5362 1663747534.000   1663747534.000    6.30000e+02     180.00      45.00   2.42500e+02   3.17500e+02     1229.1       21.9   3.76600e+01   1.61100e-01     1           1.53680e+02   5.59800e+00  
     2022         9        21         8         8        34        114       7100       5362 1663747714.000   1663747714.000    6.30000e+02     -90.00      45.00   2.42500e+02   3.17500e+02     1275.8       30.0  -2.25300e+01   1.12200e-01     1           1.21370e+02   5.64200e+00  
     2022         9        21         8        10        58        115       7100       5362 1663747858.000   1663747858.000    6.30000e+02       0.00      90.00   2.42500e+02   3.17500e+02     1259.2       22.8           nan           nan     2           1.94850e+02   7.01000e+00  
