   YEAR     MONTH      DAY       HOUR      MIN       SEC       RECNO     KINDAT      KINST       UT1_UNIX        UT2_UNIX        WAVLEN        AZM        ELM         ALTB          ALTE         TN         DTN        VNHLU         DVNHLU     FPI_DATAQUAL      RLE           DRLE     
     2022         9        27        22         7        58          0       7100       5362 1664316478.000   1664316478.000    6.30000e+02     180.00      45.00   2.16500e+02   2.91500e+02     1188.6       13.8   1.89300e+01   1.02100e-01     1           2.19310e+02   5.60700e+00  
     2022         9        27        22        10        22          1       7100       5362 1664316622.000   1664316622.000    6.30000e+02     -90.00      45.00   2.16500e+02   2.91500e+02     1234.9       21.4   4.00000e+00   2.73000e-02     1           1.78490e+02   6.26800e+00  
     2022         9        27        22        12        46          2       7100       5362 1664316766.000   1664316766.000    6.30000e+02       0.00      90.00   2.16500e+02   2.91500e+02     1195.6       15.0           nan           nan     1           2.19200e+02   5.90200e+00  
     2022         9        27        22        15        10          3       7100       5362 1664316910.000   1664316910.000    6.30000e+02       0.00      45.00   2.16500e+02   2.91500e+02     1215.3       18.2   6.67000e+00   4.17000e-02     1           2.10410e+02   6.47600e+00  
     2022         9        27        22        17        34          4       7100       5362 1664317054.000   1664317054.000    6.30000e+02      90.00      45.00   2.16500e+02   2.91500e+02     1181.3       13.4   4.17000e+00   2.23000e-02     1           2.32760e+02   5.78300e+00  
     2022         9        27        22        20        34          5       7100       5362 1664317234.000   1664317234.000    6.30000e+02     180.00      45.00   2.16500e+02   2.91500e+02     1196.1       19.9   2.64900e+01   1.73900e-01     1           1.48730e+02   5.16200e+00  
     2022         9        27        22        22        58          6       7100       5362 1664317378.000   1664317378.000    6.30000e+02     -90.00      45.00   2.16500e+02   2.91500e+02     1266.7       24.7   1.24000e+01   9.38000e-02     1           1.56630e+02   6.11700e+00  
     2022         9        27        22        28        58          7       7100       5362 1664317738.000   1664317738.000    6.30000e+02       0.00      90.00   2.16500e+02   2.91500e+02     1174.2       14.3           nan           nan     1           2.34250e+02   6.12300e+00  
     2022         9        27        22        31        22          8       7100       5362 1664317882.000   1664317882.000    6.30000e+02       0.00      45.00   2.16500e+02   2.91500e+02     1233.2       28.4   7.00000e+00   5.98000e-02     1           1.31860e+02   5.97900e+00  
     2022         9        27        22        33        46          9       7100       5362 1664318026.000   1664318026.000    6.30000e+02      90.00      45.00   2.16500e+02   2.91500e+02     1167.4       21.0   1.68400e+01   1.18500e-01     1           1.27670e+02   4.79500e+00  
     2022         9        27        22        36        10         10       7100       5362 1664318170.000   1664318170.000    6.30000e+02     180.00      45.00   2.16500e+02   2.91500e+02     1161.2       16.4   3.03500e+01   1.86800e-01     1           1.78420e+02   5.38800e+00  
     2022         9        27        22        39        10         11       7100       5362 1664318350.000   1664318350.000    6.30000e+02     -90.00      45.00   2.16500e+02   2.91500e+02     1214.2       27.6   8.14000e+00   6.82000e-02     1           1.28110e+02   5.76300e+00  
     2022         9        27        22        41        34         12       7100       5362 1664318494.000   1664318494.000    6.30000e+02       0.00      90.00   2.16500e+02   2.91500e+02     1157.5       15.4           nan           nan     1           2.04900e+02   5.79500e+00  
     2022         9        27        22        43        58         13       7100       5362 1664318638.000   1664318638.000    6.30000e+02       0.00      45.00   2.16500e+02   2.91500e+02     1185.1       20.3  -2.26000e+00   1.61000e-02     1           1.76240e+02   6.13600e+00  
     2022         9        27        22        46        22         14       7100       5362 1664318782.000   1664318782.000    6.30000e+02      90.00      45.00   2.16500e+02   2.91500e+02     1182.5       18.0   1.19000e+01   7.80000e-02     1           1.59500e+02   5.16000e+00  
     2022         9        27        22        48        46         15       7100       5362 1664318926.000   1664318926.000    6.30000e+02     180.00      45.00   2.16500e+02   2.91500e+02     1151.0       16.4   2.17100e+01   1.35800e-01     1           1.70010e+02   5.19400e+00  
     2022         9        27        22        51        10         16       7100       5362 1664319070.000   1664319070.000    6.30000e+02     -90.00      45.00   2.16500e+02   2.91500e+02     1189.3       23.8   7.33000e+00   5.62000e-02     1           1.42540e+02   5.74600e+00  
     2022         9        27        22        57        46         17       7100       5362 1664319466.000   1664319466.000    6.30000e+02       0.00      90.00   2.16500e+02   2.91500e+02     1139.0       14.2           nan           nan     1           2.13750e+02   5.74000e+00  
     2022         9        27        23         0        10         18       7100       5362 1664319610.000   1664319610.000    6.30000e+02       0.00      45.00   2.24500e+02   2.99500e+02     1154.0       17.7  -8.30000e+00   5.47000e-02     1           1.96000e+02   6.20000e+00  
     2022         9        27        23         2        34         19       7100       5362 1664319754.000   1664319754.000    6.30000e+02      90.00      45.00   2.24500e+02   2.99500e+02     1142.8       11.9   7.53000e+00   4.13000e-02     1           2.55760e+02   5.93400e+00  
     2022         9        27        23         4        58         20       7100       5362 1664319898.000   1664319898.000    6.30000e+02     180.00      45.00   2.24500e+02   2.99500e+02     1128.8       16.9   1.34500e+01   8.79000e-02     1           1.56050e+02   4.99900e+00  
     2022         9        27        23         7        22         21       7100       5362 1664320042.000   1664320042.000    6.30000e+02     -90.00      45.00   2.24500e+02   2.99500e+02     1157.1       28.0  -6.81000e+00   6.05000e-02     1           9.98400e+01   4.85500e+00  
     2022         9        27        23         9        46         22       7100       5362 1664320186.000   1664320186.000    6.30000e+02       0.00      90.00   2.24500e+02   2.99500e+02     1143.6       15.0           nan           nan     1           1.95990e+02   5.53600e+00  
     2022         9        27        23        12        10         23       7100       5362 1664320330.000   1664320330.000    6.30000e+02       0.00      45.00   2.24500e+02   2.99500e+02     1208.0       36.0  -2.43200e+01   2.65400e-01     2           8.76800e+01   5.11000e+00  
     2022         9        27        23        15        10         24       7100       5362 1664320510.000   1664320510.000    6.30000e+02      90.00      45.00   2.24500e+02   2.99500e+02     1121.0       12.2  -4.95000e+00   3.14000e-02     1           2.34140e+02   5.67900e+00  
     2022         9        27        23        17        34         25       7100       5362 1664320654.000   1664320654.000    6.30000e+02     180.00      45.00   2.24500e+02   2.99500e+02     1137.3       17.6   1.72600e+01   1.33800e-01     1           1.47690e+02   4.89000e+00  
     2022         9        27        23        19        58         26       7100       5362 1664320798.000   1664320798.000    6.30000e+02     -90.00      45.00   2.24500e+02   2.99500e+02     1186.0       24.2  -8.77000e+00   8.39000e-02     1           1.30100e+02   5.37500e+00  
     2022         9        27        23        25        58         27       7100       5362 1664321158.000   1664321158.000    6.30000e+02       0.00      90.00   2.24500e+02   2.99500e+02     1119.8       23.3           nan           nan     1           1.08120e+02   4.62800e+00  
     2022         9        27        23        28        22         28       7100       5362 1664321302.000   1664321302.000    6.30000e+02       0.00      45.00   2.24500e+02   2.99500e+02     1202.2       40.8   2.45000e+01   3.41200e-01     2           8.00100e+01   5.24700e+00  
     2022         9        27        23        30        46         29       7100       5362 1664321446.000   1664321446.000    6.30000e+02      90.00      45.00   2.24500e+02   2.99500e+02     1208.0       42.5   2.84500e+01   4.15000e-01     2           5.85200e+01   4.05100e+00  
     2022         9        27        23        33        46         30       7100       5362 1664321626.000   1664321626.000    6.30000e+02     180.00      45.00   2.24500e+02   2.99500e+02     1131.3       21.3   1.88000e+01   1.78500e-01     1           1.14330e+02   4.51700e+00  
     2022         9        27        23        36        10         31       7100       5362 1664321770.000   1664321770.000    6.30000e+02     -90.00      45.00   2.24500e+02   2.99500e+02     1143.4       19.6  -4.20000e+00   3.85000e-02     1           1.54470e+02   5.46700e+00  
     2022         9        27        23        38        34         32       7100       5362 1664321914.000   1664321914.000    6.30000e+02       0.00      90.00   2.24500e+02   2.99500e+02     1127.1       20.1           nan           nan     1           1.32370e+02   4.92300e+00  
     2022         9        27        23        40        58         33       7100       5362 1664322058.000   1664322058.000    6.30000e+02       0.00      45.00   2.24500e+02   2.99500e+02     1199.9       33.4  -1.38100e+01   1.68200e-01     2           9.66000e+01   5.27900e+00  
     2022         9        27        23        43        22         34       7100       5362 1664322202.000   1664322202.000    6.30000e+02      90.00      45.00   2.24500e+02   2.99500e+02     1111.3       15.5   7.31000e+00   5.95000e-02     1           1.65320e+02   5.01000e+00  
     2022         9        27        23        45        46         35       7100       5362 1664322346.000   1664322346.000    6.30000e+02     180.00      45.00   2.24500e+02   2.99500e+02     1140.0       23.0   2.35500e+01   2.31900e-01     1           1.02650e+02   4.31900e+00  
     2022         9        27        23        48        46         36       7100       5362 1664322526.000   1664322526.000    6.30000e+02     -90.00      45.00   2.24500e+02   2.99500e+02     1137.4       18.1  -1.03900e+01   8.76000e-02     1           1.67300e+02   5.54400e+00  
     2022         9        27        23        54        46         37       7100       5362 1664322886.000   1664322886.000    6.30000e+02       0.00      90.00   2.24500e+02   2.99500e+02     1115.1       17.7           nan           nan     1           1.53170e+02   5.12800e+00  
     2022         9        27        23        59        34         38       7100       5362 1664323174.000   1664323174.000    6.30000e+02      90.00      45.00   2.34500e+02   3.09500e+02     1105.8       16.8   2.20200e+01   1.95000e-01     1           1.42700e+02   4.69600e+00  
     2022         9        28         0         1        58         39       7100       5362 1664323318.000   1664323318.000    6.30000e+02     180.00      45.00   2.34500e+02   3.09500e+02     1110.1       14.0   2.90200e+01   2.45200e-01     1           1.79100e+02   5.00300e+00  
     2022         9        28         0         4        22         40       7100       5362 1664323462.000   1664323462.000    6.30000e+02     -90.00      45.00   2.34500e+02   3.09500e+02     1130.5       26.9   1.84200e+01   2.19500e-01     1           7.85100e+01   3.87700e+00  
     2022         9        28         0         7        22         41       7100       5362 1664323642.000   1664323642.000    6.30000e+02       0.00      90.00   2.34500e+02   3.09500e+02     1128.8       21.4           nan           nan     0           9.40300e+01   3.83900e+00  
     2022         9        28         0         9        46         42       7100       5362 1664323786.000   1664323786.000    6.30000e+02       0.00      45.00   2.34500e+02   3.09500e+02     1133.8       47.2  -5.80000e-01   1.28000e-02     1           3.62300e+01   3.01800e+00  
     2022         9        28         0        12        10         43       7100       5362 1664323930.000   1664323930.000    6.30000e+02      90.00      45.00   2.34500e+02   3.09500e+02     1138.6       52.6   2.94300e+01   8.03000e-01     1           2.53800e+01   2.38000e+00  
     2022         9        28         0        14        34         44       7100       5362 1664324074.000   1664324074.000    6.30000e+02     180.00      45.00   2.34500e+02   3.09500e+02     1106.1       86.4   5.30200e+01   2.23920e+00     2           1.22300e+01   1.88400e+00  
     2022         9        28         0        16        58         45       7100       5362 1664324218.000   1664324218.000    6.30000e+02     -90.00      45.00   2.34500e+02   3.09500e+02     1175.3      116.6   5.19600e+01   2.85850e+00     2           1.08200e+01   2.06200e+00  
     2022         9        28         0        22        58         46       7100       5362 1664324578.000   1664324578.000    6.30000e+02       0.00      90.00   2.34500e+02   3.09500e+02     1113.8      121.9           nan           nan     2           8.31000e+00   1.75600e+00  
     2022         9        28         0        30        46         47       7100       5362 1664325046.000   1664325046.000    6.30000e+02     180.00      45.00   2.34500e+02   3.09500e+02     1170.2      118.1  -5.30000e-01   3.48000e-02     2           9.07000e+00   1.77400e+00  
     2022         9        28         0        35        34         48       7100       5362 1664325334.000   1664325334.000    6.30000e+02       0.00      90.00   2.34500e+02   3.09500e+02     1238.5      148.6           nan           nan     2           7.17000e+00   1.65400e+00  
