   YEAR     MONTH      DAY       HOUR      MIN       SEC       RECNO     KINDAT      KINST       UT1_UNIX        UT2_UNIX        WAVLEN        AZM        ELM         ALTB          ALTE         TN         DTN        VNHLU         DVNHLU     FPI_DATAQUAL      RLE           DRLE     
     2022         9         8        22        59        34          0       7100       5362 1662677974.000   1662677974.000    6.30000e+02     180.00      45.00   2.23500e+02   2.98500e+02     1343.9       20.2   4.40800e+01   1.72400e-01     2           2.53810e+02   7.66300e+00  
     2022         9         8        23         4        22          1       7100       5362 1662678262.000   1662678262.000    6.30000e+02       0.00      90.00   2.23500e+02   2.98500e+02     1346.1       22.0           nan           nan     2           2.45120e+02   7.94200e+00  
     2022         9         8        23        11        34          2       7100       5362 1662678694.000   1662678694.000    6.30000e+02     180.00      45.00   2.23500e+02   2.98500e+02     1404.6       28.1   3.21800e+01   1.65100e-01     2           2.11950e+02   8.21300e+00  
     2022         9         8        23        20        34          3       7100       5362 1662679234.000   1662679234.000    6.30000e+02       0.00      90.00   2.23500e+02   2.98500e+02     1459.8       33.8           nan           nan     2           2.09630e+02   9.22500e+00  
     2022         9         8        23        22        58          4       7100       5362 1662679378.000   1662679378.000    6.30000e+02       0.00      45.00   2.23500e+02   2.98500e+02     1464.1       29.2  -1.09700e+01   6.38000e-02     2           3.11740e+02   1.17390e+01  
     2022         9         8        23        27        46          5       7100       5362 1662679666.000   1662679666.000    6.30000e+02     180.00      45.00   2.23500e+02   2.98500e+02     1428.8       35.5   4.85700e+01   3.14000e-01     2           1.56960e+02   7.47400e+00  
     2022         9         8        23        30        10          6       7100       5362 1662679810.000   1662679810.000    6.30000e+02     -90.00      45.00   2.23500e+02   2.98500e+02     1390.8       25.0  -3.42900e+01   1.88400e-01     2           2.26630e+02   7.98800e+00  
     2022         9         8        23        35        34          7       7100       5362 1662680134.000   1662680134.000    6.30000e+02       0.00      45.00   2.23500e+02   2.98500e+02     1437.9       32.0   2.33000e+00   1.45000e-02     2           2.47410e+02   1.04000e+01  
     2022         9         8        23        42        46          8       7100       5362 1662680566.000   1662680566.000    6.30000e+02     -90.00      45.00   2.23500e+02   2.98500e+02     1309.0       21.8  -5.30900e+01   2.79700e-01     1           1.94650e+02   6.56000e+00  
     2022         9         8        23        51        10          9       7100       5362 1662681070.000   1662681070.000    6.30000e+02       0.00      45.00   2.23500e+02   2.98500e+02     1468.3       35.9   2.57300e+01   1.69000e-01     2           1.87870e+02   8.72900e+00  
     2022         9         9         0        11        34         10       7100       5362 1662682294.000   1662682294.000    6.30000e+02     -90.00      45.00   2.31500e+02   3.06500e+02     1536.5       53.3  -6.20600e+01   5.13400e-01     2           1.16150e+02   7.54600e+00  
     2022         9         9         0        27        46         11       7100       5362 1662683266.000   1662683266.000    6.30000e+02     -90.00      45.00   2.31500e+02   3.06500e+02     1407.0       45.0  -6.50700e+01   4.99900e-01     2           9.65100e+01   5.91400e+00  
     2022         9         9         0        39        46         12       7100       5362 1662683986.000   1662683986.000    6.30000e+02     -90.00      45.00   2.31500e+02   3.06500e+02     1455.9       48.8  -7.91700e+01   6.42200e-01     2           1.02780e+02   6.52900e+00  
     2022         9         9         0        55        58         13       7100       5362 1662684958.000   1662684958.000    6.30000e+02     -90.00      45.00   2.31500e+02   3.06500e+02     1403.9       43.9  -7.96500e+01   6.22400e-01     2           1.05470e+02   6.29800e+00  
     2022         9         9         1         6        10         14       7100       5362 1662685570.000   1662685570.000    6.30000e+02     180.00      45.00   2.44500e+02   3.19500e+02     1484.9       67.7  -7.52800e+01   7.64700e-01     2           6.93500e+01   5.92100e+00  
     2022         9         9         1         8        34         15       7100       5362 1662685714.000   1662685714.000    6.30000e+02     -90.00      45.00   2.44500e+02   3.19500e+02     1397.3       42.1  -7.84100e+01   6.07500e-01     2           1.06210e+02   6.14400e+00  
     2022         9         9         1        22        22         16       7100       5362 1662686542.000   1662686542.000    6.30000e+02     180.00      45.00   2.44500e+02   3.19500e+02     1455.4       64.8  -7.06500e+01   7.10900e-01     2           7.09900e+01   5.93100e+00  
     2022         9         9         1        24        46         17       7100       5362 1662686686.000   1662686686.000    6.30000e+02     -90.00      45.00   2.44500e+02   3.19500e+02     1388.4       45.4  -9.57400e+01   7.86100e-01     2           9.85100e+01   6.14700e+00  
     2022         9         9         1        37        22         18       7100       5362 1662687442.000   1662687442.000    6.30000e+02     -90.00      45.00   2.44500e+02   3.19500e+02     1450.5       51.7  -9.07700e+01   8.06100e-01     2           9.26300e+01   6.25500e+00  
     2022         9         9         1        52        58         19       7100       5362 1662688378.000   1662688378.000    6.30000e+02     -90.00      45.00   2.44500e+02   3.19500e+02     1435.2       55.6  -1.09880e+02   1.02160e+00     2           8.74500e+01   6.38400e+00  
     2022         9         9         2         5        34         20       7100       5362 1662689134.000   1662689134.000    6.30000e+02     -90.00      45.00   2.57500e+02   3.32500e+02     1479.8       57.9  -8.90200e+01   8.58400e-01     2           8.97600e+01   6.59500e+00  
     2022         9         9         2        21        46         21       7100       5362 1662690106.000   1662690106.000    6.30000e+02     -90.00      45.00   2.57500e+02   3.32500e+02     1471.6       55.2  -1.11300e+02   1.04830e+00     2           9.73400e+01   6.85800e+00  
     2022         9         9         2        34        22         22       7100       5362 1662690862.000   1662690862.000    6.30000e+02     -90.00      45.00   2.57500e+02   3.32500e+02     1427.3       52.9  -9.86800e+01   9.28600e-01     2           1.02470e+02   7.13400e+00  
     2022         9         9         2        55        22         23       7100       5362 1662692122.000   1662692122.000    6.30000e+02       0.00      45.00   2.57500e+02   3.32500e+02     1550.8       57.3   3.92000e+00   3.80000e-02     2           1.01590e+02   7.03200e+00  
     2022         9         9         3        11        34         24       7100       5362 1662693094.000   1662693094.000    6.30000e+02       0.00      45.00   2.72500e+02   3.47500e+02     1519.3       59.7  -9.09000e+00   9.27000e-02     2           9.17800e+01   6.76300e+00  
     2022         9         9         3        23        34         25       7100       5362 1662693814.000   1662693814.000    6.30000e+02       0.00      45.00   2.72500e+02   3.47500e+02     1616.2       67.8   4.67000e+00   4.98000e-02     2           8.44300e+01   6.60600e+00  
     2022         9         9         3        39        46         26       7100       5362 1662694786.000   1662694786.000    6.30000e+02       0.00      45.00   2.72500e+02   3.47500e+02     1637.6       70.1  -1.85800e+01   2.05800e-01     2           7.97300e+01   6.36700e+00  
     2022         9         9         3        42        10         27       7100       5362 1662694930.000   1662694930.000    6.30000e+02      90.00      45.00   2.72500e+02   3.47500e+02     1606.2       91.2  -3.61100e+01   4.65600e-01     2           4.57700e+01   4.85100e+00  
     2022         9         9         3        52        22         28       7100       5362 1662695542.000   1662695542.000    6.30000e+02       0.00      45.00   2.72500e+02   3.47500e+02     1602.9       67.5  -3.57600e+01   3.91700e-01     2           8.22000e+01   6.46500e+00  
     2022         9         9         3        54        46         29       7100       5362 1662695686.000   1662695686.000    6.30000e+02      90.00      45.00   2.72500e+02   3.47500e+02     1567.4       85.8  -6.21900e+01   7.83300e-01     2           4.62300e+01   4.74100e+00  
     2022         9         9         4         8        34         30       7100       5362 1662696514.000   1662696514.000    6.30000e+02       0.00      45.00   2.75500e+02   3.50500e+02     1515.1       54.1  -2.58400e+01   2.55900e-01     2           8.84600e+01   5.99200e+00  
     2022         9         9         4        10        58         31       7100       5362 1662696658.000   1662696658.000    6.30000e+02      90.00      45.00   2.75500e+02   3.50500e+02     1476.2       65.5  -2.72300e+01   3.00000e-01     2           5.53500e+01   4.66900e+00  
     2022         9         9         4        21        10         32       7100       5362 1662697270.000   1662697270.000    6.30000e+02       0.00      45.00   2.75500e+02   3.50500e+02     1416.5       41.4  -6.23000e+00   5.60000e-02     2           1.03770e+02   5.85300e+00  
     2022         9         9         4        23        34         33       7100       5362 1662697414.000   1662697414.000    6.30000e+02      90.00      45.00   2.75500e+02   3.50500e+02     1456.3       53.0  -1.37000e+00   1.37000e-02     2           6.50200e+01   4.57500e+00  
     2022         9         9         4        36        46         34       7100       5362 1662698206.000   1662698206.000    6.30000e+02       0.00      45.00   2.75500e+02   3.50500e+02     1380.7       32.2  -1.98700e+01   1.61400e-01     1           1.31730e+02   6.03400e+00  
     2022         9         9         4        39        46         35       7100       5362 1662698386.000   1662698386.000    6.30000e+02      90.00      45.00   2.75500e+02   3.50500e+02     1352.5       38.5   1.72200e+01   1.51300e-01     1           8.43200e+01   4.74100e+00  
     2022         9         9         4        42        10         36       7100       5362 1662698530.000   1662698530.000    6.30000e+02     180.00      45.00   2.75500e+02   3.50500e+02     1599.2       66.8   8.45000e+00   9.51000e-02     2           7.74900e+01   6.07200e+00  
     2022         9         9         4        46        58         37       7100       5362 1662698818.000   1662698818.000    6.30000e+02       0.00      90.00   2.75500e+02   3.50500e+02     1485.7       54.9           nan           nan     2           8.43200e+01   5.90200e+00  
     2022         9         9         4        49        22         38       7100       5362 1662698962.000   1662698962.000    6.30000e+02       0.00      45.00   2.75500e+02   3.50500e+02     1350.9       27.5  -1.17700e+01   8.85000e-02     1           1.50660e+02   6.10500e+00  
     2022         9         9         4        51        46         39       7100       5362 1662699106.000   1662699106.000    6.30000e+02      90.00      45.00   2.75500e+02   3.50500e+02     1287.6       30.8   3.03600e+01   2.32100e-01     1           9.96100e+01   4.79600e+00  
     2022         9         9         4        54        46         40       7100       5362 1662699286.000   1662699286.000    6.30000e+02     180.00      45.00   2.75500e+02   3.50500e+02     1463.4       44.9   3.79100e+01   3.27600e-01     2           1.08300e+02   6.34800e+00  
     2022         9         9         5         3        10         41       7100       5362 1662699790.000   1662699790.000    6.30000e+02       0.00      90.00   2.76500e+02   3.51500e+02     1382.4       36.4           nan           nan     2           1.12850e+02   5.79400e+00  
     2022         9         9         5         5        34         42       7100       5362 1662699934.000   1662699934.000    6.30000e+02       0.00      45.00   2.76500e+02   3.51500e+02     1328.9       26.7  -1.75400e+01   1.06300e-01     1           1.47740e+02   5.93500e+00  
     2022         9         9         5         7        58         43       7100       5362 1662700078.000   1662700078.000    6.30000e+02      90.00      45.00   2.76500e+02   3.51500e+02     1258.9       26.8   2.90700e+01   1.77100e-01     1           1.11390e+02   4.84500e+00  
     2022         9         9         5        10        22         44       7100       5362 1662700222.000   1662700222.000    6.30000e+02     180.00      45.00   2.76500e+02   3.51500e+02     1401.0       35.0   4.00200e+01   2.71000e-01     2           1.39030e+02   6.70800e+00  
     2022         9         9         5        15        46         45       7100       5362 1662700546.000   1662700546.000    6.30000e+02       0.00      90.00   2.76500e+02   3.51500e+02     1366.5       33.8           nan           nan     2           1.20270e+02   5.83400e+00  
     2022         9         9         5        18        10         46       7100       5362 1662700690.000   1662700690.000    6.30000e+02       0.00      45.00   2.76500e+02   3.51500e+02     1303.4       28.8  -1.23600e+01   7.60000e-02     1           1.30230e+02   5.71900e+00  
     2022         9         9         5        20        34         47       7100       5362 1662700834.000   1662700834.000    6.30000e+02      90.00      45.00   2.76500e+02   3.51500e+02     1289.8       28.7   2.84600e+01   1.76600e-01     1           1.07700e+02   4.85600e+00  
     2022         9         9         5        22        58         48       7100       5362 1662700978.000   1662700978.000    6.30000e+02     180.00      45.00   2.76500e+02   3.51500e+02     1411.6       38.1   5.26800e+01   3.79600e-01     2           1.45140e+02   7.47300e+00  
     2022         9         9         5        31        58         49       7100       5362 1662701518.000   1662701518.000    6.30000e+02       0.00      90.00   2.76500e+02   3.51500e+02     1340.2       37.8           nan           nan     2           9.65100e+01   5.32200e+00  
     2022         9         9         5        34        22         50       7100       5362 1662701662.000   1662701662.000    6.30000e+02       0.00      45.00   2.76500e+02   3.51500e+02     1320.3       33.7  -3.24200e+01   2.33100e-01     1           1.08300e+02   5.44300e+00  
     2022         9         9         5        36        46         51       7100       5362 1662701806.000   1662701806.000    6.30000e+02      90.00      45.00   2.76500e+02   3.51500e+02     1282.2       35.0   2.00400e+01   1.49400e-01     1           7.98600e+01   4.36900e+00  
     2022         9         9         5        39        10         52       7100       5362 1662701950.000   1662701950.000    6.30000e+02     180.00      45.00   2.76500e+02   3.51500e+02     1400.5       40.9   5.37400e+01   4.36900e-01     2           1.08080e+02   6.07600e+00  
     2022         9         9         5        43        58         53       7100       5362 1662702238.000   1662702238.000    6.30000e+02       0.00      90.00   2.76500e+02   3.51500e+02     1360.9       45.4           nan           nan     2           7.76700e+01   5.01500e+00  
     2022         9         9         5        46        58         54       7100       5362 1662702418.000   1662702418.000    6.30000e+02       0.00      45.00   2.76500e+02   3.51500e+02     1317.4       37.0  -2.11700e+01   1.76300e-01     1           9.20700e+01   5.08400e+00  
     2022         9         9         5        49        22         55       7100       5362 1662702562.000   1662702562.000    6.30000e+02      90.00      45.00   2.76500e+02   3.51500e+02     1290.3       40.9   4.70300e+01   4.22100e-01     1           6.58500e+01   4.13900e+00  
     2022         9         9         5        51        46         56       7100       5362 1662702706.000   1662702706.000    6.30000e+02     180.00      45.00   2.76500e+02   3.51500e+02     1405.9       51.2   6.38500e+01   6.52500e-01     2           8.06100e+01   5.59600e+00  
     2022         9         9         6         0        10         57       7100       5362 1662703210.000   1662703210.000    6.30000e+02       0.00      90.00   2.74500e+02   3.49500e+02     1501.1       62.1           nan           nan     2           6.62000e+01   5.19400e+00  
     2022         9         9         6         2        34         58       7100       5362 1662703354.000   1662703354.000    6.30000e+02       0.00      45.00   2.74500e+02   3.49500e+02     1320.2       39.4  -2.04800e+01   2.06800e-01     2           8.34800e+01   4.87900e+00  
     2022         9         9         6         4        58         59       7100       5362 1662703498.000   1662703498.000    6.30000e+02      90.00      45.00   2.74500e+02   3.49500e+02     1282.9       45.4   3.75400e+01   4.10800e-01     1           5.69600e+01   3.96500e+00  
     2022         9         9         6         7        58         60       7100       5362 1662703678.000   1662703678.000    6.30000e+02     180.00      45.00   2.74500e+02   3.49500e+02     1489.9       62.6   6.18900e+01   7.75200e-01     2           6.52100e+01   5.19200e+00  
     2022         9         9         6        12        46         61       7100       5362 1662703966.000   1662703966.000    6.30000e+02       0.00      90.00   2.74500e+02   3.49500e+02     1519.1       74.1           nan           nan     2           5.74100e+01   5.25500e+00  
     2022         9         9         6        15        10         62       7100       5362 1662704110.000   1662704110.000    6.30000e+02       0.00      45.00   2.74500e+02   3.49500e+02     1312.8       40.3  -9.83000e+00   1.09600e-01     2           7.84900e+01   4.72400e+00  
     2022         9         9         6        17        34         63       7100       5362 1662704254.000   1662704254.000    6.30000e+02      90.00      45.00   2.74500e+02   3.49500e+02     1296.8       48.9   4.83200e+01   5.87100e-01     1           5.10800e+01   3.78400e+00  
     2022         9         9         6        19        58         64       7100       5362 1662704398.000   1662704398.000    6.30000e+02     180.00      45.00   2.74500e+02   3.49500e+02     1473.2       67.8   7.55300e+01   1.05200e+00     2           5.47700e+01   4.77500e+00  
     2022         9         9         6        28        58         65       7100       5362 1662704938.000   1662704938.000    6.30000e+02       0.00      90.00   2.74500e+02   3.49500e+02     1600.6       83.3           nan           nan     2           5.55000e+01   5.38700e+00  
     2022         9         9         6        31        22         66       7100       5362 1662705082.000   1662705082.000    6.30000e+02       0.00      45.00   2.74500e+02   3.49500e+02     1335.4       44.8   2.93000e+00   3.57000e-02     2           6.88000e+01   4.50800e+00  
     2022         9         9         6        33        46         67       7100       5362 1662705226.000   1662705226.000    6.30000e+02      90.00      45.00   2.74500e+02   3.49500e+02     1240.9       49.8   5.03600e+01   6.45000e-01     2           4.58600e+01   3.61700e+00  
     2022         9         9         6        36        10         68       7100       5362 1662705370.000   1662705370.000    6.30000e+02     180.00      45.00   2.74500e+02   3.49500e+02     1458.9       74.3   8.66400e+01   1.26950e+00     2           4.74100e+01   4.56400e+00  
     2022         9         9         6        41        34         69       7100       5362 1662705694.000   1662705694.000    6.30000e+02       0.00      90.00   2.74500e+02   3.49500e+02     1418.1       73.3           nan           nan     2           4.39000e+01   4.30900e+00  
     2022         9         9         6        43        58         70       7100       5362 1662705838.000   1662705838.000    6.30000e+02       0.00      45.00   2.74500e+02   3.49500e+02     1315.1       49.9   8.24000e+00   1.02400e-01     2           5.67300e+01   4.19500e+00  
     2022         9         9         6        46        22         71       7100       5362 1662705982.000   1662705982.000    6.30000e+02      90.00      45.00   2.74500e+02   3.49500e+02     1309.6       57.7   3.82900e+01   5.20300e-01     2           4.07700e+01   3.50300e+00  
     2022         9         9         6        48        46         72       7100       5362 1662706126.000   1662706126.000    6.30000e+02     180.00      45.00   2.74500e+02   3.49500e+02     1491.0       81.3   6.56100e+01   1.03950e+00     2           4.20100e+01   4.32300e+00  
     2022         9         9         7         0        10         73       7100       5362 1662706810.000   1662706810.000    6.30000e+02       0.00      45.00   2.50500e+02   3.25500e+02     1338.9       66.7   6.78300e+01   1.09660e+00     2           4.06800e+01   3.89000e+00  
     2022         9         9         7         2        34         74       7100       5362 1662706954.000   1662706954.000    6.30000e+02      90.00      45.00   2.50500e+02   3.25500e+02     1404.7       76.3   1.05020e+02   1.79790e+00     2           3.20100e+01   3.34100e+00  
     2022         9         9         7         4        58         75       7100       5362 1662707098.000   1662707098.000    6.30000e+02     180.00      45.00   2.50500e+02   3.25500e+02     1569.1       98.3   1.00110e+02   1.94200e+00     2           3.46200e+01   4.06700e+00  
     2022         9         9         7         9        46         76       7100       5362 1662707386.000   1662707386.000    6.30000e+02       0.00      90.00   2.50500e+02   3.25500e+02     1569.6      109.9           nan           nan     2           2.80800e+01   3.69200e+00  
     2022         9         9         7        12        10         77       7100       5362 1662707530.000   1662707530.000    6.30000e+02       0.00      45.00   2.50500e+02   3.25500e+02     1479.9       85.6   9.86600e+01   1.89430e+00     2           3.48100e+01   3.81200e+00  
     2022         9         9         7        14        34         78       7100       5362 1662707674.000   1662707674.000    6.30000e+02      90.00      45.00   2.50500e+02   3.25500e+02     1332.2       84.2   7.82000e+01   1.53730e+00     2           2.58900e+01   3.13100e+00  
     2022         9         9         7        30        46         79       7100       5362 1662708646.000   1662708646.000    6.30000e+02      90.00      45.00   2.50500e+02   3.25500e+02     1487.9      108.1   6.76300e+01   1.48290e+00     2           2.49000e+01   3.40600e+00  
     2022         9         9         7        38        34         80       7100       5362 1662709114.000   1662709114.000    6.30000e+02       0.00      90.00   2.50500e+02   3.25500e+02     1585.4      127.1           nan           nan     2           2.32100e+01   3.48200e+00  
     2022         9         9         7        43        22         81       7100       5362 1662709402.000   1662709402.000    6.30000e+02      90.00      45.00   2.50500e+02   3.25500e+02     1505.5      105.9   5.76300e+01   1.26590e+00     2           2.77200e+01   3.66000e+00  
     2022         9         9         7        54        46         82       7100       5362 1662710086.000   1662710086.000    6.30000e+02       0.00      90.00   2.50500e+02   3.25500e+02     1490.2       98.8           nan           nan     2           3.12900e+01   3.89700e+00  
     2022         9         9         7        57        10         83       7100       5362 1662710230.000   1662710230.000    6.30000e+02       0.00      45.00   2.50500e+02   3.25500e+02     1506.7       89.5   2.23100e+01   3.84900e-01     2           3.78600e+01   4.22600e+00  
     2022         9         9         7        59        34         84       7100       5362 1662710374.000   1662710374.000    6.30000e+02      90.00      45.00   2.38500e+02   3.13500e+02     1317.5       57.0   5.02000e+01   6.73300e-01     2           4.40000e+01   3.70300e+00  
     2022         9         9         8         1        58         85       7100       5362 1662710518.000   1662710518.000    6.30000e+02     180.00      45.00   2.38500e+02   3.13500e+02     1412.8       66.2   2.41000e+00   3.21000e-02     2           4.41900e+01   3.97100e+00  
     2022         9         9         8         4        22         86       7100       5362 1662710662.000   1662710662.000    6.30000e+02     -90.00      45.00   2.38500e+02   3.13500e+02     1598.4       83.7  -4.19200e+01   5.75400e-01     2           4.71300e+01   4.64800e+00  
     2022         9         9         8         6        46         87       7100       5362 1662710806.000   1662710806.000    6.30000e+02       0.00      90.00   2.38500e+02   3.13500e+02     1260.1       49.6           nan           nan     1           4.08800e+01   3.20700e+00  
     2022         9         9         8         9        46         88       7100       5362 1662710986.000   1662710986.000    6.30000e+02       0.00      45.00   2.38500e+02   3.13500e+02     1215.1       35.7   6.05300e+01   5.09300e-01     1           6.46100e+01   3.83700e+00  
     2022         9         9         8        12        10         89       7100       5362 1662711130.000   1662711130.000    6.30000e+02      90.00      45.00   2.38500e+02   3.13500e+02     1187.8       24.6   4.20200e+01   2.88600e-01     1           1.19370e+02   5.04500e+00  
     2022         9         9         8        14        34         90       7100       5362 1662711274.000   1662711274.000    6.30000e+02     180.00      45.00   2.38500e+02   3.13500e+02     1185.9       31.5   6.49000e+00   4.76000e-02     1           7.98800e+01   4.27900e+00  
     2022         9         9         8        16        58         91       7100       5362 1662711418.000   1662711418.000    6.30000e+02     -90.00      45.00   2.38500e+02   3.13500e+02     1351.3       50.0  -2.39800e+01   2.10500e-01     2           6.61700e+01   4.72700e+00  
     2022         9         9         8        22        58         92       7100       5362 1662711778.000   1662711778.000    6.30000e+02       0.00      90.00   2.38500e+02   3.13500e+02     1258.4       27.5           nan           nan     2           1.60850e+02   6.87400e+00  
     2022         9         9         8        25        22         93       7100       5362 1662711922.000   1662711922.000    6.30000e+02       0.00      45.00   2.38500e+02   3.13500e+02     1367.5       24.5   5.27000e+01   2.84000e-01     2           2.99940e+02   1.03370e+01  
