   YEAR     MONTH      DAY       HOUR      MIN       SEC       RECNO     KINDAT      KINST       UT1_UNIX        UT2_UNIX        WAVLEN        AZM        ELM         ALTB          ALTE         TN         DTN        VNHLU         DVNHLU     FPI_DATAQUAL      RLE           DRLE     
     2022         9         1        23         1        58          0       7100       5362 1662073318.000   1662073318.000    6.30000e+02       0.00      90.00   2.18500e+02   2.93500e+02     1241.1       16.1           nan           nan     1           1.59200e+02   4.63300e+00  
     2022         9         1        23         7        22          1       7100       5362 1662073642.000   1662073642.000    6.30000e+02      90.00      45.00   2.18500e+02   2.93500e+02     1234.8       16.6   1.12850e+02   3.37800e-01     1           1.49780e+02   4.50100e+00  
     2022         9         1        23         9        46          2       7100       5362 1662073786.000   1662073786.000    6.30000e+02     180.00      45.00   2.18500e+02   2.93500e+02     1238.4       16.7   1.38300e+01   4.21000e-02     1           1.53280e+02   4.60000e+00  
     2022         9         1        23        18        10          3       7100       5362 1662074290.000   1662074290.000    6.30000e+02       0.00      90.00   2.18500e+02   2.93500e+02     1227.6       18.4           nan           nan     1           1.29110e+02   4.28100e+00  
     2022         9         1        23        23        34          4       7100       5362 1662074614.000   1662074614.000    6.30000e+02      90.00      45.00   2.18500e+02   2.93500e+02     1218.3       17.9   1.20170e+02   4.02600e-01     1           1.26580e+02   4.15400e+00  
     2022         9         1        23        25        58          5       7100       5362 1662074758.000   1662074758.000    6.30000e+02     180.00      45.00   2.18500e+02   2.93500e+02     1210.3       18.6  -4.99000e+00   1.71000e-02     1           1.21050e+02   4.11400e+00  
     2022         9         1        23        30        46          6       7100       5362 1662075046.000   1662075046.000    6.30000e+02       0.00      90.00   2.18500e+02   2.93500e+02     1244.3       19.8           nan           nan     0           1.18370e+02   4.14200e+00  
     2022         9         1        23        35        34          7       7100       5362 1662075334.000   1662075334.000    6.30000e+02      90.00      45.00   2.18500e+02   2.93500e+02     1231.5       19.8   1.21830e+02   4.45300e-01     0           1.10300e+02   3.92600e+00  
     2022         9         1        23        37        58          8       7100       5362 1662075478.000   1662075478.000    6.30000e+02     180.00      45.00   2.18500e+02   2.93500e+02     1222.8       20.4   6.78000e+00   2.55000e-02     0           1.06820e+02   3.92200e+00  
     2022         9         1        23        40        58          9       7100       5362 1662075658.000   1662075658.000    6.30000e+02     -90.00      45.00   2.18500e+02   2.93500e+02     1234.1       16.5  -1.05490e+02   3.63500e-01     1           1.82370e+02   5.27100e+00  
     2022         9         1        23        46        58         10       7100       5362 1662076018.000   1662076018.000    6.30000e+02       0.00      90.00   2.18500e+02   2.93500e+02     1221.6       22.3           nan           nan     0           9.91600e+01   3.91700e+00  
     2022         9         1        23        49        22         11       7100       5362 1662076162.000   1662076162.000    6.30000e+02       0.00      45.00   2.18500e+02   2.93500e+02     1202.9       15.0   4.25100e+01   1.47000e-01     1           1.68620e+02   4.73000e+00  
     2022         9         1        23        51        46         12       7100       5362 1662076306.000   1662076306.000    6.30000e+02      90.00      45.00   2.18500e+02   2.93500e+02     1207.1       22.6   1.18820e+02   5.01700e-01     0           9.11600e+01   3.71600e+00  
     2022         9         1        23        54        10         13       7100       5362 1662076450.000   1662076450.000    6.30000e+02     180.00      45.00   2.18500e+02   2.93500e+02     1221.7       22.6  -1.78100e+01   7.56000e-02     0           9.04200e+01   3.65600e+00  
     2022         9         1        23        56        34         14       7100       5362 1662076594.000   1662076594.000    6.30000e+02     -90.00      45.00   2.18500e+02   2.93500e+02     1223.4       17.6  -1.01870e+02   3.90000e-01     1           1.53800e+02   4.80400e+00  
     2022         9         1        23        59        34         15       7100       5362 1662076774.000   1662076774.000    6.30000e+02       0.00      90.00   2.26500e+02   3.01500e+02     1208.0       24.5           nan           nan     0           8.30800e+01   3.62500e+00  
     2022         9         2         0         1        58         16       7100       5362 1662076918.000   1662076918.000    6.30000e+02       0.00      45.00   2.26500e+02   3.01500e+02     1212.7       17.6   5.42200e+01   2.12100e-01     0           1.35530e+02   4.36100e+00  
     2022         9         2         0         4        22         17       7100       5362 1662077062.000   1662077062.000    6.30000e+02      90.00      45.00   2.26500e+02   3.01500e+02     1204.8       23.2   1.31050e+02   5.91200e-01     0           8.40700e+01   3.53800e+00  
     2022         9         2         0         6        46         18       7100       5362 1662077206.000   1662077206.000    6.30000e+02     180.00      45.00   2.26500e+02   3.01500e+02     1189.7       24.1  -2.56200e+01   1.18600e-01     0           7.96800e+01   3.50200e+00  
     2022         9         2         0         9        10         19       7100       5362 1662077350.000   1662077350.000    6.30000e+02     -90.00      45.00   2.26500e+02   3.01500e+02     1233.4       20.2  -9.32000e+01   3.94500e-01     0           1.26050e+02   4.44500e+00  
     2022         9         2         0        15        46         20       7100       5362 1662077746.000   1662077746.000    6.30000e+02       0.00      90.00   2.26500e+02   3.01500e+02     1200.8       26.4           nan           nan     0           7.04200e+01   3.33200e+00  
     2022         9         2         0        18        10         21       7100       5362 1662077890.000   1662077890.000    6.30000e+02       0.00      45.00   2.26500e+02   3.01500e+02     1202.7       19.5   7.13000e+01   3.05400e-01     0           1.11890e+02   3.99900e+00  
     2022         9         2         0        20        34         22       7100       5362 1662078034.000   1662078034.000    6.30000e+02      90.00      45.00   2.26500e+02   3.01500e+02     1196.0       24.5   1.22160e+02   5.83100e-01     0           7.60600e+01   3.38800e+00  
     2022         9         2         0        22        58         23       7100       5362 1662078178.000   1662078178.000    6.30000e+02     180.00      45.00   2.26500e+02   3.01500e+02     1169.7       25.2  -3.71400e+01   1.81100e-01     0           7.28200e+01   3.38300e+00  
     2022         9         2         0        25        22         24       7100       5362 1662078322.000   1662078322.000    6.30000e+02     -90.00      45.00   2.26500e+02   3.01500e+02     1222.4       22.8  -9.55100e+01   4.43900e-01     0           1.01790e+02   4.06200e+00  
     2022         9         2         0        27        46         25       7100       5362 1662078466.000   1662078466.000    6.30000e+02       0.00      90.00   2.26500e+02   3.01500e+02     1187.9       27.1           nan           nan     0           6.40200e+01   3.15900e+00  
     2022         9         2         0        30        10         26       7100       5362 1662078610.000   1662078610.000    6.30000e+02       0.00      45.00   2.26500e+02   3.01500e+02     1196.7       20.8   6.49300e+01   2.90600e-01     0           1.00450e+02   3.83100e+00  
     2022         9         2         0        33        10         27       7100       5362 1662078790.000   1662078790.000    6.30000e+02      90.00      45.00   2.26500e+02   3.01500e+02     1204.1       26.1   1.21950e+02   6.10200e-01     0           6.95000e+01   3.26200e+00  
     2022         9         2         0        35        34         28       7100       5362 1662078934.000   1662078934.000    6.30000e+02     180.00      45.00   2.26500e+02   3.01500e+02     1177.8       26.0  -4.58700e+01   2.30100e-01     0           6.93200e+01   3.29900e+00  
     2022         9         2         0        37        58         29       7100       5362 1662079078.000   1662079078.000    6.30000e+02     -90.00      45.00   2.26500e+02   3.01500e+02     1215.1       25.3  -1.11990e+02   5.58000e-01     0           8.85400e+01   3.90200e+00  
     2022         9         2         0        43        58         30       7100       5362 1662079438.000   1662079438.000    6.30000e+02       0.00      90.00   2.26500e+02   3.01500e+02     1179.0       28.3           nan           nan     0           5.97900e+01   3.08600e+00  
     2022         9         2         0        46        22         31       7100       5362 1662079582.000   1662079582.000    6.30000e+02       0.00      45.00   2.26500e+02   3.01500e+02     1199.2       23.3   6.91600e+01   3.34500e-01     0           8.56400e+01   3.61000e+00  
     2022         9         2         0        48        46         32       7100       5362 1662079726.000   1662079726.000    6.30000e+02      90.00      45.00   2.26500e+02   3.01500e+02     1172.5       27.3   1.18290e+02   6.22700e-01     0           6.26300e+01   3.14300e+00  
     2022         9         2         0        51        46         33       7100       5362 1662079906.000   1662079906.000    6.30000e+02     180.00      45.00   2.26500e+02   3.01500e+02     1170.0       25.2  -6.19700e+01   3.11800e-01     0           7.06300e+01   3.29600e+00  
     2022         9         2         0        54        10         34       7100       5362 1662080050.000   1662080050.000    6.30000e+02     -90.00      45.00   2.26500e+02   3.01500e+02     1197.7       25.4  -1.16780e+02   5.89200e-01     0           8.04700e+01   3.63600e+00  
     2022         9         2         0        56        34         35       7100       5362 1662080194.000   1662080194.000    6.30000e+02       0.00      90.00   2.26500e+02   3.01500e+02     1165.7       27.9           nan           nan     0           5.88300e+01   3.03600e+00  
     2022         9         2         0        58        58         36       7100       5362 1662080338.000   1662080338.000    6.30000e+02       0.00      45.00   2.35500e+02   3.10500e+02     1193.2       24.5   7.19400e+01   3.56800e-01     0           7.80100e+01   3.46900e+00  
     2022         9         2         1         1        22         37       7100       5362 1662080482.000   1662080482.000    6.30000e+02      90.00      45.00   2.35500e+02   3.10500e+02     1164.0       28.4   1.21890e+02   6.50000e-01     0           5.89700e+01   3.08100e+00  
     2022         9         2         1         3        46         38       7100       5362 1662080626.000   1662080626.000    6.30000e+02     180.00      45.00   2.35500e+02   3.10500e+02     1139.3       23.1  -6.25600e+01   3.02300e-01     0           7.68400e+01   3.39700e+00  
     2022         9         2         1         6        10         39       7100       5362 1662080770.000   1662080770.000    6.30000e+02     -90.00      45.00   2.35500e+02   3.10500e+02     1193.0       24.6  -1.43530e+02   7.12000e-01     0           8.28700e+01   3.65900e+00  
     2022         9         2         1        12        46         40       7100       5362 1662081166.000   1662081166.000    6.30000e+02       0.00      90.00   2.35500e+02   3.10500e+02     1150.7       27.1           nan           nan     0           6.09000e+01   3.09000e+00  
     2022         9         2         1        15        10         41       7100       5362 1662081310.000   1662081310.000    6.30000e+02       0.00      45.00   2.35500e+02   3.10500e+02     1173.8       24.0   8.11600e+01   3.95600e-01     0           7.85400e+01   3.48100e+00  
     2022         9         2         1        17        34         42       7100       5362 1662081454.000   1662081454.000    6.30000e+02      90.00      45.00   2.35500e+02   3.10500e+02     1190.9       32.8   1.09480e+02   6.22200e-01     0           4.91600e+01   2.87400e+00  
     2022         9         2         1        19        58         43       7100       5362 1662081598.000   1662081598.000    6.30000e+02     180.00      45.00   2.35500e+02   3.10500e+02     1146.2       23.9  -5.84000e+01   2.84500e-01     0           7.23900e+01   3.29700e+00  
     2022         9         2         1        22        22         44       7100       5362 1662081742.000   1662081742.000    6.30000e+02     -90.00      45.00   2.35500e+02   3.10500e+02     1175.5       23.1  -9.82700e+01   4.69000e-01     0           8.66500e+01   3.67700e+00  
     2022         9         2         1        24        46         45       7100       5362 1662081886.000   1662081886.000    6.30000e+02       0.00      90.00   2.35500e+02   3.10500e+02     1162.7       27.2           nan           nan     0           6.25700e+01   3.14900e+00  
     2022         9         2         1        27        46         46       7100       5362 1662082066.000   1662082066.000    6.30000e+02       0.00      45.00   2.35500e+02   3.10500e+02     1158.8       22.6   8.42000e+01   4.01900e-01     0           8.34600e+01   3.54800e+00  
     2022         9         2         1        30        10         47       7100       5362 1662082210.000   1662082210.000    6.30000e+02      90.00      45.00   2.35500e+02   3.10500e+02     1117.9       28.2   1.17300e+02   6.36300e-01     0           5.51500e+01   2.98600e+00  
     2022         9         2         1        32        34         48       7100       5362 1662082354.000   1662082354.000    6.30000e+02     180.00      45.00   2.35500e+02   3.10500e+02     1151.8       28.1  -5.96200e+01   3.18700e-01     0           5.87400e+01   3.07200e+00  
     2022         9         2         1        34        58         49       7100       5362 1662082498.000   1662082498.000    6.30000e+02     -90.00      45.00   2.35500e+02   3.10500e+02     1150.1       22.0  -1.01310e+02   4.81200e-01     0           8.82100e+01   3.66300e+00  
     2022         9         2         1        40        58         50       7100       5362 1662082858.000   1662082858.000    6.30000e+02       0.00      90.00   2.35500e+02   3.10500e+02     1137.1       27.8           nan           nan     0           5.67100e+01   2.99200e+00  
     2022         9         2         1        43        22         51       7100       5362 1662083002.000   1662083002.000    6.30000e+02       0.00      45.00   2.35500e+02   3.10500e+02     1140.2       19.2   7.68500e+01   3.56500e-01     0           1.00020e+02   3.74200e+00  
     2022         9         2         1        46        22         52       7100       5362 1662083182.000   1662083182.000    6.30000e+02      90.00      45.00   2.35500e+02   3.10500e+02     1130.0       23.8   1.46400e+02   7.63200e-01     0           7.12800e+01   3.27500e+00  
     2022         9         2         1        48        46         53       7100       5362 1662083326.000   1662083326.000    6.30000e+02     180.00      45.00   2.35500e+02   3.10500e+02     1137.4       29.0  -4.29400e+01   2.50000e-01     0           5.54100e+01   3.02000e+00  
     2022         9         2         1        51        10         54       7100       5362 1662083470.000   1662083470.000    6.30000e+02     -90.00      45.00   2.35500e+02   3.10500e+02     1172.0       21.5  -1.07540e+02   5.47800e-01     0           9.27300e+01   3.71400e+00  
     2022         9         2         1        53        34         55       7100       5362 1662083614.000   1662083614.000    6.30000e+02       0.00      90.00   2.35500e+02   3.10500e+02     1141.6       33.0           nan           nan     0           4.29600e+01   2.65600e+00  
     2022         9         2         1        55        58         56       7100       5362 1662083758.000   1662083758.000    6.30000e+02       0.00      45.00   2.35500e+02   3.10500e+02     1165.3       22.6   6.15900e+01   3.26100e-01     0           8.33400e+01   3.52900e+00  
     2022         9         2         1        58        22         57       7100       5362 1662083902.000   1662083902.000    6.30000e+02      90.00      45.00   2.35500e+02   3.10500e+02     1132.9       24.5   1.44880e+02   7.91200e-01     0           6.68100e+01   3.15700e+00  
     2022         9         2         2         1        22         58       7100       5362 1662084082.000   1662084082.000    6.30000e+02     180.00      45.00   2.43500e+02   3.18500e+02     1145.7       25.3  -4.21700e+01   2.31000e-01     0           6.51500e+01   3.13500e+00  
     2022         9         2         2         3        46         59       7100       5362 1662084226.000   1662084226.000    6.30000e+02     -90.00      45.00   2.43500e+02   3.18500e+02     1148.3       21.4  -1.18250e+02   5.97900e-01     0           9.24800e+01   3.74300e+00  
     2022         9         2         2         9        46         60       7100       5362 1662084586.000   1662084586.000    6.30000e+02       0.00      90.00   2.43500e+02   3.18500e+02     1165.8       30.7           nan           nan     0           4.94900e+01   2.80500e+00  
     2022         9         2         2        12        10         61       7100       5362 1662084730.000   1662084730.000    6.30000e+02       0.00      45.00   2.43500e+02   3.18500e+02     1158.1       24.1   6.23300e+01   3.20600e-01     0           7.25700e+01   3.29300e+00  
     2022         9         2         2        14        34         62       7100       5362 1662084874.000   1662084874.000    6.30000e+02      90.00      45.00   2.43500e+02   3.18500e+02     1130.0       26.9   1.31940e+02   7.09800e-01     0           5.91000e+01   3.04000e+00  
     2022         9         2         2        16        58         63       7100       5362 1662085018.000   1662085018.000    6.30000e+02     180.00      45.00   2.43500e+02   3.18500e+02     1116.5       24.4  -4.34400e+01   2.19300e-01     0           6.60200e+01   3.15000e+00  
     2022         9         2         2        19        58         64       7100       5362 1662085198.000   1662085198.000    6.30000e+02     -90.00      45.00   2.43500e+02   3.18500e+02     1164.1       22.0  -1.14830e+02   5.36400e-01     0           8.77300e+01   3.62200e+00  
     2022         9         2         2        22        22         65       7100       5362 1662085342.000   1662085342.000    6.30000e+02       0.00      90.00   2.43500e+02   3.18500e+02     1148.8       25.9           nan           nan     0           6.24600e+01   3.07000e+00  
     2022         9         2         2        24        46         66       7100       5362 1662085486.000   1662085486.000    6.30000e+02       0.00      45.00   2.43500e+02   3.18500e+02     1169.3       21.2   5.79500e+01   2.60800e-01     0           9.14200e+01   3.64400e+00  
     2022         9         2         2        27        10         67       7100       5362 1662085630.000   1662085630.000    6.30000e+02      90.00      45.00   2.43500e+02   3.18500e+02     1137.9       24.9   1.22590e+02   5.99900e-01     0           6.66300e+01   3.17200e+00  
     2022         9         2         2        29        34         68       7100       5362 1662085774.000   1662085774.000    6.30000e+02     180.00      45.00   2.43500e+02   3.18500e+02     1129.5       26.4  -4.64600e+01   2.34700e-01     0           5.96300e+01   3.02300e+00  
     2022         9         2         2        31        58         69       7100       5362 1662085918.000   1662085918.000    6.30000e+02     -90.00      45.00   2.43500e+02   3.18500e+02     1152.7       21.7  -1.11380e+02   5.07100e-01     0           8.81600e+01   3.62400e+00  
     2022         9         2         2        37        58         70       7100       5362 1662086278.000   1662086278.000    6.30000e+02       0.00      90.00   2.43500e+02   3.18500e+02     1139.1       25.4           nan           nan     0           6.27700e+01   3.06000e+00  
     2022         9         2         2        40        58         71       7100       5362 1662086458.000   1662086458.000    6.30000e+02       0.00      45.00   2.43500e+02   3.18500e+02     1148.7       18.3   5.46000e+01   2.32200e-01     0           1.09820e+02   3.89900e+00  
     2022         9         2         2        43        22         72       7100       5362 1662086602.000   1662086602.000    6.30000e+02      90.00      45.00   2.43500e+02   3.18500e+02     1163.2       25.9   1.17470e+02   5.88900e-01     0           6.54200e+01   3.15900e+00  
     2022         9         2         2        45        46         73       7100       5362 1662086746.000   1662086746.000    6.30000e+02     180.00      45.00   2.43500e+02   3.18500e+02     1142.1       29.9  -4.84800e+01   2.66300e-01     0           5.24300e+01   2.93500e+00  
     2022         9         2         2        48        10         74       7100       5362 1662086890.000   1662086890.000    6.30000e+02     -90.00      45.00   2.43500e+02   3.18500e+02     1149.8       19.8  -1.25610e+02   5.59400e-01     0           9.96500e+01   3.78200e+00  
     2022         9         2         2        50        34         75       7100       5362 1662087034.000   1662087034.000    6.30000e+02       0.00      90.00   2.43500e+02   3.18500e+02     1151.0       26.8           nan           nan     0           5.99300e+01   3.02800e+00  
     2022         9         2         2        52        58         76       7100       5362 1662087178.000   1662087178.000    6.30000e+02       0.00      45.00   2.43500e+02   3.18500e+02     1176.4       18.0   2.96700e+01   1.27300e-01     0           1.17140e+02   3.99900e+00  
     2022         9         2         2        55        58         77       7100       5362 1662087358.000   1662087358.000    6.30000e+02      90.00      45.00   2.43500e+02   3.18500e+02     1185.0       27.4   8.76400e+01   4.53800e-01     0           6.05700e+01   3.04100e+00  
     2022         9         2         2        58        22         78       7100       5362 1662087502.000   1662087502.000    6.30000e+02     180.00      45.00   2.43500e+02   3.18500e+02     1143.1       28.3  -4.95300e+01   2.67900e-01     0           5.53700e+01   2.95600e+00  
     2022         9         2         3         0        46         79       7100       5362 1662087646.000   1662087646.000    6.30000e+02     -90.00      45.00   2.50500e+02   3.25500e+02     1156.3       19.3  -1.11320e+02   4.95900e-01     0           1.06200e+02   3.90200e+00  
     2022         9         2         3         6        46         80       7100       5362 1662088006.000   1662088006.000    6.30000e+02       0.00      90.00   2.50500e+02   3.25500e+02     1154.6       27.4           nan           nan     0           6.02200e+01   3.08000e+00  
     2022         9         2         3         9        10         81       7100       5362 1662088150.000   1662088150.000    6.30000e+02       0.00      45.00   2.50500e+02   3.25500e+02     1173.0       16.7   3.28400e+01   1.38300e-01     0           1.29320e+02   4.14700e+00  
     2022         9         2         3        11        34         82       7100       5362 1662088294.000   1662088294.000    6.30000e+02      90.00      45.00   2.50500e+02   3.25500e+02     1168.4       27.5   9.44100e+01   4.96000e-01     0           5.96100e+01   3.03500e+00  
     2022         9         2         3        14        34         83       7100       5362 1662088474.000   1662088474.000    6.30000e+02     180.00      45.00   2.50500e+02   3.25500e+02     1150.3       27.4  -3.62900e+01   1.90000e-01     0           5.80300e+01   2.99500e+00  
     2022         9         2         3        16        58         84       7100       5362 1662088618.000   1662088618.000    6.30000e+02     -90.00      45.00   2.50500e+02   3.25500e+02     1139.9       18.0  -1.05470e+02   4.49900e-01     0           1.12250e+02   3.95000e+00  
     2022         9         2         3        19        22         85       7100       5362 1662088762.000   1662088762.000    6.30000e+02       0.00      90.00   2.50500e+02   3.25500e+02     1178.6       26.9           nan           nan     0           6.22800e+01   3.08600e+00  
     2022         9         2         3        21        46         86       7100       5362 1662088906.000   1662088906.000    6.30000e+02       0.00      45.00   2.50500e+02   3.25500e+02     1170.5       16.1   2.96100e+01   1.20100e-01     0           1.36850e+02   4.24500e+00  
     2022         9         2         3        24        10         87       7100       5362 1662089050.000   1662089050.000    6.30000e+02      90.00      45.00   2.50500e+02   3.25500e+02     1205.3       28.3   7.23300e+01   3.78600e-01     0           5.93800e+01   3.02100e+00  
     2022         9         2         3        26        34         88       7100       5362 1662089194.000   1662089194.000    6.30000e+02     180.00      45.00   2.50500e+02   3.25500e+02     1165.7       29.6  -3.11200e+01   1.69300e-01     0           5.37400e+01   2.93300e+00  
     2022         9         2         3        29        34         89       7100       5362 1662089374.000   1662089374.000    6.30000e+02     -90.00      45.00   2.50500e+02   3.25500e+02     1186.7       19.2  -9.17100e+01   4.02700e-01     0           1.08900e+02   3.90100e+00  
     2022         9         2         3        35        34         90       7100       5362 1662089734.000   1662089734.000    6.30000e+02       0.00      90.00   2.50500e+02   3.25500e+02     1172.9       27.4           nan           nan     0           5.97300e+01   3.02700e+00  
     2022         9         2         3        37        58         91       7100       5362 1662089878.000   1662089878.000    6.30000e+02       0.00      45.00   2.50500e+02   3.25500e+02     1172.4       16.1   3.78500e+01   1.58800e-01     0           1.37580e+02   4.26600e+00  
     2022         9         2         3        40        22         92       7100       5362 1662090022.000   1662090022.000    6.30000e+02      90.00      45.00   2.50500e+02   3.25500e+02     1194.7       28.5   7.20700e+01   3.90200e-01     0           5.96200e+01   3.06700e+00  
     2022         9         2         3        42        46         93       7100       5362 1662090166.000   1662090166.000    6.30000e+02     180.00      45.00   2.50500e+02   3.25500e+02     1198.7       32.9  -2.96100e+01   1.74200e-01     0           4.84000e+01   2.83200e+00  
     2022         9         2         3        45        10         94       7100       5362 1662090310.000   1662090310.000    6.30000e+02     -90.00      45.00   2.50500e+02   3.25500e+02     1196.3       20.4  -6.68000e+01   3.12600e-01     0           9.97200e+01   3.76300e+00  
     2022         9         2         3        48        10         95       7100       5362 1662090490.000   1662090490.000    6.30000e+02       0.00      90.00   2.50500e+02   3.25500e+02     1190.3       29.2           nan           nan     0           5.67800e+01   2.99600e+00  
     2022         9         2         3        50        34         96       7100       5362 1662090634.000   1662090634.000    6.30000e+02       0.00      45.00   2.50500e+02   3.25500e+02     1185.4       15.9   1.90500e+01   8.19000e-02     0           1.41360e+02   4.29200e+00  
     2022         9         2         3        52        58         97       7100       5362 1662090778.000   1662090778.000    6.30000e+02      90.00      45.00   2.50500e+02   3.25500e+02     1220.0       28.1   6.85800e+01   3.74600e-01     0           6.09800e+01   3.04400e+00  
     2022         9         2         3        55        22         98       7100       5362 1662090922.000   1662090922.000    6.30000e+02     180.00      45.00   2.50500e+02   3.25500e+02     1209.3       34.2  -2.65800e+01   1.61600e-01     0           4.72600e+01   2.83200e+00  
     2022         9         2         3        57        46         99       7100       5362 1662091066.000   1662091066.000    6.30000e+02     -90.00      45.00   2.50500e+02   3.25500e+02     1198.0       21.3  -7.01900e+01   3.39300e-01     0           9.29900e+01   3.64000e+00  
     2022         9         2         4         3        46        100       7100       5362 1662091426.000   1662091426.000    6.30000e+02       0.00      90.00   2.55500e+02   3.30500e+02     1206.6       30.3           nan           nan     0           5.30700e+01   2.87600e+00  
     2022         9         2         4         6        10        101       7100       5362 1662091570.000   1662091570.000    6.30000e+02       0.00      45.00   2.55500e+02   3.30500e+02     1190.7       15.7   3.28500e+01   1.42300e-01     0           1.48140e+02   4.41000e+00  
     2022         9         2         4         9        10        102       7100       5362 1662091750.000   1662091750.000    6.30000e+02      90.00      45.00   2.55500e+02   3.30500e+02     1213.2       28.0   8.13800e+01   4.48500e-01     0           6.19700e+01   3.09000e+00  
     2022         9         2         4        11        34        103       7100       5362 1662091894.000   1662091894.000    6.30000e+02     180.00      45.00   2.55500e+02   3.30500e+02     1258.8       35.9  -2.35600e+01   1.46700e-01     0           4.66600e+01   2.81500e+00  
     2022         9         2         4        13        58        104       7100       5362 1662092038.000   1662092038.000    6.30000e+02     -90.00      45.00   2.55500e+02   3.30500e+02     1221.3       22.1  -6.93600e+01   3.39300e-01     0           9.30300e+01   3.68500e+00  
     2022         9         2         4        16        22        105       7100       5362 1662092182.000   1662092182.000    6.30000e+02       0.00      90.00   2.55500e+02   3.30500e+02     1207.7       30.0           nan           nan     0           5.46800e+01   2.92600e+00  
     2022         9         2         4        18        46        106       7100       5362 1662092326.000   1662092326.000    6.30000e+02       0.00      45.00   2.55500e+02   3.30500e+02     1186.4       15.4   2.65700e+01   1.12600e-01     0           1.51040e+02   4.42600e+00  
     2022         9         2         4        21        10        107       7100       5362 1662092470.000   1662092470.000    6.30000e+02      90.00      45.00   2.55500e+02   3.30500e+02     1210.9       26.7   7.22600e+01   3.81300e-01     0           6.58900e+01   3.15700e+00  
     2022         9         2         4        24        10        108       7100       5362 1662092650.000   1662092650.000    6.30000e+02     180.00      45.00   2.55500e+02   3.30500e+02     1237.0       35.0  -2.89700e+01   1.75200e-01     0           4.75200e+01   2.84400e+00  
     2022         9         2         4        26        34        109       7100       5362 1662092794.000   1662092794.000    6.30000e+02     -90.00      45.00   2.55500e+02   3.30500e+02     1210.1       21.1  -7.97200e+01   3.72000e-01     0           9.80000e+01   3.75800e+00  
     2022         9         2         4        32        34        110       7100       5362 1662093154.000   1662093154.000    6.30000e+02       0.00      90.00   2.55500e+02   3.30500e+02     1201.7       27.3           nan           nan     0           6.26000e+01   3.08300e+00  
     2022         9         2         4        34        58        111       7100       5362 1662093298.000   1662093298.000    6.30000e+02       0.00      45.00   2.55500e+02   3.30500e+02     1199.6       14.8   2.22200e+01   8.81000e-02     0           1.62190e+02   4.54800e+00  
     2022         9         2         4        37        22        112       7100       5362 1662093442.000   1662093442.000    6.30000e+02      90.00      45.00   2.55500e+02   3.30500e+02     1231.6       26.1   6.61700e+01   3.30200e-01     0           7.00500e+01   3.23600e+00  
     2022         9         2         4        39        46        113       7100       5362 1662093586.000   1662093586.000    6.30000e+02     180.00      45.00   2.55500e+02   3.30500e+02     1258.1       35.7  -3.41600e+01   2.00200e-01     0           4.77600e+01   2.86600e+00  
     2022         9         2         4        42        46        114       7100       5362 1662093766.000   1662093766.000    6.30000e+02     -90.00      45.00   2.55500e+02   3.30500e+02     1216.4       19.2  -7.35600e+01   3.17200e-01     0           1.12530e+02   3.95100e+00  
     2022         9         2         4        45        10        115       7100       5362 1662093910.000   1662093910.000    6.30000e+02       0.00      90.00   2.55500e+02   3.30500e+02     1208.0       26.2           nan           nan     0           6.67000e+01   3.15800e+00  
     2022         9         2         4        47        34        116       7100       5362 1662094054.000   1662094054.000    6.30000e+02       0.00      45.00   2.55500e+02   3.30500e+02     1192.6       14.5   5.94000e+00   2.27000e-02     0           1.65610e+02   4.58800e+00  
     2022         9         2         4        49        58        117       7100       5362 1662094198.000   1662094198.000    6.30000e+02      90.00      45.00   2.55500e+02   3.30500e+02     1205.2       26.9   5.17400e+01   2.58300e-01     0           6.42800e+01   3.12000e+00  
     2022         9         2         4        52        22        118       7100       5362 1662094342.000   1662094342.000    6.30000e+02     180.00      45.00   2.55500e+02   3.30500e+02     1261.4       33.9  -2.41500e+01   1.34000e-01     0           5.03400e+01   2.88300e+00  
     2022         9         2         4        54        46        119       7100       5362 1662094486.000   1662094486.000    6.30000e+02     -90.00      45.00   2.55500e+02   3.30500e+02     1227.8       18.0  -7.67200e+01   3.08200e-01     0           1.25680e+02   4.12500e+00  
     2022         9         2         5         1        22        120       7100       5362 1662094882.000   1662094882.000    6.30000e+02       0.00      90.00   2.55500e+02   3.30500e+02     1212.7       23.9           nan           nan     0           7.56100e+01   3.28700e+00  
     2022         9         2         5         3        46        121       7100       5362 1662095026.000   1662095026.000    6.30000e+02       0.00      45.00   2.55500e+02   3.30500e+02     1192.8       14.6  -1.37700e+01   4.93000e-02     0           1.65970e+02   4.61000e+00  
     2022         9         2         5         6        10        122       7100       5362 1662095170.000   1662095170.000    6.30000e+02      90.00      45.00   2.55500e+02   3.30500e+02     1225.4       27.8   4.93300e+01   2.37100e-01     0           6.47800e+01   3.17100e+00  
     2022         9         2         5         8        34        123       7100       5362 1662095314.000   1662095314.000    6.30000e+02     180.00      45.00   2.55500e+02   3.30500e+02     1225.6       29.9  -1.12200e+01   5.56000e-02     0           5.61600e+01   2.96000e+00  
     2022         9         2         5        10        58        124       7100       5362 1662095458.000   1662095458.000    6.30000e+02     -90.00      45.00   2.55500e+02   3.30500e+02     1210.6       15.3  -7.18300e+01   2.50600e-01     0           1.58900e+02   4.54200e+00  
     2022         9         2         5        13        22        125       7100       5362 1662095602.000   1662095602.000    6.30000e+02       0.00      90.00   2.55500e+02   3.30500e+02     1205.6       21.3           nan           nan     0           8.98900e+01   3.53100e+00  
     2022         9         2         5        16        22        126       7100       5362 1662095782.000   1662095782.000    6.30000e+02       0.00      45.00   2.55500e+02   3.30500e+02     1199.7       14.4   9.39000e+00   3.13000e-02     0           1.73070e+02   4.70800e+00  
     2022         9         2         5        18        46        127       7100       5362 1662095926.000   1662095926.000    6.30000e+02      90.00      45.00   2.55500e+02   3.30500e+02     1212.1       25.9   5.02300e+01   2.20900e-01     0           7.00800e+01   3.25200e+00  
     2022         9         2         5        21        10        128       7100       5362 1662096070.000   1662096070.000    6.30000e+02     180.00      45.00   2.55500e+02   3.30500e+02     1217.9       26.3   2.56500e+01   1.13100e-01     0           6.98000e+01   3.27000e+00  
     2022         9         2         5        23        34        129       7100       5362 1662096214.000   1662096214.000    6.30000e+02     -90.00      45.00   2.55500e+02   3.30500e+02     1220.5       13.7  -6.51600e+01   2.05200e-01     0           1.91960e+02   4.92200e+00  
     2022         9         2         5        29        34        130       7100       5362 1662096574.000   1662096574.000    6.30000e+02       0.00      90.00   2.55500e+02   3.30500e+02     1215.6       19.4           nan           nan     0           1.07110e+02   3.81500e+00  
     2022         9         2         5        31        58        131       7100       5362 1662096718.000   1662096718.000    6.30000e+02       0.00      45.00   2.55500e+02   3.30500e+02     1197.6       14.6  -9.45000e+00   2.98000e-02     0           1.68630e+02   4.65800e+00  
     2022         9         2         5        34        58        132       7100       5362 1662096898.000   1662096898.000    6.30000e+02      90.00      45.00   2.55500e+02   3.30500e+02     1180.3       22.5   4.94000e+01   1.95200e-01     0           8.00800e+01   3.37400e+00  
     2022         9         2         5        37        22        133       7100       5362 1662097042.000   1662097042.000    6.30000e+02     180.00      45.00   2.55500e+02   3.30500e+02     1217.1       21.1   2.69100e+01   1.00400e-01     0           9.75700e+01   3.72400e+00  
     2022         9         2         5        39        46        134       7100       5362 1662097186.000   1662097186.000    6.30000e+02     -90.00      45.00   2.55500e+02   3.30500e+02     1217.1       12.2  -7.27400e+01   2.08000e-01     0           2.31470e+02   5.34900e+00  
     2022         9         2         5        42        10        135       7100       5362 1662097330.000   1662097330.000    6.30000e+02       0.00      90.00   2.55500e+02   3.30500e+02     1192.9       18.2           nan           nan     0           1.13020e+02   3.87400e+00  
     2022         9         2         5        44        34        136       7100       5362 1662097474.000   1662097474.000    6.30000e+02       0.00      45.00   2.55500e+02   3.30500e+02     1193.1       14.8   4.67000e+00   1.44000e-02     0           1.63690e+02   4.59900e+00  
     2022         9         2         5        46        58        137       7100       5362 1662097618.000   1662097618.000    6.30000e+02      90.00      45.00   2.55500e+02   3.30500e+02     1185.8       21.3   4.49600e+01   1.67500e-01     0           8.84500e+01   3.52000e+00  
     2022         9         2         5        49        58        138       7100       5362 1662097798.000   1662097798.000    6.30000e+02     180.00      45.00   2.55500e+02   3.30500e+02     1186.3       17.9   3.75600e+01   1.27300e-01     0           1.15600e+02   3.92100e+00  
     2022         9         2         5        52        22        139       7100       5362 1662097942.000   1662097942.000    6.30000e+02     -90.00      45.00   2.55500e+02   3.30500e+02     1209.4       11.7  -4.83600e+01   1.33300e-01     0           2.41140e+02   5.40500e+00  
     2022         9         2         5        58        22        140       7100       5362 1662098302.000   1662098302.000    6.30000e+02       0.00      90.00   2.55500e+02   3.30500e+02     1207.0       17.5           nan           nan     0           1.23470e+02   4.03900e+00  
     2022         9         2         6         0        46        141       7100       5362 1662098446.000   1662098446.000    6.30000e+02       0.00      45.00   2.50500e+02   3.25500e+02     1200.5       14.9  -1.54200e+01   4.73000e-02     0           1.62530e+02   4.57000e+00  
     2022         9         2         6         3        10        142       7100       5362 1662098590.000   1662098590.000    6.30000e+02      90.00      45.00   2.50500e+02   3.25500e+02     1193.3       20.3   4.69500e+01   1.68300e-01     0           9.59400e+01   3.63400e+00  
     2022         9         2         6         5        34        143       7100       5362 1662098734.000   1662098734.000    6.30000e+02     180.00      45.00   2.50500e+02   3.25500e+02     1189.4       17.6   3.05600e+01   1.02100e-01     0           1.21630e+02   4.03400e+00  
     2022         9         2         6         7        58        144       7100       5362 1662098878.000   1662098878.000    6.30000e+02     -90.00      45.00   2.50500e+02   3.25500e+02     1197.8       12.1  -5.97000e+01   1.67700e-01     0           2.27000e+02   5.27700e+00  
     2022         9         2         6        10        58        145       7100       5362 1662099058.000   1662099058.000    6.30000e+02       0.00      90.00   2.50500e+02   3.25500e+02     1181.4       17.6           nan           nan     0           1.18360e+02   3.96100e+00  
     2022         9         2         6        13        22        146       7100       5362 1662099202.000   1662099202.000    6.30000e+02       0.00      45.00   2.50500e+02   3.25500e+02     1194.1       15.5  -2.57200e+01   8.15000e-02     0           1.49960e+02   4.41400e+00  
     2022         9         2         6        15        46        147       7100       5362 1662099346.000   1662099346.000    6.30000e+02      90.00      45.00   2.50500e+02   3.25500e+02     1177.0       20.4   3.43300e+01   1.27000e-01     0           9.24900e+01   3.56600e+00  
     2022         9         2         6        18        10        148       7100       5362 1662099490.000   1662099490.000    6.30000e+02     180.00      45.00   2.50500e+02   3.25500e+02     1190.6       17.7   3.33600e+01   1.14900e-01     0           1.19200e+02   3.98300e+00  
     2022         9         2         6        20        34        149       7100       5362 1662099634.000   1662099634.000    6.30000e+02     -90.00      45.00   2.50500e+02   3.25500e+02     1195.4       13.3  -6.80700e+01   2.06600e-01     0           1.97840e+02   5.01600e+00  
     2022         9         2         6        26        34        150       7100       5362 1662099994.000   1662099994.000    6.30000e+02       0.00      90.00   2.50500e+02   3.25500e+02     1182.0       19.3           nan           nan     0           9.99700e+01   3.65600e+00  
     2022         9         2         6        29        34        151       7100       5362 1662100174.000   1662100174.000    6.30000e+02       0.00      45.00   2.50500e+02   3.25500e+02     1183.6       17.4  -3.27100e+01   1.16400e-01     0           1.24020e+02   4.08600e+00  
     2022         9         2         6        31        58        152       7100       5362 1662100318.000   1662100318.000    6.30000e+02      90.00      45.00   2.50500e+02   3.25500e+02     1173.0       22.0   3.54200e+01   1.44900e-01     0           8.37700e+01   3.46600e+00  
     2022         9         2         6        34        22        153       7100       5362 1662100462.000   1662100462.000    6.30000e+02     180.00      45.00   2.50500e+02   3.25500e+02     1181.4       18.7   3.18100e+01   1.20500e-01     0           1.07970e+02   3.82100e+00  
     2022         9         2         6        36        46        154       7100       5362 1662100606.000   1662100606.000    6.30000e+02     -90.00      45.00   2.50500e+02   3.25500e+02     1186.5       15.9  -5.64500e+01   2.01100e-01     0           1.45740e+02   4.39900e+00  
     2022         9         2         6        39        10        155       7100       5362 1662100750.000   1662100750.000    6.30000e+02       0.00      90.00   2.50500e+02   3.25500e+02     1179.6       21.8           nan           nan     0           8.34700e+01   3.42000e+00  
     2022         9         2         6        41        34        156       7100       5362 1662100894.000   1662100894.000    6.30000e+02       0.00      45.00   2.50500e+02   3.25500e+02     1179.1       19.3  -2.20500e+01   8.86000e-02     0           1.04410e+02   3.80700e+00  
     2022         9         2         6        44        34        157       7100       5362 1662101074.000   1662101074.000    6.30000e+02      90.00      45.00   2.50500e+02   3.25500e+02     1173.9       23.6   4.64500e+01   2.08500e-01     0           7.64700e+01   3.36100e+00  
     2022         9         2         6        46        58        158       7100       5362 1662101218.000   1662101218.000    6.30000e+02     180.00      45.00   2.50500e+02   3.25500e+02     1161.8       20.0   4.85700e+01   2.03000e-01     0           9.65800e+01   3.68800e+00  
     2022         9         2         6        49        22        159       7100       5362 1662101362.000   1662101362.000    6.30000e+02     -90.00      45.00   2.50500e+02   3.25500e+02     1205.9       18.8  -5.42600e+01   2.21100e-01     0           1.14810e+02   3.98400e+00  
     2022         9         2         6        55        22        160       7100       5362 1662101722.000   1662101722.000    6.30000e+02       0.00      90.00   2.50500e+02   3.25500e+02     1147.7       24.1           nan           nan     0           6.73000e+01   3.11600e+00  
     2022         9         2         6        57        46        161       7100       5362 1662101866.000   1662101866.000    6.30000e+02       0.00      45.00   2.50500e+02   3.25500e+02     1177.2       21.6  -1.79100e+01   8.11000e-02     0           8.72400e+01   3.52900e+00  
     2022         9         2         7         0        10        162       7100       5362 1662102010.000   1662102010.000    6.30000e+02      90.00      45.00   2.40500e+02   3.15500e+02     1149.4       26.1   6.19500e+01   3.18300e-01     0           6.40900e+01   3.15300e+00  
     2022         9         2         7         3        10        163       7100       5362 1662102190.000   1662102190.000    6.30000e+02     180.00      45.00   2.40500e+02   3.15500e+02     1153.1       22.5   4.82800e+01   2.30000e-01     0           7.82900e+01   3.36100e+00  
     2022         9         2         7         5        34        164       7100       5362 1662102334.000   1662102334.000    6.30000e+02     -90.00      45.00   2.40500e+02   3.15500e+02     1172.6       21.2  -4.21100e+01   1.96800e-01     0           9.21100e+01   3.65500e+00  
     2022         9         2         7         7        58        165       7100       5362 1662102478.000   1662102478.000    6.30000e+02       0.00      90.00   2.40500e+02   3.15500e+02     1166.0       27.0           nan           nan     0           6.01600e+01   3.02400e+00  
     2022         9         2         7        10        22        166       7100       5362 1662102622.000   1662102622.000    6.30000e+02       0.00      45.00   2.40500e+02   3.15500e+02     1167.3       23.1  -1.00800e+01   5.06000e-02     0           7.98200e+01   3.45100e+00  
     2022         9         2         7        12        46        167       7100       5362 1662102766.000   1662102766.000    6.30000e+02      90.00      45.00   2.40500e+02   3.15500e+02     1174.9       30.4   4.31400e+01   2.51700e-01     0           5.36700e+01   2.96500e+00  
     2022         9         2         7        15        10        168       7100       5362 1662102910.000   1662102910.000    6.30000e+02     180.00      45.00   2.40500e+02   3.15500e+02     1151.6       24.5   5.28100e+01   2.80000e-01     0           6.83500e+01   3.18400e+00  
     2022         9         2         7        18        10        169       7100       5362 1662103090.000   1662103090.000    6.30000e+02     -90.00      45.00   2.40500e+02   3.15500e+02     1167.4       22.2  -5.68500e+01   2.90800e-01     0           8.40400e+01   3.50100e+00  
     2022         9         2         7        24        10        170       7100       5362 1662103450.000   1662103450.000    6.30000e+02       0.00      90.00   2.40500e+02   3.15500e+02     1137.6       30.8           nan           nan     0           4.77500e+01   2.77300e+00  
     2022         9         2         7        26        34        171       7100       5362 1662103594.000   1662103594.000    6.30000e+02       0.00      45.00   2.40500e+02   3.15500e+02     1167.7       25.1   6.16000e+00   3.50000e-02     0           6.90400e+01   3.22800e+00  
     2022         9         2         7        28        58        172       7100       5362 1662103738.000   1662103738.000    6.30000e+02      90.00      45.00   2.40500e+02   3.15500e+02     1139.8       34.6   7.00700e+01   4.79300e-01     0           4.36700e+01   2.78900e+00  
     2022         9         2         7        31        22        173       7100       5362 1662103882.000   1662103882.000    6.30000e+02     180.00      45.00   2.40500e+02   3.15500e+02     1151.2       29.6   5.96800e+01   3.80100e-01     0           5.24000e+01   2.89600e+00  
     2022         9         2         7        33        46        174       7100       5362 1662104026.000   1662104026.000    6.30000e+02     -90.00      45.00   2.40500e+02   3.15500e+02     1181.5       24.5  -5.37100e+01   3.15200e-01     0           7.41600e+01   3.34100e+00  
     2022         9         2         7        36        10        175       7100       5362 1662104170.000   1662104170.000    6.30000e+02       0.00      90.00   2.40500e+02   3.15500e+02     1168.2       35.6           nan           nan     0           4.05300e+01   2.62000e+00  
     2022         9         2         7        39        10        176       7100       5362 1662104350.000   1662104350.000    6.30000e+02       0.00      45.00   2.40500e+02   3.15500e+02     1151.4       27.3   3.89400e+01   2.49500e-01     0           5.94400e+01   3.04500e+00  
     2022         9         2         7        41        34        177       7100       5362 1662104494.000   1662104494.000    6.30000e+02      90.00      45.00   2.40500e+02   3.15500e+02     1129.5       35.8   5.51800e+01   4.09600e-01     0           3.95200e+01   2.64000e+00  
     2022         9         2         7        43        58        178       7100       5362 1662104638.000   1662104638.000    6.30000e+02     180.00      45.00   2.40500e+02   3.15500e+02     1169.0       34.4   5.64300e+01   4.07300e-01     0           4.38600e+01   2.73500e+00  
     2022         9         2         7        46        22        179       7100       5362 1662104782.000   1662104782.000    6.30000e+02     -90.00      45.00   2.40500e+02   3.15500e+02     1170.3       27.5  -5.18300e+01   3.38400e-01     0           6.26400e+01   3.16200e+00  
     2022         9         2         7        52        22        180       7100       5362 1662105142.000   1662105142.000    6.30000e+02       0.00      90.00   2.40500e+02   3.15500e+02     1137.8       38.6           nan           nan     0           3.42300e+01   2.44800e+00  
     2022         9         2         7        54        46        181       7100       5362 1662105286.000   1662105286.000    6.30000e+02       0.00      45.00   2.40500e+02   3.15500e+02     1174.7       30.0   1.63000e+01   1.13900e-01     0           5.52500e+01   3.01300e+00  
     2022         9         2         7        57        46        182       7100       5362 1662105466.000   1662105466.000    6.30000e+02      90.00      45.00   2.40500e+02   3.15500e+02     1156.6       35.6   5.74900e+01   4.33800e-01     0           4.22900e+01   2.73800e+00  
     2022         9         2         8         0        10        183       7100       5362 1662105610.000   1662105610.000    6.30000e+02     180.00      45.00   2.31500e+02   3.06500e+02     1123.1       35.1   5.49100e+01   4.15500e-01     0           4.15900e+01   2.73300e+00  
     2022         9         2         8         2        34        184       7100       5362 1662105754.000   1662105754.000    6.30000e+02     -90.00      45.00   2.31500e+02   3.06500e+02     1148.4       28.7  -3.80400e+01   2.60700e-01     0           5.95700e+01   3.16800e+00  
     2022         9         2         8         4        58        185       7100       5362 1662105898.000   1662105898.000    6.30000e+02       0.00      90.00   2.31500e+02   3.06500e+02     1148.3       38.3           nan           nan     0           3.66700e+01   2.56800e+00  
     2022         9         2         8         7        22        186       7100       5362 1662106042.000   1662106042.000    6.30000e+02       0.00      45.00   2.31500e+02   3.06500e+02     1152.2       27.8   2.04500e+01   1.37900e-01     0           6.35700e+01   3.26300e+00  
     2022         9         2         8         9        46        187       7100       5362 1662106186.000   1662106186.000    6.30000e+02      90.00      45.00   2.31500e+02   3.06500e+02     1114.1       26.7   6.63000e+01   4.44200e-01     0           6.97800e+01   3.52100e+00  
     2022         9         2         8        12        46        188       7100       5362 1662106366.000   1662106366.000    6.30000e+02     180.00      45.00   2.31500e+02   3.06500e+02     1124.0       32.2   4.65200e+01   3.37200e-01     0           5.39200e+01   3.20800e+00  
     2022         9         2         8        15        10        189       7100       5362 1662106510.000   1662106510.000    6.30000e+02     -90.00      45.00   2.31500e+02   3.06500e+02     1143.2       29.3  -3.13200e+01   2.15400e-01     0           6.74500e+01   3.58900e+00  
     2022         9         2         8        21        10        190       7100       5362 1662106870.000   1662106870.000    6.30000e+02       0.00      90.00   2.31500e+02   3.06500e+02     1191.0       35.7           nan           nan     1           6.84200e+01   4.10200e+00  
     2022         9         2         8        23        34        191       7100       5362 1662107014.000   1662107014.000    6.30000e+02       0.00      45.00   2.31500e+02   3.06500e+02     1198.9       27.3   5.32800e+01   3.55800e-01     1           1.33940e+02   6.02800e+00  
