   YEAR     MONTH      DAY       HOUR      MIN       SEC       RECNO     KINDAT      KINST       UT1_UNIX        UT2_UNIX        WAVLEN        AZM        ELM         ALTB          ALTE         TN         DTN        VNHLU         DVNHLU     FPI_DATAQUAL      RLE           DRLE     
     2022         9        22         1        52        22          0       7100       5362 1663811542.000   1663811542.000    6.30000e+02      90.00      45.00   2.46500e+02   3.21500e+02     1429.1       90.2   5.50100e+01   9.77100e-01     2           1.95300e+01   2.40400e+00  
     2022         9        22         1        54        46          1       7100       5362 1663811686.000   1663811686.000    6.30000e+02     180.00      45.00   2.46500e+02   3.21500e+02     1369.6       77.6   1.00240e+02   1.68530e+00     2           2.16300e+01   2.41500e+00  
     2022         9        22         1        57        10          2       7100       5362 1663811830.000   1663811830.000    6.30000e+02     -90.00      45.00   2.46500e+02   3.21500e+02     1345.2       73.0   3.07900e+01   5.10500e-01     2           2.58600e+01   2.74600e+00  
     2022         9        22         2        18        10          3       7100       5362 1663813090.000   1663813090.000    6.30000e+02       0.00      45.00   2.59500e+02   3.34500e+02     1357.3      124.4   1.75200e+01   3.71100e-01     2           1.27400e+01   2.23000e+00  
     2022         9        22         2        20        34          4       7100       5362 1663813234.000   1663813234.000    6.30000e+02      90.00      45.00   2.59500e+02   3.34500e+02     1268.6      174.4   8.45300e+01   2.29290e+00     2           6.60000e+00   1.72200e+00  
     2022         9        22         2        22        58          5       7100       5362 1663813378.000   1663813378.000    6.30000e+02     180.00      45.00   2.59500e+02   3.34500e+02     1382.2      107.4  -7.50000e+00   1.45100e-01     2           1.32400e+01   2.00300e+00  
     2022         9        22         2        25        58          6       7100       5362 1663813558.000   1663813558.000    6.30000e+02     -90.00      45.00   2.59500e+02   3.34500e+02     1401.9      143.4  -3.31400e+01   7.48300e-01     2           1.11300e+01   2.16300e+00  
     2022         9        22         2        28        22          7       7100       5362 1663813702.000   1663813702.000    6.30000e+02       0.00      90.00   2.59500e+02   3.34500e+02     1396.5      117.0           nan           nan     2           1.72900e+01   2.74400e+00  
     2022         9        22         2        37        58          8       7100       5362 1663814278.000   1663814278.000    6.30000e+02     -90.00      45.00   2.59500e+02   3.34500e+02     1393.3       86.8  -3.34600e+01   5.84700e-01     2           2.65900e+01   3.16600e+00  
     2022         9        22         2        54        10          9       7100       5362 1663815250.000   1663815250.000    6.30000e+02     -90.00      45.00   2.59500e+02   3.34500e+02     1502.2       81.5   5.08600e+01   8.14500e-01     2           4.03700e+01   4.14400e+00  
     2022         9        22         2        58        58         10       7100       5362 1663815538.000   1663815538.000    6.30000e+02       0.00      45.00   2.70500e+02   3.45500e+02     1544.6       87.0   5.66000e+00   9.13000e-02     2           3.92800e+01   4.17200e+00  
     2022         9        22         3        12        46         11       7100       5362 1663816366.000   1663816366.000    6.30000e+02       0.00      90.00   2.70500e+02   3.45500e+02     1383.5       96.0           nan           nan     2           2.55300e+01   3.35400e+00  
     2022         9        22         3        17        34         12       7100       5362 1663816654.000   1663816654.000    6.30000e+02      90.00      45.00   2.70500e+02   3.45500e+02     1383.6       96.2   7.12600e+01   1.21450e+00     2           2.11000e+01   2.80700e+00  
     2022         9        22         3        20        34         13       7100       5362 1663816834.000   1663816834.000    6.30000e+02     180.00      45.00   2.70500e+02   3.45500e+02     1476.6      102.0   4.76600e+01   8.22500e-01     2           2.34300e+01   3.07300e+00  
     2022         9        22         3        30        10         14       7100       5362 1663817410.000   1663817410.000    6.30000e+02      90.00      45.00   2.70500e+02   3.45500e+02     1485.2      125.9   3.02800e+01   5.80300e-01     2           1.74300e+01   2.78700e+00  
     2022         9        22         3        41        34         15       7100       5362 1663818094.000   1663818094.000    6.30000e+02       0.00      90.00   2.70500e+02   3.45500e+02     1499.9       99.0           nan           nan     2           2.72400e+01   3.40000e+00  
     2022         9        22         3        43        58         16       7100       5362 1663818238.000   1663818238.000    6.30000e+02       0.00      45.00   2.70500e+02   3.45500e+02     1397.8       72.9  -3.93000e+00   5.83000e-02     2           3.82600e+01   3.81200e+00  
     2022         9        22         3        46        22         17       7100       5362 1663818382.000   1663818382.000    6.30000e+02      90.00      45.00   2.70500e+02   3.45500e+02     1406.6       69.9   4.17700e+01   6.13400e-01     2           3.24600e+01   3.13800e+00  
     2022         9        22         3        48        46         18       7100       5362 1663818526.000   1663818526.000    6.30000e+02     180.00      45.00   2.70500e+02   3.45500e+02     1384.1       81.8   4.25200e+01   6.72500e-01     2           2.77100e+01   3.14300e+00  
     2022         9        22         3        54        10         19       7100       5362 1663818850.000   1663818850.000    6.30000e+02       0.00      90.00   2.70500e+02   3.45500e+02     1554.7      113.8           nan           nan     2           2.41600e+01   3.32600e+00  
     2022         9        22         3        56        34         20       7100       5362 1663818994.000   1663818994.000    6.30000e+02       0.00      45.00   2.70500e+02   3.45500e+02     1364.6       68.9  -3.22300e+01   4.99400e-01     2           3.87700e+01   3.75600e+00  
     2022         9        22         3        58        58         21       7100       5362 1663819138.000   1663819138.000    6.30000e+02      90.00      45.00   2.73500e+02   3.48500e+02     1387.3       93.1   2.21900e+01   3.87200e-01     2           2.32400e+01   2.98000e+00  
     2022         9        22         4         1        22         22       7100       5362 1663819282.000   1663819282.000    6.30000e+02     180.00      45.00   2.73500e+02   3.48500e+02     1382.0       91.9   1.50000e-01   2.60000e-03     2           2.32900e+01   2.96100e+00  
     2022         9        22         4        15        10         23       7100       5362 1663820110.000   1663820110.000    6.30000e+02      90.00      45.00   2.73500e+02   3.48500e+02     1507.7       99.9   1.16000e+00   2.03000e-02     2           2.35800e+01   2.97900e+00  
     2022         9        22         4        17        34         24       7100       5362 1663820254.000   1663820254.000    6.30000e+02     180.00      45.00   2.73500e+02   3.48500e+02     1382.8       99.6   1.61400e+01   2.90000e-01     2           2.21500e+01   3.03200e+00  
     2022         9        22         4        22        22         25       7100       5362 1663820542.000   1663820542.000    6.30000e+02       0.00      90.00   2.73500e+02   3.48500e+02     1465.6      108.6           nan           nan     2           2.39600e+01   3.34300e+00  
     2022         9        22         4        27        10         26       7100       5362 1663820830.000   1663820830.000    6.30000e+02      90.00      45.00   2.73500e+02   3.48500e+02     1493.2      103.5   3.06000e+00   5.39000e-02     2           2.24200e+01   2.95700e+00  
     2022         9        22         5        12        10         27       7100       5362 1663823530.000   1663823530.000    6.30000e+02      90.00      45.00   2.73500e+02   3.48500e+02     1383.1       87.3   5.45100e+01   7.19400e-01     2           2.38400e+01   2.89400e+00  
     2022         9        22         5        16        58         28       7100       5362 1663823818.000   1663823818.000    6.30000e+02     -90.00      45.00   2.73500e+02   3.48500e+02     1535.5       87.1   3.62800e+01   4.46000e-01     2           4.01000e+01   4.28100e+00  
     2022         9        22         5        19        22         29       7100       5362 1663823962.000   1663823962.000    6.30000e+02       0.00      90.00   2.73500e+02   3.48500e+02     1361.9       55.3           nan           nan     2           4.49500e+01   3.57800e+00  
     2022         9        22         5        21        46         30       7100       5362 1663824106.000   1663824106.000    6.30000e+02       0.00      45.00   2.73500e+02   3.48500e+02     1499.2       80.3   2.18900e+01   2.55800e-01     2           3.78500e+01   3.85300e+00  
     2022         9        22         5        24        46         31       7100       5362 1663824286.000   1663824286.000    6.30000e+02      90.00      45.00   2.73500e+02   3.48500e+02     1360.7       60.9   3.19300e+01   3.27700e-01     2           3.50800e+01   3.09100e+00  
     2022         9        22         5        27        10         32       7100       5362 1663824430.000   1663824430.000    6.30000e+02     180.00      45.00   2.73500e+02   3.48500e+02     1323.1       63.8   4.06900e+01   4.32800e-01     2           3.36500e+01   3.16800e+00  
     2022         9        22         5        29        34         33       7100       5362 1663824574.000   1663824574.000    6.30000e+02     -90.00      45.00   2.73500e+02   3.48500e+02     1393.2       70.1   6.36000e+00   7.25000e-02     2           4.31300e+01   4.13700e+00  
     2022         9        22         5        35        34         34       7100       5362 1663824934.000   1663824934.000    6.30000e+02       0.00      90.00   2.73500e+02   3.48500e+02     1380.4       63.1           nan           nan     2           4.01300e+01   3.55700e+00  
     2022         9        22         5        37        58         35       7100       5362 1663825078.000   1663825078.000    6.30000e+02       0.00      45.00   2.73500e+02   3.48500e+02     1442.5       67.9  -3.52700e+01   3.97900e-01     2           4.16900e+01   3.77700e+00  
     2022         9        22         5        40        22         36       7100       5362 1663825222.000   1663825222.000    6.30000e+02      90.00      45.00   2.73500e+02   3.48500e+02     1340.0       56.5   2.08900e+01   2.15900e-01     1           3.71500e+01   3.10100e+00  
     2022         9        22         5        43        22         37       7100       5362 1663825402.000   1663825402.000    6.30000e+02     180.00      45.00   2.73500e+02   3.48500e+02     1359.4       64.6   2.22100e+01   2.49100e-01     2           3.43900e+01   3.19100e+00  
     2022         9        22         5        48        10         38       7100       5362 1663825690.000   1663825690.000    6.30000e+02       0.00      90.00   2.73500e+02   3.48500e+02     1278.9       62.5           nan           nan     2           3.41500e+01   3.25000e+00  
     2022         9        22         5        52        58         39       7100       5362 1663825978.000   1663825978.000    6.30000e+02      90.00      45.00   2.73500e+02   3.48500e+02     1404.6       98.6   3.33200e+01   4.68900e-01     2           2.12500e+01   2.84800e+00  
     2022         9        22         8         6        10         40       7100       5362 1663833970.000   1663833970.000    6.30000e+02     180.00      45.00   2.43500e+02   3.18500e+02     1305.6       60.8   3.05400e+01   4.24400e-01     2           3.73500e+01   3.38800e+00  
     2022         9        22         8        10        58         41       7100       5362 1663834258.000   1663834258.000    6.30000e+02       0.00      90.00   2.43500e+02   3.18500e+02     1353.6       89.5           nan           nan     2           2.69800e+01   3.38800e+00  
     2022         9        22         8        15        46         42       7100       5362 1663834546.000   1663834546.000    6.30000e+02      90.00      45.00   2.43500e+02   3.18500e+02     1264.3       37.7   5.40800e+01   6.48500e-01     2           8.36300e+01   4.88900e+00  
