   YEAR     MONTH      DAY       HOUR      MIN       SEC       RECNO     KINDAT      KINST       UT1_UNIX        UT2_UNIX        WAVLEN        AZM        ELM         ALTB          ALTE         TN         DTN        VNHLU         DVNHLU     FPI_DATAQUAL      RLE           DRLE     
     2022         9         4        22        29        34          0       7100       5362 1662330574.000   1662330574.000    6.30000e+02     180.00      45.00   2.24500e+02   2.99500e+02     1425.5       37.2   3.80900e+01   2.39300e-01     1           9.38400e+01   4.85300e+00  
     2022         9         4        22        34        22          1       7100       5362 1662330862.000   1662330862.000    6.30000e+02       0.00      90.00   2.24500e+02   2.99500e+02     1450.6       36.7           nan           nan     1           1.10080e+02   5.46700e+00  
     2022         9         4        22        37        22          2       7100       5362 1662331042.000   1662331042.000    6.30000e+02       0.00      45.00   2.24500e+02   2.99500e+02     1474.7       41.3   4.00000e-01   2.70000e-03     2           9.91400e+01   5.40300e+00  
     2022         9         4        22        39        46          3       7100       5362 1662331186.000   1662331186.000    6.30000e+02      90.00      45.00   2.24500e+02   2.99500e+02     1414.1       39.0   1.98900e+01   1.31000e-01     1           9.13200e+01   4.95200e+00  
     2022         9         4        22        42        10          4       7100       5362 1662331330.000   1662331330.000    6.30000e+02     180.00      45.00   2.24500e+02   2.99500e+02     1418.4       41.0   2.73000e+01   1.85300e-01     1           8.11900e+01   4.62400e+00  
     2022         9         4        22        44        34          5       7100       5362 1662331474.000   1662331474.000    6.30000e+02     -90.00      45.00   2.24500e+02   2.99500e+02     1451.7       44.9   5.73000e+00   4.09000e-02     2           7.90300e+01   4.77000e+00  
     2022         9         4        22        50        34          6       7100       5362 1662331834.000   1662331834.000    6.30000e+02       0.00      90.00   2.24500e+02   2.99500e+02     1440.4       40.2           nan           nan     1           8.82500e+01   4.85400e+00  
     2022         9         4        22        52        58          7       7100       5362 1662331978.000   1662331978.000    6.30000e+02       0.00      45.00   2.24500e+02   2.99500e+02     1416.5       38.9  -1.29000e+01   9.14000e-02     2           9.94100e+01   5.33300e+00  
     2022         9         4        22        55        22          8       7100       5362 1662332122.000   1662332122.000    6.30000e+02      90.00      45.00   2.24500e+02   2.99500e+02     1415.1       44.7   1.07500e+01   8.40000e-02     1           7.12600e+01   4.41900e+00  
     2022         9         4        22        58        22          9       7100       5362 1662332302.000   1662332302.000    6.30000e+02     180.00      45.00   2.24500e+02   2.99500e+02     1406.6       42.5   2.27100e+01   1.80600e-01     1           7.47500e+01   4.45200e+00  
     2022         9         4        23         0        46         10       7100       5362 1662332446.000   1662332446.000    6.30000e+02     -90.00      45.00   2.26500e+02   3.01500e+02     1427.8       52.9   2.21500e+01   2.05000e-01     2           6.11800e+01   4.39300e+00  
     2022         9         4        23         3        10         11       7100       5362 1662332590.000   1662332590.000    6.30000e+02       0.00      90.00   2.26500e+02   3.01500e+02     1483.3       57.0           nan           nan     2           5.86600e+01   4.35300e+00  
     2022         9         4        23         5        34         12       7100       5362 1662332734.000   1662332734.000    6.30000e+02       0.00      45.00   2.26500e+02   3.01500e+02     1480.0       49.9  -8.66000e+00   7.77000e-02     2           8.41800e+01   5.44200e+00  
     2022         9         4        23         7        58         13       7100       5362 1662332878.000   1662332878.000    6.30000e+02      90.00      45.00   2.26500e+02   3.01500e+02     1388.0       45.0  -6.72000e+00   5.60000e-02     2           7.24600e+01   4.58600e+00  
     2022         9         4        23        10        22         14       7100       5362 1662333022.000   1662333022.000    6.30000e+02     180.00      45.00   2.26500e+02   3.01500e+02     1403.1       41.9   3.12800e+01   2.42400e-01     2           8.02200e+01   4.70100e+00  
     2022         9         4        23        13        22         15       7100       5362 1662333202.000   1662333202.000    6.30000e+02     -90.00      45.00   2.26500e+02   3.01500e+02     1474.3       44.1   2.21700e+01   1.67700e-01     2           8.93600e+01   5.18800e+00  
     2022         9         4        23        19        22         16       7100       5362 1662333562.000   1662333562.000    6.30000e+02       0.00      90.00   2.26500e+02   3.01500e+02     1418.6       36.4           nan           nan     2           1.10230e+02   5.54400e+00  
     2022         9         4        23        21        46         17       7100       5362 1662333706.000   1662333706.000    6.30000e+02       0.00      45.00   2.26500e+02   3.01500e+02     1440.9       39.7  -8.52000e+00   5.75000e-02     2           1.14380e+02   6.08900e+00  
     2022         9         4        23        24        10         18       7100       5362 1662333850.000   1662333850.000    6.30000e+02      90.00      45.00   2.26500e+02   3.01500e+02     1386.2       41.4   1.12900e+01   8.04000e-02     2           8.81700e+01   5.12800e+00  
     2022         9         4        23        26        34         19       7100       5362 1662333994.000   1662333994.000    6.30000e+02     180.00      45.00   2.26500e+02   3.01500e+02     1437.3       50.3   2.67300e+01   2.10900e-01     2           6.95000e+01   4.70900e+00  
     2022         9         4        23        28        58         20       7100       5362 1662334138.000   1662334138.000    6.30000e+02     -90.00      45.00   2.26500e+02   3.01500e+02     1521.3       57.3   1.83800e+01   1.57200e-01     2           7.07000e+01   5.08200e+00  
     2022         9         4        23        31        58         21       7100       5362 1662334318.000   1662334318.000    6.30000e+02       0.00      90.00   2.26500e+02   3.01500e+02     1541.1       45.7           nan           nan     2           1.01590e+02   5.79400e+00  
     2022         9         4        23        34        22         22       7100       5362 1662334462.000   1662334462.000    6.30000e+02       0.00      45.00   2.26500e+02   3.01500e+02     1492.2       41.2   2.20400e+01   1.61800e-01     2           1.18720e+02   6.30200e+00  
     2022         9         4        23        36        46         23       7100       5362 1662334606.000   1662334606.000    6.30000e+02      90.00      45.00   2.26500e+02   3.01500e+02     1469.7       37.7   3.83600e+01   2.70500e-01     2           1.14420e+02   5.72500e+00  
     2022         9         4        23        39        10         24       7100       5362 1662334750.000   1662334750.000    6.30000e+02     180.00      45.00   2.26500e+02   3.01500e+02     1488.6       47.7   2.57500e+01   2.06200e-01     2           8.58000e+01   5.30200e+00  
     2022         9         4        23        41        34         25       7100       5362 1662334894.000   1662334894.000    6.30000e+02     -90.00      45.00   2.26500e+02   3.01500e+02     1547.0       48.7  -2.27600e+01   1.82200e-01     2           1.03120e+02   6.19000e+00  
     2022         9         4        23        47        34         26       7100       5362 1662335254.000   1662335254.000    6.30000e+02       0.00      90.00   2.26500e+02   3.01500e+02     1493.0       46.3           nan           nan     2           9.36200e+01   5.59000e+00  
     2022         9         4        23        50        34         27       7100       5362 1662335434.000   1662335434.000    6.30000e+02       0.00      45.00   2.26500e+02   3.01500e+02     1528.1       50.6  -9.20000e+00   7.94000e-02     2           9.29000e+01   5.86400e+00  
     2022         9         4        23        52        58         28       7100       5362 1662335578.000   1662335578.000    6.30000e+02      90.00      45.00   2.26500e+02   3.01500e+02     1516.0       53.7  -2.04100e+01   1.87800e-01     2           7.64500e+01   5.18900e+00  
     2022         9         4        23        55        22         29       7100       5362 1662335722.000   1662335722.000    6.30000e+02     180.00      45.00   2.26500e+02   3.01500e+02     1480.1       64.1   2.55800e+01   2.66800e-01     2           5.46700e+01   4.52000e+00  
     2022         9         4        23        57        46         30       7100       5362 1662335866.000   1662335866.000    6.30000e+02     -90.00      45.00   2.26500e+02   3.01500e+02     1623.9       72.9   4.40000e+00   4.84000e-02     2           5.80400e+01   4.92000e+00  
     2022         9         5         0         0        10         31       7100       5362 1662336010.000   1662336010.000    6.30000e+02       0.00      90.00   2.33500e+02   3.08500e+02     1549.2       63.7           nan           nan     2           6.37800e+01   4.98100e+00  
     2022         9         5         0         2        34         32       7100       5362 1662336154.000   1662336154.000    6.30000e+02       0.00      45.00   2.33500e+02   3.08500e+02     1650.2       87.5  -1.58700e+01   2.03100e-01     2           4.86900e+01   4.83000e+00  
     2022         9         5         0         5        34         33       7100       5362 1662336334.000   1662336334.000    6.30000e+02      90.00      45.00   2.33500e+02   3.08500e+02     1532.4       80.2  -3.79300e+01   4.75300e-01     2           4.43200e+01   4.37800e+00  
     2022         9         5         0         7        58         34       7100       5362 1662336478.000   1662336478.000    6.30000e+02     180.00      45.00   2.33500e+02   3.08500e+02     1488.3       77.0  -4.15400e+01   5.34700e-01     2           4.15200e+01   4.08000e+00  
     2022         9         5         0        10        22         35       7100       5362 1662336622.000   1662336622.000    6.30000e+02     -90.00      45.00   2.33500e+02   3.08500e+02     1533.7       80.1  -2.89000e+01   3.78200e-01     2           4.45600e+01   4.39200e+00  
     2022         9         5         0        16        22         36       7100       5362 1662336982.000   1662336982.000    6.30000e+02       0.00      90.00   2.33500e+02   3.08500e+02     1545.2       77.1           nan           nan     2           4.31200e+01   4.09100e+00  
     2022         9         5         0        18        46         37       7100       5362 1662337126.000   1662337126.000    6.30000e+02       0.00      45.00   2.33500e+02   3.08500e+02     1552.8       87.7  -2.99000e+01   4.18800e-01     2           4.11700e+01   4.37000e+00  
     2022         9         5         0        21        10         38       7100       5362 1662337270.000   1662337270.000    6.30000e+02      90.00      45.00   2.33500e+02   3.08500e+02     1552.4       90.2   2.28100e+01   3.25700e-01     2           3.41000e+01   3.75000e+00  
     2022         9         5         0        24        10         39       7100       5362 1662337450.000   1662337450.000    6.30000e+02     180.00      45.00   2.33500e+02   3.08500e+02     1454.0       80.9   3.59200e+01   4.92200e-01     2           3.43200e+01   3.63800e+00  
     2022         9         5         0        26        34         40       7100       5362 1662337594.000   1662337594.000    6.30000e+02     -90.00      45.00   2.33500e+02   3.08500e+02     1470.0       85.3  -2.28600e+01   3.28600e-01     2           3.68700e+01   4.04000e+00  
     2022         9         5         0        28        58         41       7100       5362 1662337738.000   1662337738.000    6.30000e+02       0.00      90.00   2.33500e+02   3.08500e+02     1511.1       75.6           nan           nan     2           4.27000e+01   4.06600e+00  
     2022         9         5         0        31        22         42       7100       5362 1662337882.000   1662337882.000    6.30000e+02       0.00      45.00   2.33500e+02   3.08500e+02     1568.1       77.0  -3.54200e+01   4.65800e-01     2           5.13300e+01   4.75200e+00  
     2022         9         5         0        33        46         43       7100       5362 1662338026.000   1662338026.000    6.30000e+02      90.00      45.00   2.33500e+02   3.08500e+02     1432.8       82.8  -3.59700e+01   5.02300e-01     2           3.24400e+01   3.56800e+00  
     2022         9         5         0        36        10         44       7100       5362 1662338170.000   1662338170.000    6.30000e+02     180.00      45.00   2.33500e+02   3.08500e+02     1482.9       79.6   2.15100e+01   2.83500e-01     2           3.48800e+01   3.57600e+00  
     2022         9         5         0        38        34         45       7100       5362 1662338314.000   1662338314.000    6.30000e+02     -90.00      45.00   2.33500e+02   3.08500e+02     1528.8       75.5  -1.79000e+01   2.25800e-01     2           4.36300e+01   4.09900e+00  
     2022         9         5         0        45        10         46       7100       5362 1662338710.000   1662338710.000    6.30000e+02       0.00      90.00   2.33500e+02   3.08500e+02     1573.6       69.4           nan           nan     2           4.83400e+01   4.08500e+00  
     2022         9         5         0        47        34         47       7100       5362 1662338854.000   1662338854.000    6.30000e+02       0.00      45.00   2.33500e+02   3.08500e+02     1446.1       62.3  -1.10600e+01   1.21500e-01     2           5.26800e+01   4.34800e+00  
     2022         9         5         0        49        58         48       7100       5362 1662338998.000   1662338998.000    6.30000e+02      90.00      45.00   2.33500e+02   3.08500e+02     1384.2       60.8  -4.79000e+00   5.15000e-02     2           4.57900e+01   3.88400e+00  
     2022         9         5         0        52        22         49       7100       5362 1662339142.000   1662339142.000    6.30000e+02     180.00      45.00   2.33500e+02   3.08500e+02     1473.3       66.3   1.05800e+01   1.12100e-01     2           4.37000e+01   3.79100e+00  
     2022         9         5         0        54        46         50       7100       5362 1662339286.000   1662339286.000    6.30000e+02     -90.00      45.00   2.33500e+02   3.08500e+02     1373.4       62.5   9.90000e-01   1.01000e-02     2           4.71200e+01   4.11600e+00  
     2022         9         5         0        57        10         51       7100       5362 1662339430.000   1662339430.000    6.30000e+02       0.00      90.00   2.33500e+02   3.08500e+02     1407.0       47.9           nan           nan     2           6.89200e+01   4.56500e+00  
     2022         9         5         1         0        10         52       7100       5362 1662339610.000   1662339610.000    6.30000e+02       0.00      45.00   2.47500e+02   3.22500e+02     1504.6       60.9  -2.22300e+01   2.13400e-01     2           5.92200e+01   4.59200e+00  
     2022         9         5         1         2        34         53       7100       5362 1662339754.000   1662339754.000    6.30000e+02      90.00      45.00   2.47500e+02   3.22500e+02     1409.1       60.3  -9.78000e+00   9.56000e-02     2           4.77500e+01   3.94800e+00  
     2022         9         5         1         4        58         54       7100       5362 1662339898.000   1662339898.000    6.30000e+02     180.00      45.00   2.47500e+02   3.22500e+02     1423.5       66.1   8.30000e+00   8.57000e-02     2           4.04900e+01   3.63000e+00  
     2022         9         5         1         7        22         55       7100       5362 1662340042.000   1662340042.000    6.30000e+02     -90.00      45.00   2.47500e+02   3.22500e+02     1446.0       65.0   1.11800e+01   1.14100e-01     2           4.63800e+01   4.00500e+00  
     2022         9         5         1        13        22         56       7100       5362 1662340402.000   1662340402.000    6.30000e+02       0.00      90.00   2.47500e+02   3.22500e+02     1425.2       54.7           nan           nan     2           5.35700e+01   4.00100e+00  
     2022         9         5         1        15        46         57       7100       5362 1662340546.000   1662340546.000    6.30000e+02       0.00      45.00   2.47500e+02   3.22500e+02     1406.9       53.8  -1.27100e+01   1.17900e-01     2           5.61400e+01   4.16500e+00  
     2022         9         5         1        18        46         58       7100       5362 1662340726.000   1662340726.000    6.30000e+02      90.00      45.00   2.47500e+02   3.22500e+02     1406.2       50.6   2.22900e+01   1.93200e-01     2           5.67300e+01   3.99600e+00  
     2022         9         5         1        21        10         59       7100       5362 1662340870.000   1662340870.000    6.30000e+02     180.00      45.00   2.47500e+02   3.22500e+02     1339.8       46.9   4.26100e+01   3.50100e-01     1           5.74900e+01   3.95900e+00  
     2022         9         5         1        23        34         60       7100       5362 1662341014.000   1662341014.000    6.30000e+02     -90.00      45.00   2.47500e+02   3.22500e+02     1396.9       47.5  -7.30000e+00   5.77000e-02     2           6.35000e+01   4.23200e+00  
     2022         9         5         1        25        58         61       7100       5362 1662341158.000   1662341158.000    6.30000e+02       0.00      90.00   2.47500e+02   3.22500e+02     1337.2       38.1           nan           nan     1           7.56300e+01   4.29200e+00  
     2022         9         5         1        28        22         62       7100       5362 1662341302.000   1662341302.000    6.30000e+02       0.00      45.00   2.47500e+02   3.22500e+02     1339.1       40.3   1.18600e+01   8.27000e-02     1           7.57200e+01   4.49800e+00  
     2022         9         5         1        30        46         63       7100       5362 1662341446.000   1662341446.000    6.30000e+02      90.00      45.00   2.47500e+02   3.22500e+02     1340.9       42.1   6.52000e+00   4.52000e-02     1           6.63000e+01   4.12600e+00  
     2022         9         5         1        33        46         64       7100       5362 1662341626.000   1662341626.000    6.30000e+02     180.00      45.00   2.47500e+02   3.22500e+02     1339.8       41.5   3.65800e+01   2.46800e-01     1           6.17000e+01   3.82400e+00  
     2022         9         5         1        36        10         65       7100       5362 1662341770.000   1662341770.000    6.30000e+02     -90.00      45.00   2.47500e+02   3.22500e+02     1361.2       40.5   1.44000e+01   9.40000e-02     1           6.90400e+01   4.09300e+00  
     2022         9         5         1        42        10         66       7100       5362 1662342130.000   1662342130.000    6.30000e+02       0.00      90.00   2.47500e+02   3.22500e+02     1328.3       29.1           nan           nan     1           1.02470e+02   4.58700e+00  
     2022         9         5         1        44        34         67       7100       5362 1662342274.000   1662342274.000    6.30000e+02       0.00      45.00   2.47500e+02   3.22500e+02     1343.6       32.9  -2.60000e-01   1.40000e-03     1           9.24200e+01   4.56200e+00  
     2022         9         5         1        46        58         68       7100       5362 1662342418.000   1662342418.000    6.30000e+02      90.00      45.00   2.47500e+02   3.22500e+02     1289.9       30.1   1.19000e+01   6.48000e-02     1           9.09400e+01   4.32900e+00  
     2022         9         5         1        49        22         69       7100       5362 1662342562.000   1662342562.000    6.30000e+02     180.00      45.00   2.47500e+02   3.22500e+02     1304.0       30.7   2.86300e+01   1.58300e-01     1           8.67700e+01   4.18100e+00  
     2022         9         5         1        52        22         70       7100       5362 1662342742.000   1662342742.000    6.30000e+02     -90.00      45.00   2.47500e+02   3.22500e+02     1330.8       32.5   1.32200e+01   7.51000e-02     1           8.99200e+01   4.44200e+00  
     2022         9         5         1        54        46         71       7100       5362 1662342886.000   1662342886.000    6.30000e+02       0.00      90.00   2.47500e+02   3.22500e+02     1323.1       31.8           nan           nan     1           8.98100e+01   4.38700e+00  
     2022         9         5         1        57        10         72       7100       5362 1662343030.000   1662343030.000    6.30000e+02       0.00      45.00   2.47500e+02   3.22500e+02     1338.6       30.9  -2.18400e+01   1.20300e-01     1           1.03210e+02   4.80500e+00  
     2022         9         5         1        59        34         73       7100       5362 1662343174.000   1662343174.000    6.30000e+02      90.00      45.00   2.63500e+02   3.38500e+02     1313.6       27.4   7.06000e+00   3.54000e-02     1           1.06950e+02   4.58200e+00  
     2022         9         5         2         1        58         74       7100       5362 1662343318.000   1662343318.000    6.30000e+02     180.00      45.00   2.63500e+02   3.38500e+02     1331.0       27.6   2.14300e+01   1.04800e-01     1           1.04020e+02   4.45300e+00  
     2022         9         5         2         4        22         75       7100       5362 1662343462.000   1662343462.000    6.30000e+02     -90.00      45.00   2.63500e+02   3.38500e+02     1325.6       27.2   3.01000e+00   1.43000e-02     1           1.13120e+02   4.76300e+00  
     2022         9         5         2        10        58         76       7100       5362 1662343858.000   1662343858.000    6.30000e+02       0.00      90.00   2.63500e+02   3.38500e+02     1306.4       22.5           nan           nan     1           1.40810e+02   5.05900e+00  
     2022         9         5         2        13        22         77       7100       5362 1662344002.000   1662344002.000    6.30000e+02       0.00      45.00   2.63500e+02   3.38500e+02     1333.8       23.8  -6.39000e+00   2.62000e-02     1           1.41590e+02   5.20600e+00  
     2022         9         5         2        15        46         78       7100       5362 1662344146.000   1662344146.000    6.30000e+02      90.00      45.00   2.63500e+02   3.38500e+02     1325.5       24.2   1.39800e+01   5.80000e-02     1           1.28900e+02   4.88000e+00  
     2022         9         5         2        18        10         79       7100       5362 1662344290.000   1662344290.000    6.30000e+02     180.00      45.00   2.63500e+02   3.38500e+02     1313.7       26.4   3.50400e+01   1.53900e-01     1           1.10560e+02   4.59200e+00  
     2022         9         5         2        20        34         80       7100       5362 1662344434.000   1662344434.000    6.30000e+02     -90.00      45.00   2.63500e+02   3.38500e+02     1318.1       28.4   1.81600e+01   8.37000e-02     1           1.11610e+02   4.87800e+00  
     2022         9         5         2        22        58         81       7100       5362 1662344578.000   1662344578.000    6.30000e+02       0.00      90.00   2.63500e+02   3.38500e+02     1352.9       23.5           nan           nan     1           1.43840e+02   5.17400e+00  
     2022         9         5         2        25        22         82       7100       5362 1662344722.000   1662344722.000    6.30000e+02       0.00      45.00   2.63500e+02   3.38500e+02     1348.5       28.5  -8.66000e+00   4.03000e-02     1           1.11060e+02   4.78600e+00  
     2022         9         5         2        28        22         83       7100       5362 1662344902.000   1662344902.000    6.30000e+02      90.00      45.00   2.63500e+02   3.38500e+02     1324.6       28.0   1.47900e+01   6.93000e-02     1           1.02840e+02   4.47600e+00  
     2022         9         5         2        30        46         84       7100       5362 1662345046.000   1662345046.000    6.30000e+02     180.00      45.00   2.63500e+02   3.38500e+02     1326.7       31.5   4.64500e+01   2.36200e-01     1           8.44200e+01   4.11100e+00  
     2022         9         5         2        33        10         85       7100       5362 1662345190.000   1662345190.000    6.30000e+02     -90.00      45.00   2.63500e+02   3.38500e+02     1383.5       36.0   1.13700e+01   6.30000e-02     1           7.97200e+01   4.18400e+00  
     2022         9         5         2        39        10         86       7100       5362 1662345550.000   1662345550.000    6.30000e+02       0.00      90.00   2.63500e+02   3.38500e+02     1342.8       28.7           nan           nan     1           1.04360e+02   4.56900e+00  
     2022         9         5         2        41        34         87       7100       5362 1662345694.000   1662345694.000    6.30000e+02       0.00      45.00   2.63500e+02   3.38500e+02     1365.5       32.7  -7.60000e+00   4.17000e-02     1           9.58700e+01   4.63000e+00  
     2022         9         5         2        44        34         88       7100       5362 1662345874.000   1662345874.000    6.30000e+02      90.00      45.00   2.63500e+02   3.38500e+02     1347.3       33.4   2.27300e+01   1.27900e-01     1           8.22100e+01   4.14500e+00  
     2022         9         5         2        46        58         89       7100       5362 1662346018.000   1662346018.000    6.30000e+02     180.00      45.00   2.63500e+02   3.38500e+02     1310.0       31.2   2.40000e+01   1.31100e-01     1           8.39500e+01   4.10000e+00  
     2022         9         5         2        49        22         90       7100       5362 1662346162.000   1662346162.000    6.30000e+02     -90.00      45.00   2.63500e+02   3.38500e+02     1344.5       40.3   1.13900e+01   7.28000e-02     1           6.49800e+01   3.90200e+00  
     2022         9         5         2        51        46         91       7100       5362 1662346306.000   1662346306.000    6.30000e+02       0.00      90.00   2.63500e+02   3.38500e+02     1361.2       31.5           nan           nan     1           9.05300e+01   4.28500e+00  
     2022         9         5         2        54        10         92       7100       5362 1662346450.000   1662346450.000    6.30000e+02       0.00      45.00   2.63500e+02   3.38500e+02     1365.2       39.4  -3.99000e+00   2.53000e-02     1           7.31500e+01   4.20600e+00  
     2022         9         5         2        56        34         93       7100       5362 1662346594.000   1662346594.000    6.30000e+02      90.00      45.00   2.63500e+02   3.38500e+02     1340.1       37.0   1.95300e+01   1.20300e-01     1           7.08900e+01   3.95100e+00  
     2022         9         5         2        59        34         94       7100       5362 1662346774.000   1662346774.000    6.30000e+02     180.00      45.00   2.78500e+02   3.53500e+02     1357.2       35.8   3.06900e+01   1.85500e-01     1           7.05300e+01   3.79900e+00  
     2022         9         5         3         1        58         95       7100       5362 1662346918.000   1662346918.000    6.30000e+02     -90.00      45.00   2.78500e+02   3.53500e+02     1384.9       42.0   1.04800e+01   6.98000e-02     1           6.50900e+01   3.94800e+00  
     2022         9         5         3         7        58         96       7100       5362 1662347278.000   1662347278.000    6.30000e+02       0.00      90.00   2.78500e+02   3.53500e+02     1358.7       34.2           nan           nan     1           7.86100e+01   4.03400e+00  
     2022         9         5         3        10        22         97       7100       5362 1662347422.000   1662347422.000    6.30000e+02       0.00      45.00   2.78500e+02   3.53500e+02     1365.2       38.6   2.25000e+00   1.46000e-02     1           7.52500e+01   4.24700e+00  
     2022         9         5         3        12        46         98       7100       5362 1662347566.000   1662347566.000    6.30000e+02      90.00      45.00   2.78500e+02   3.53500e+02     1329.8       37.1   2.20400e+01   1.37300e-01     1           6.70700e+01   3.79700e+00  
     2022         9         5         3        15        10         99       7100       5362 1662347710.000   1662347710.000    6.30000e+02     180.00      45.00   2.78500e+02   3.53500e+02     1347.4       37.4   2.41600e+01   1.48200e-01     0           6.41800e+01   3.63300e+00  
     2022         9         5         3        17        34        100       7100       5362 1662347854.000   1662347854.000    6.30000e+02     -90.00      45.00   2.78500e+02   3.53500e+02     1354.6       37.5   1.89700e+01   1.16400e-01     1           7.22100e+01   4.02500e+00  
     2022         9         5         3        20        34        101       7100       5362 1662348034.000   1662348034.000    6.30000e+02       0.00      90.00   2.78500e+02   3.53500e+02     1359.2       30.7           nan           nan     1           9.13800e+01   4.24300e+00  
     2022         9         5         3        22        58        102       7100       5362 1662348178.000   1662348178.000    6.30000e+02       0.00      45.00   2.78500e+02   3.53500e+02     1386.2       33.6   1.39000e+00   7.90000e-03     1           9.50400e+01   4.63500e+00  
     2022         9         5         3        25        22        103       7100       5362 1662348322.000   1662348322.000    6.30000e+02      90.00      45.00   2.78500e+02   3.53500e+02     1333.6       32.0   2.04900e+01   1.10400e-01     1           8.05600e+01   3.97800e+00  
     2022         9         5         3        27        46        104       7100       5362 1662348466.000   1662348466.000    6.30000e+02     180.00      45.00   2.78500e+02   3.53500e+02     1354.1       31.1   2.60400e+01   1.35500e-01     0           8.32000e+01   3.95100e+00  
     2022         9         5         3        30        10        105       7100       5362 1662348610.000   1662348610.000    6.30000e+02     -90.00      45.00   2.78500e+02   3.53500e+02     1363.9       30.9   3.08000e+01   1.58100e-01     1           9.61000e+01   4.43700e+00  
     2022         9         5         3        36        46        106       7100       5362 1662349006.000   1662349006.000    6.30000e+02       0.00      90.00   2.78500e+02   3.53500e+02     1339.6       24.9           nan           nan     1           1.16440e+02   4.53100e+00  
     2022         9         5         3        39        10        107       7100       5362 1662349150.000   1662349150.000    6.30000e+02       0.00      45.00   2.78500e+02   3.53500e+02     1356.5       32.0  -8.95000e+00   4.60000e-02     1           1.00190e+02   4.76100e+00  
     2022         9         5         3        41        34        108       7100       5362 1662349294.000   1662349294.000    6.30000e+02      90.00      45.00   2.78500e+02   3.53500e+02     1342.7       30.7   1.35500e+01   6.85000e-02     1           8.59700e+01   4.05900e+00  
     2022         9         5         3        43        58        109       7100       5362 1662349438.000   1662349438.000    6.30000e+02     180.00      45.00   2.78500e+02   3.53500e+02     1345.7       29.4   3.02900e+01   1.50400e-01     1           8.97200e+01   4.07300e+00  
     2022         9         5         3        46        22        110       7100       5362 1662349582.000   1662349582.000    6.30000e+02     -90.00      45.00   2.78500e+02   3.53500e+02     1334.2       29.5   2.26100e+01   1.14500e-01     1           9.64200e+01   4.37300e+00  
     2022         9         5         3        48        46        111       7100       5362 1662349726.000   1662349726.000    6.30000e+02       0.00      90.00   2.78500e+02   3.53500e+02     1350.5       28.7           nan           nan     1           9.27600e+01   4.10300e+00  
     2022         9         5         3        51        10        112       7100       5362 1662349870.000   1662349870.000    6.30000e+02       0.00      45.00   2.78500e+02   3.53500e+02     1351.7       36.0   5.40000e+00   3.10000e-02     1           8.51300e+01   4.52600e+00  
     2022         9         5         3        54        10        113       7100       5362 1662350050.000   1662350050.000    6.30000e+02      90.00      45.00   2.78500e+02   3.53500e+02     1331.0       30.1   1.92900e+01   9.89000e-02     0           8.23900e+01   3.87800e+00  
     2022         9         5         3        56        34        114       7100       5362 1662350194.000   1662350194.000    6.30000e+02     180.00      45.00   2.78500e+02   3.53500e+02     1319.8       27.4   2.97300e+01   1.45400e-01     0           9.16100e+01   4.00200e+00  
     2022         9         5         3        58        58        115       7100       5362 1662350338.000   1662350338.000    6.30000e+02     -90.00      45.00   2.85500e+02   3.60500e+02     1346.1       29.5   1.69700e+01   8.57000e-02     1           9.42700e+01   4.26100e+00  
     2022         9         5         4         4        58        116       7100       5362 1662350698.000   1662350698.000    6.30000e+02       0.00      90.00   2.85500e+02   3.60500e+02     1335.3       26.8           nan           nan     1           1.01750e+02   4.26600e+00  
     2022         9         5         4         7        22        117       7100       5362 1662350842.000   1662350842.000    6.30000e+02       0.00      45.00   2.85500e+02   3.60500e+02     1352.1       34.6  -1.66000e+00   9.10000e-03     1           8.49500e+01   4.37200e+00  
     2022         9         5         4         9        46        118       7100       5362 1662350986.000   1662350986.000    6.30000e+02      90.00      45.00   2.85500e+02   3.60500e+02     1317.0       29.3   6.94000e+00   3.42000e-02     0           8.28300e+01   3.85400e+00  
     2022         9         5         4        12        46        119       7100       5362 1662351166.000   1662351166.000    6.30000e+02     180.00      45.00   2.85500e+02   3.60500e+02     1327.2       28.9   3.11300e+01   1.49400e-01     0           8.48400e+01   3.87600e+00  
     2022         9         5         4        15        10        120       7100       5362 1662351310.000   1662351310.000    6.30000e+02     -90.00      45.00   2.85500e+02   3.60500e+02     1339.7       29.4   2.87700e+01   1.39500e-01     1           9.36000e+01   4.23700e+00  
     2022         9         5         4        17        34        121       7100       5362 1662351454.000   1662351454.000    6.30000e+02       0.00      90.00   2.85500e+02   3.60500e+02     1345.5       25.0           nan           nan     0           1.04020e+02   4.12300e+00  
     2022         9         5         4        19        58        122       7100       5362 1662351598.000   1662351598.000    6.30000e+02       0.00      45.00   2.85500e+02   3.60500e+02     1364.9       33.2   1.88600e+01   9.66000e-02     1           9.32100e+01   4.57100e+00  
     2022         9         5         4        22        22        123       7100       5362 1662351742.000   1662351742.000    6.30000e+02      90.00      45.00   2.85500e+02   3.60500e+02     1327.6       25.9   5.77000e+00   2.50000e-02     0           9.64900e+01   4.00400e+00  
     2022         9         5         4        24        46        124       7100       5362 1662351886.000   1662351886.000    6.30000e+02     180.00      45.00   2.85500e+02   3.60500e+02     1312.1       24.3   3.04000e+01   1.25100e-01     0           9.92300e+01   3.95400e+00  
     2022         9         5         4        27        46        125       7100       5362 1662352066.000   1662352066.000    6.30000e+02     -90.00      45.00   2.85500e+02   3.60500e+02     1324.7       26.0   1.82700e+01   7.71000e-02     1           1.07790e+02   4.41300e+00  
     2022         9         5         4        33        46        126       7100       5362 1662352426.000   1662352426.000    6.30000e+02       0.00      90.00   2.85500e+02   3.60500e+02     1338.3       20.2           nan           nan     1           1.47370e+02   4.78300e+00  
     2022         9         5         4        36        10        127       7100       5362 1662352570.000   1662352570.000    6.30000e+02       0.00      45.00   2.85500e+02   3.60500e+02     1351.0       24.7  -4.32000e+00   1.66000e-02     1           1.31410e+02   4.96800e+00  
     2022         9         5         4        38        34        128       7100       5362 1662352714.000   1662352714.000    6.30000e+02      90.00      45.00   2.85500e+02   3.60500e+02     1332.4       20.2   1.01900e+01   3.40000e-02     0           1.39580e+02   4.58900e+00  
     2022         9         5         4        40        58        129       7100       5362 1662352858.000   1662352858.000    6.30000e+02     180.00      45.00   2.85500e+02   3.60500e+02     1325.0       18.4   2.97800e+01   9.21000e-02     1           1.51180e+02   4.62200e+00  
     2022         9         5         4        43        22        130       7100       5362 1662353002.000   1662353002.000    6.30000e+02     -90.00      45.00   2.85500e+02   3.60500e+02     1348.9       19.2   2.26600e+01   7.00000e-02     1           1.67440e+02   5.11800e+00  
     2022         9         5         4        45        46        131       7100       5362 1662353146.000   1662353146.000    6.30000e+02       0.00      90.00   2.85500e+02   3.60500e+02     1321.9       15.6           nan           nan     1           2.02770e+02   5.29700e+00  
     2022         9         5         4        48        46        132       7100       5362 1662353326.000   1662353326.000    6.30000e+02       0.00      45.00   2.85500e+02   3.60500e+02     1323.1       18.5   8.71000e+00   2.61000e-02     1           1.78780e+02   5.35100e+00  
     2022         9         5         4        51        10        133       7100       5362 1662353470.000   1662353470.000    6.30000e+02      90.00      45.00   2.85500e+02   3.60500e+02     1326.9       15.7   8.47000e+00   2.30000e-02     1           1.88470e+02   5.00400e+00  
     2022         9         5         4        53        34        134       7100       5362 1662353614.000   1662353614.000    6.30000e+02     180.00      45.00   2.85500e+02   3.60500e+02     1321.1       15.2   3.29700e+01   8.84000e-02     1           2.02240e+02   5.19900e+00  
     2022         9         5         4        55        58        135       7100       5362 1662353758.000   1662353758.000    6.30000e+02     -90.00      45.00   2.85500e+02   3.60500e+02     1323.9       17.0   1.33500e+01   3.84000e-02     1           1.91210e+02   5.33600e+00  
     2022         9         5         5         1        58        136       7100       5362 1662354118.000   1662354118.000    6.30000e+02       0.00      90.00   2.87500e+02   3.62500e+02     1326.3       16.5           nan           nan     1           1.88500e+02   5.17700e+00  
     2022         9         5         5         4        58        137       7100       5362 1662354298.000   1662354298.000    6.30000e+02       0.00      45.00   2.87500e+02   3.62500e+02     1324.0       19.9   7.05000e+00   2.28000e-02     1           1.71810e+02   5.43200e+00  
     2022         9         5         5         7        22        138       7100       5362 1662354442.000   1662354442.000    6.30000e+02      90.00      45.00   2.87500e+02   3.62500e+02     1308.4       17.4   7.85000e+00   2.38000e-02     1           1.72750e+02   5.02900e+00  
     2022         9         5         5         9        46        139       7100       5362 1662354586.000   1662354586.000    6.30000e+02     180.00      45.00   2.87500e+02   3.62500e+02     1298.8       17.8   2.12400e+01   6.61000e-02     0           1.63690e+02   4.89600e+00  
     2022         9         5         5        12        10        140       7100       5362 1662354730.000   1662354730.000    6.30000e+02     -90.00      45.00   2.87500e+02   3.62500e+02     1335.9       19.7   8.84000e+00   2.93000e-02     1           1.60320e+02   5.06000e+00  
     2022         9         5         5        14        34        141       7100       5362 1662354874.000   1662354874.000    6.30000e+02       0.00      90.00   2.87500e+02   3.62500e+02     1317.8       18.5           nan           nan     0           1.57750e+02   4.83700e+00  
     2022         9         5         5        16        58        142       7100       5362 1662355018.000   1662355018.000    6.30000e+02       0.00      45.00   2.87500e+02   3.62500e+02     1329.2       22.3   3.66000e+00   1.33000e-02     1           1.43730e+02   5.04600e+00  
     2022         9         5         5        19        22        143       7100       5362 1662355162.000   1662355162.000    6.30000e+02      90.00      45.00   2.87500e+02   3.62500e+02     1297.7       22.2   1.49900e+01   5.54000e-02     0           1.18130e+02   4.33200e+00  
     2022         9         5         5        22        22        144       7100       5362 1662355342.000   1662355342.000    6.30000e+02     180.00      45.00   2.87500e+02   3.62500e+02     1301.0       21.5   2.29100e+01   8.37000e-02     0           1.19390e+02   4.27200e+00  
     2022         9         5         5        24        46        145       7100       5362 1662355486.000   1662355486.000    6.30000e+02     -90.00      45.00   2.87500e+02   3.62500e+02     1313.1       27.7   1.23400e+01   5.32000e-02     1           1.01160e+02   4.41300e+00  
     2022         9         5         5        30        46        146       7100       5362 1662355846.000   1662355846.000    6.30000e+02       0.00      90.00   2.87500e+02   3.62500e+02     1301.6       20.8           nan           nan     0           1.28620e+02   4.44700e+00  
     2022         9         5         5        33        10        147       7100       5362 1662355990.000   1662355990.000    6.30000e+02       0.00      45.00   2.87500e+02   3.62500e+02     1308.8       30.6   1.39000e+01   6.85000e-02     1           9.29900e+01   4.41900e+00  
     2022         9         5         5        35        34        148       7100       5362 1662356134.000   1662356134.000    6.30000e+02      90.00      45.00   2.87500e+02   3.62500e+02     1277.5       27.6   1.68300e+01   8.11000e-02     0           8.10100e+01   3.70800e+00  
     2022         9         5         5        37        58        149       7100       5362 1662356278.000   1662356278.000    6.30000e+02     180.00      45.00   2.87500e+02   3.62500e+02     1260.9       28.7   3.40800e+01   1.75100e-01     0           7.53400e+01   3.61600e+00  
     2022         9         5         5        40        58        150       7100       5362 1662356458.000   1662356458.000    6.30000e+02     -90.00      45.00   2.87500e+02   3.62500e+02     1311.1       37.7   2.34600e+01   1.45100e-01     0           6.18200e+01   3.62300e+00  
     2022         9         5         5        43        22        151       7100       5362 1662356602.000   1662356602.000    6.30000e+02       0.00      90.00   2.87500e+02   3.62500e+02     1293.0       32.3           nan           nan     0           6.37800e+01   3.34500e+00  
     2022         9         5         5        45        46        152       7100       5362 1662356746.000   1662356746.000    6.30000e+02       0.00      45.00   2.87500e+02   3.62500e+02     1264.3       39.1   1.42300e+01   9.90000e-02     1           5.86700e+01   3.66100e+00  
     2022         9         5         5        48        10        153       7100       5362 1662356890.000   1662356890.000    6.30000e+02      90.00      45.00   2.87500e+02   3.62500e+02     1260.8       41.1   2.63700e+01   1.91500e-01     0           4.79800e+01   3.18900e+00  
     2022         9         5         5        50        34        154       7100       5362 1662357034.000   1662357034.000    6.30000e+02     180.00      45.00   2.87500e+02   3.62500e+02     1235.0       41.6   3.24500e+01   2.48300e-01     0           4.26400e+01   2.94700e+00  
     2022         9         5         5        52        58        155       7100       5362 1662357178.000   1662357178.000    6.30000e+02     -90.00      45.00   2.87500e+02   3.62500e+02     1313.5       50.2   9.78000e+00   8.43000e-02     1           4.19700e+01   3.20400e+00  
     2022         9         5         5        59        34        156       7100       5362 1662357574.000   1662357574.000    6.30000e+02       0.00      90.00   2.89500e+02   3.64500e+02     1292.1       46.6           nan           nan     0           3.96000e+01   2.90500e+00  
     2022         9         5         6         1        58        157       7100       5362 1662357718.000   1662357718.000    6.30000e+02       0.00      45.00   2.89500e+02   3.64500e+02     1275.3       59.3  -5.45000e+00   5.59000e-02     2           3.79600e+01   3.44200e+00  
     2022         9         5         6         4        22        158       7100       5362 1662357862.000   1662357862.000    6.30000e+02      90.00      45.00   2.89500e+02   3.64500e+02     1220.6       52.5  -1.34400e+01   1.31200e-01     1           3.13700e+01   2.71400e+00  
     2022         9         5         6         6        46        159       7100       5362 1662358006.000   1662358006.000    6.30000e+02     180.00      45.00   2.89500e+02   3.64500e+02     1244.9       53.8   3.38000e+01   3.30100e-01     1           3.05300e+01   2.66000e+00  
     2022         9         5         6         9        10        160       7100       5362 1662358150.000   1662358150.000    6.30000e+02     -90.00      45.00   2.89500e+02   3.64500e+02     1236.3       64.0  -7.90000e-01   8.80000e-03     2           2.95200e+01   2.99100e+00  
     2022         9         5         6        11        34        161       7100       5362 1662358294.000   1662358294.000    6.30000e+02       0.00      90.00   2.89500e+02   3.64500e+02     1225.8       48.4           nan           nan     0           3.55200e+01   2.83400e+00  
     2022         9         5         6        14        34        162       7100       5362 1662358474.000   1662358474.000    6.30000e+02       0.00      45.00   2.89500e+02   3.64500e+02     1357.2       78.4  -1.53000e+00   1.94000e-02     2           3.05000e+01   3.37700e+00  
     2022         9         5         6        16        58        163       7100       5362 1662358618.000   1662358618.000    6.30000e+02      90.00      45.00   2.89500e+02   3.64500e+02     1177.3       64.9   2.78400e+01   3.25600e-01     2           2.36300e+01   2.57300e+00  
     2022         9         5         6        19        22        164       7100       5362 1662358762.000   1662358762.000    6.30000e+02     180.00      45.00   2.89500e+02   3.64500e+02     1241.3       69.5   1.74500e+01   2.10300e-01     1           2.22400e+01   2.46100e+00  
     2022         9         5         6        21        46        165       7100       5362 1662358906.000   1662358906.000    6.30000e+02     -90.00      45.00   2.89500e+02   3.64500e+02     1367.8       82.4  -2.59900e+01   3.39300e-01     2           2.52500e+01   2.93600e+00  
     2022         9         5         6        27        46        166       7100       5362 1662359266.000   1662359266.000    6.30000e+02       0.00      90.00   2.89500e+02   3.64500e+02     1234.5       56.7           nan           nan     1           2.95400e+01   2.71000e+00  
     2022         9         5         6        30        10        167       7100       5362 1662359410.000   1662359410.000    6.30000e+02       0.00      45.00   2.89500e+02   3.64500e+02     1344.7       95.6   1.89700e+01   2.85300e-01     2           2.42000e+01   3.26600e+00  
     2022         9         5         6        33        10        168       7100       5362 1662359590.000   1662359590.000    6.30000e+02      90.00      45.00   2.89500e+02   3.64500e+02     1159.1       68.0   2.50100e+01   3.25100e-01     2           2.18400e+01   2.52000e+00  
     2022         9         5         6        35        34        169       7100       5362 1662359734.000   1662359734.000    6.30000e+02     180.00      45.00   2.89500e+02   3.64500e+02     1205.2       70.9   4.51500e+01   6.05900e-01     1           1.99300e+01   2.32100e+00  
     2022         9         5         6        37        58        170       7100       5362 1662359878.000   1662359878.000    6.30000e+02     -90.00      45.00   2.89500e+02   3.64500e+02     1208.9       77.9   4.41300e+01   6.45800e-01     2           2.25000e+01   2.80500e+00  
     2022         9         5         6        40        22        171       7100       5362 1662360022.000   1662360022.000    6.30000e+02       0.00      90.00   2.89500e+02   3.64500e+02     1198.5       65.8           nan           nan     1           2.31300e+01   2.51200e+00  
     2022         9         5         6        42        46        172       7100       5362 1662360166.000   1662360166.000    6.30000e+02       0.00      45.00   2.89500e+02   3.64500e+02     1243.3       90.6   3.09700e+01   4.88600e-01     2           2.29900e+01   3.18600e+00  
     2022         9         5         6        45        10        173       7100       5362 1662360310.000   1662360310.000    6.30000e+02      90.00      45.00   2.89500e+02   3.64500e+02     1153.9       65.3  -6.84000e+00   9.00000e-02     1           2.19100e+01   2.45400e+00  
     2022         9         5         6        48        10        174       7100       5362 1662360490.000   1662360490.000    6.30000e+02     180.00      45.00   2.89500e+02   3.64500e+02     1249.9       68.2   5.85900e+01   7.58200e-01     1           2.23600e+01   2.42200e+00  
     2022         9         5         6        50        34        175       7100       5362 1662360634.000   1662360634.000    6.30000e+02     -90.00      45.00   2.89500e+02   3.64500e+02     1257.3       80.8   4.36200e+01   6.22100e-01     2           2.30800e+01   2.86200e+00  
     2022         9         5         6        56        34        176       7100       5362 1662360994.000   1662360994.000    6.30000e+02       0.00      90.00   2.89500e+02   3.64500e+02     1169.0       55.8           nan           nan     1           2.74300e+01   2.61600e+00  
     2022         9         5         6        58        58        177       7100       5362 1662361138.000   1662361138.000    6.30000e+02       0.00      45.00   2.84500e+02   3.59500e+02     1271.3       91.7   3.64600e+01   5.62300e-01     2           2.25600e+01   3.10000e+00  
     2022         9         5         7         1        22        178       7100       5362 1662361282.000   1662361282.000    6.30000e+02      90.00      45.00   2.84500e+02   3.59500e+02     1135.9       64.4   1.47600e+01   1.91900e-01     1           2.11600e+01   2.37900e+00  
     2022         9         5         7         3        46        179       7100       5362 1662361426.000   1662361426.000    6.30000e+02     180.00      45.00   2.84500e+02   3.59500e+02     1211.7       76.7   6.37500e+01   8.97900e-01     2           1.88500e+01   2.34400e+00  
     2022         9         5         7         6        10        180       7100       5362 1662361570.000   1662361570.000    6.30000e+02     -90.00      45.00   2.84500e+02   3.59500e+02     1313.2       88.8   3.45200e+01   5.28200e-01     2           2.14300e+01   2.78700e+00  
     2022         9         5         7         9        10        181       7100       5362 1662361750.000   1662361750.000    6.30000e+02       0.00      90.00   2.84500e+02   3.59500e+02     1200.3       66.7           nan           nan     1           2.26200e+01   2.48700e+00  
     2022         9         5         7        11        34        182       7100       5362 1662361894.000   1662361894.000    6.30000e+02       0.00      45.00   2.84500e+02   3.59500e+02     1211.5       98.3   6.28000e+00   1.06100e-01     2           1.80000e+01   2.78400e+00  
     2022         9         5         7        13        58        183       7100       5362 1662362038.000   1662362038.000    6.30000e+02      90.00      45.00   2.84500e+02   3.59500e+02     1152.5       89.5   2.55500e+01   4.27900e-01     2           1.48000e+01   2.23200e+00  
     2022         9         5         7        16        22        184       7100       5362 1662362182.000   1662362182.000    6.30000e+02     180.00      45.00   2.84500e+02   3.59500e+02     1153.1       80.7   2.95700e+01   4.80000e-01     2           1.57400e+01   2.16100e+00  
     2022         9         5         7        18        46        185       7100       5362 1662362326.000   1662362326.000    6.30000e+02     -90.00      45.00   2.84500e+02   3.59500e+02     1108.9      107.7   5.08700e+01   9.95400e-01     2           1.28000e+01   2.37100e+00  
     2022         9         5         7        24        46        186       7100       5362 1662362686.000   1662362686.000    6.30000e+02       0.00      90.00   2.84500e+02   3.59500e+02     1159.8       80.0           nan           nan     2           1.66500e+01   2.24900e+00  
     2022         9         5         7        27        46        187       7100       5362 1662362866.000   1662362866.000    6.30000e+02       0.00      45.00   2.84500e+02   3.59500e+02     1289.2      121.4   3.39300e+01   7.29800e-01     2           1.45300e+01   2.59400e+00  
     2022         9         5         7        30        10        188       7100       5362 1662363010.000   1662363010.000    6.30000e+02      90.00      45.00   2.84500e+02   3.59500e+02     1312.7      123.7  -2.75200e+01   6.23900e-01     2           1.24400e+01   2.23900e+00  
     2022         9         5         7        32        34        189       7100       5362 1662363154.000   1662363154.000    6.30000e+02     180.00      45.00   2.84500e+02   3.59500e+02     1150.3      124.9   9.21000e+00   2.31700e-01     2           9.98000e+00   2.06800e+00  
     2022         9         5         7        37        22        190       7100       5362 1662363442.000   1662363442.000    6.30000e+02       0.00      90.00   2.84500e+02   3.59500e+02     1095.0      119.2           nan           nan     2           1.07400e+01   2.22700e+00  
     2022         9         5         7        42        46        191       7100       5362 1662363766.000   1662363766.000    6.30000e+02      90.00      45.00   2.84500e+02   3.59500e+02     1194.7      134.9  -4.80400e+01   1.30090e+00     2           1.01000e+01   2.16600e+00  
     2022         9         5         7        45        10        192       7100       5362 1662363910.000   1662363910.000    6.30000e+02     180.00      45.00   2.84500e+02   3.59500e+02     1186.7      128.8   3.30000e+00   8.66000e-02     2           1.00300e+01   2.07800e+00  
     2022         9         5         8         1        22        193       7100       5362 1662364882.000   1662364882.000    6.30000e+02     180.00      45.00   2.70500e+02   3.45500e+02     1293.4      147.8  -1.33500e+01   3.45300e-01     2           9.11000e+00   1.98200e+00  
     2022         9         5         8         6        10        194       7100       5362 1662365170.000   1662365170.000    6.30000e+02       0.00      90.00   2.70500e+02   3.45500e+02     1236.0      112.2           nan           nan     2           1.27900e+01   2.22800e+00  
     2022         9         5         8        10        58        195       7100       5362 1662365458.000   1662365458.000    6.30000e+02      90.00      45.00   2.70500e+02   3.45500e+02     1252.0       83.5   3.77500e+01   6.69400e-01     2           1.92300e+01   2.49200e+00  
     2022         9         5         8        13        22        196       7100       5362 1662365602.000   1662365602.000    6.30000e+02     180.00      45.00   2.70500e+02   3.45500e+02     1217.3       66.7   2.41100e+01   3.60200e-01     2           2.42600e+01   2.62000e+00  
     2022         9         5         8        15        46        197       7100       5362 1662365746.000   1662365746.000    6.30000e+02     -90.00      45.00   2.70500e+02   3.45500e+02     1235.5       71.0   3.70000e+00   5.48000e-02     2           2.86600e+01   3.18000e+00  
     2022         9         5         8        22        22        198       7100       5362 1662366142.000   1662366142.000    6.30000e+02       0.00      90.00   2.70500e+02   3.45500e+02     1252.8       48.4           nan           nan     2           5.35800e+01   4.04100e+00  
     2022         9         5         8        24        46        199       7100       5362 1662366286.000   1662366286.000    6.30000e+02       0.00      45.00   2.70500e+02   3.45500e+02     1336.3       57.9  -1.05000e+00   1.11000e-02     2           5.81400e+01   4.80700e+00  
     2022         9         5         8        27        10        200       7100       5362 1662366430.000   1662366430.000    6.30000e+02      90.00      45.00   2.70500e+02   3.45500e+02     1353.3       51.7   5.23800e+01   5.19800e-01     2           7.55400e+01   5.49900e+00  
     2022         9         5         8        29        34        201       7100       5362 1662366574.000   1662366574.000    6.30000e+02     180.00      45.00   2.70500e+02   3.45500e+02     1464.2       54.5   5.49000e+01   5.46100e-01     2           9.63900e+01   6.74900e+00  
