   YEAR     MONTH      DAY       HOUR      MIN       SEC       RECNO     KINDAT      KINST       UT1_UNIX        UT2_UNIX        WAVLEN        AZM        ELM         ALTB          ALTE         TN         DTN        VNHLU         DVNHLU     FPI_DATAQUAL      RLE           DRLE     
     2022         9        17        23        37        58          0       7100       5362 1663457878.000   1663457878.000    6.30000e+02       0.00      45.00   2.23500e+02   2.98500e+02     1305.8       15.4   1.86600e+01   5.27000e-02     2           2.73370e+02   6.80800e+00  
     2022         9        17        23        54        10          1       7100       5362 1663458850.000   1663458850.000    6.30000e+02       0.00      45.00   2.23500e+02   2.98500e+02     1309.7       15.3  -1.90900e+01   5.35000e-02     2           2.66600e+02   6.62200e+00  
     2022         9        18         0         1        22          2       7100       5362 1663459282.000   1663459282.000    6.30000e+02     -90.00      45.00   2.32500e+02   3.07500e+02     1309.9       16.0  -1.89100e+01   5.40000e-02     2           2.35650e+02   6.15600e+00  
     2022         9        18         0         6        46          3       7100       5362 1663459606.000   1663459606.000    6.30000e+02       0.00      45.00   2.32500e+02   3.07500e+02     1321.1       21.0  -7.97000e+00   2.63000e-02     2           1.78180e+02   5.85600e+00  
     2022         9        18         0        11        34          4       7100       5362 1663459894.000   1663459894.000    6.30000e+02     180.00      45.00   2.32500e+02   3.07500e+02     1306.1       15.1  -2.23100e+01   6.13000e-02     2           2.02550e+02   5.22000e+00  
     2022         9        18         0        22        22          5       7100       5362 1663460542.000   1663460542.000    6.30000e+02       0.00      45.00   2.32500e+02   3.07500e+02     1337.8       26.8   2.42700e+01   9.27000e-02     2           1.41830e+02   5.70200e+00  
     2022         9        18         0        25        22          6       7100       5362 1663460722.000   1663460722.000    6.30000e+02      90.00      45.00   2.32500e+02   3.07500e+02     1301.6       17.2   7.49000e+01   2.20100e-01     2           1.59480e+02   4.67500e+00  
     2022         9        18         0        27        46          7       7100       5362 1663460866.000   1663460866.000    6.30000e+02     180.00      45.00   2.32500e+02   3.07500e+02     1328.4       20.2  -2.59100e+01   8.23000e-02     2           1.33390e+02   4.43100e+00  
     2022         9        18         0        32        34          8       7100       5362 1663461154.000   1663461154.000    6.30000e+02       0.00      90.00   2.32500e+02   3.07500e+02     1320.8       19.0           nan           nan     2           1.47010e+02   4.62300e+00  
     2022         9        18         0        37        22          9       7100       5362 1663461442.000   1663461442.000    6.30000e+02      90.00      45.00   2.32500e+02   3.07500e+02     1298.2       20.2   6.48500e+01   2.11400e-01     2           1.25090e+02   4.26300e+00  
     2022         9        18         0        39        46         10       7100       5362 1663461586.000   1663461586.000    6.30000e+02     180.00      45.00   2.32500e+02   3.07500e+02     1330.1       23.3  -5.40900e+01   1.89800e-01     2           1.02400e+02   3.90000e+00  
     2022         9        18         0        42        46         11       7100       5362 1663461766.000   1663461766.000    6.30000e+02     -90.00      45.00   2.32500e+02   3.07500e+02     1328.3       16.6  -6.35200e+01   1.90000e-01     2           1.96710e+02   5.36000e+00  
     2022         9        18         0        48        46         12       7100       5362 1663462126.000   1663462126.000    6.30000e+02       0.00      90.00   2.32500e+02   3.07500e+02     1301.8       21.1           nan           nan     2           1.17530e+02   4.15800e+00  
     2022         9        18         0        51        10         13       7100       5362 1663462270.000   1663462270.000    6.30000e+02       0.00      45.00   2.32500e+02   3.07500e+02     1300.7       19.8   4.98200e+01   1.73400e-01     2           1.58690e+02   5.13200e+00  
     2022         9        18         0        53        34         14       7100       5362 1663462414.000   1663462414.000    6.30000e+02      90.00      45.00   2.32500e+02   3.07500e+02     1299.0       24.4   4.44300e+01   1.75500e-01     2           1.00580e+02   4.03000e+00  
     2022         9        18         0        55        58         15       7100       5362 1663462558.000   1663462558.000    6.30000e+02     180.00      45.00   2.32500e+02   3.07500e+02     1307.2       27.5  -1.37000e+01   5.93000e-02     2           8.44400e+01   3.76300e+00  
     2022         9        18         0        58        22         16       7100       5362 1663462702.000   1663462702.000    6.30000e+02     -90.00      45.00   2.32500e+02   3.07500e+02     1329.5       23.8  -3.38100e+01   1.38000e-01     2           1.20750e+02   4.54800e+00  
     2022         9        18         1         1        22         17       7100       5362 1663462882.000   1663462882.000    6.30000e+02       0.00      90.00   2.44500e+02   3.19500e+02     1310.9       26.9           nan           nan     2           8.15900e+01   3.59000e+00  
     2022         9        18         1         3        46         18       7100       5362 1663463026.000   1663463026.000    6.30000e+02       0.00      45.00   2.44500e+02   3.19500e+02     1311.3       20.6   5.71000e+01   2.24600e-01     2           1.66770e+02   5.46400e+00  
     2022         9        18         1         6        10         19       7100       5362 1663463170.000   1663463170.000    6.30000e+02      90.00      45.00   2.44500e+02   3.19500e+02     1290.5       24.2   7.20000e+01   3.02800e-01     2           9.17800e+01   3.72700e+00  
     2022         9        18         1         8        34         20       7100       5362 1663463314.000   1663463314.000    6.30000e+02     180.00      45.00   2.44500e+02   3.19500e+02     1290.7       27.5  -3.95300e+01   1.76300e-01     2           7.94500e+01   3.60300e+00  
     2022         9        18         1        10        58         21       7100       5362 1663463458.000   1663463458.000    6.30000e+02     -90.00      45.00   2.44500e+02   3.19500e+02     1327.6       22.0  -2.12600e+01   8.50000e-02     2           1.47680e+02   5.12300e+00  
     2022         9        18         1        16        58         22       7100       5362 1663463818.000   1663463818.000    6.30000e+02       0.00      90.00   2.44500e+02   3.19500e+02     1297.0       25.6           nan           nan     2           8.46900e+01   3.60500e+00  
     2022         9        18         1        19        58         23       7100       5362 1663463998.000   1663463998.000    6.30000e+02       0.00      45.00   2.44500e+02   3.19500e+02     1290.9       16.9   6.85000e+01   2.38800e-01     2           1.67450e+02   4.84900e+00  
     2022         9        18         1        22        22         24       7100       5362 1663464142.000   1663464142.000    6.30000e+02      90.00      45.00   2.44500e+02   3.19500e+02     1276.2       24.4   7.89800e+01   3.26100e-01     2           9.23400e+01   3.79800e+00  
     2022         9        18         1        24        46         25       7100       5362 1663464286.000   1663464286.000    6.30000e+02     180.00      45.00   2.44500e+02   3.19500e+02     1313.3       25.6  -2.53200e+01   1.05300e-01     2           9.16500e+01   3.82200e+00  
     2022         9        18         1        27        10         26       7100       5362 1663464430.000   1663464430.000    6.30000e+02     -90.00      45.00   2.44500e+02   3.19500e+02     1303.8       19.6  -5.53600e+01   2.02000e-01     2           1.47060e+02   4.76300e+00  
     2022         9        18         1        29        34         27       7100       5362 1663464574.000   1663464574.000    6.30000e+02       0.00      90.00   2.44500e+02   3.19500e+02     1292.2       24.5           nan           nan     2           8.65400e+01   3.57900e+00  
     2022         9        18         1        31        58         28       7100       5362 1663464718.000   1663464718.000    6.30000e+02       0.00      45.00   2.44500e+02   3.19500e+02     1303.4       18.4   7.47900e+01   2.63300e-01     2           1.52370e+02   4.71000e+00  
     2022         9        18         1        34        58         29       7100       5362 1663464898.000   1663464898.000    6.30000e+02      90.00      45.00   2.44500e+02   3.19500e+02     1302.7       24.5   1.05900e+02   4.23200e-01     2           8.62500e+01   3.54800e+00  
     2022         9        18         1        37        22         30       7100       5362 1663465042.000   1663465042.000    6.30000e+02     180.00      45.00   2.44500e+02   3.19500e+02     1284.3       23.5  -4.74000e+01   1.86100e-01     2           9.31300e+01   3.71700e+00  
     2022         9        18         1        39        46         31       7100       5362 1663465186.000   1663465186.000    6.30000e+02     -90.00      45.00   2.44500e+02   3.19500e+02     1293.0       17.4  -8.79300e+01   2.98700e-01     2           1.53390e+02   4.59000e+00  
     2022         9        18         1        45        46         32       7100       5362 1663465546.000   1663465546.000    6.30000e+02       0.00      90.00   2.44500e+02   3.19500e+02     1279.4       23.4           nan           nan     2           9.11800e+01   3.65000e+00  
     2022         9        18         1        48        10         33       7100       5362 1663465690.000   1663465690.000    6.30000e+02       0.00      45.00   2.44500e+02   3.19500e+02     1290.4       15.5   6.39000e+01   2.03500e-01     2           1.84620e+02   4.97100e+00  
     2022         9        18         1        50        34         34       7100       5362 1663465834.000   1663465834.000    6.30000e+02      90.00      45.00   2.44500e+02   3.19500e+02     1278.4       22.4   1.01110e+02   3.79200e-01     2           9.72400e+01   3.73500e+00  
     2022         9        18         1        53        34         35       7100       5362 1663466014.000   1663466014.000    6.30000e+02     180.00      45.00   2.44500e+02   3.19500e+02     1249.7       21.0  -4.77100e+01   1.72000e-01     2           1.01060e+02   3.76200e+00  
     2022         9        18         1        55        58         36       7100       5362 1663466158.000   1663466158.000    6.30000e+02     -90.00      45.00   2.44500e+02   3.19500e+02     1276.7       15.8  -8.42100e+01   2.62000e-01     2           1.82090e+02   5.00700e+00  
     2022         9        18         1        58        22         37       7100       5362 1663466302.000   1663466302.000    6.30000e+02       0.00      90.00   2.44500e+02   3.19500e+02     1253.7       21.0           nan           nan     2           1.07510e+02   3.94900e+00  
     2022         9        18         2         0        46         38       7100       5362 1663466446.000   1663466446.000    6.30000e+02       0.00      45.00   2.55500e+02   3.30500e+02     1251.2       14.1   5.95400e+01   1.73200e-01     2           2.08680e+02   5.26900e+00  
     2022         9        18         2         3        10         39       7100       5362 1663466590.000   1663466590.000    6.30000e+02      90.00      45.00   2.55500e+02   3.30500e+02     1253.5       19.6   9.39900e+01   3.11800e-01     2           1.17250e+02   4.05100e+00  
     2022         9        18         2         5        34         40       7100       5362 1663466734.000   1663466734.000    6.30000e+02     180.00      45.00   2.55500e+02   3.30500e+02     1247.8       19.4  -4.63800e+01   1.51100e-01     2           1.16580e+02   4.02300e+00  
     2022         9        18         2         8        34         41       7100       5362 1663466914.000   1663466914.000    6.30000e+02     -90.00      45.00   2.55500e+02   3.30500e+02     1272.4       16.5  -4.42500e+01   1.31400e-01     2           1.89200e+02   5.32400e+00  
     2022         9        18         2        14        34         42       7100       5362 1663467274.000   1663467274.000    6.30000e+02       0.00      90.00   2.55500e+02   3.30500e+02     1245.6       17.2           nan           nan     2           1.41130e+02   4.35900e+00  
     2022         9        18         2        16        58         43       7100       5362 1663467418.000   1663467418.000    6.30000e+02       0.00      45.00   2.55500e+02   3.30500e+02     1246.5       14.6   5.42000e+01   1.44300e-01     2           2.11360e+02   5.45900e+00  
     2022         9        18         2        19        22         44       7100       5362 1663467562.000   1663467562.000    6.30000e+02      90.00      45.00   2.55500e+02   3.30500e+02     1229.4       17.0   8.25400e+01   2.36900e-01     2           1.45470e+02   4.47100e+00  
     2022         9        18         2        21        46         45       7100       5362 1663467706.000   1663467706.000    6.30000e+02     180.00      45.00   2.55500e+02   3.30500e+02     1260.8       18.7  -2.25200e+01   6.70000e-02     2           1.33850e+02   4.36900e+00  
     2022         9        18         2        24        10         46       7100       5362 1663467850.000   1663467850.000    6.30000e+02     -90.00      45.00   2.55500e+02   3.30500e+02     1275.0       26.0  -2.90300e+01   1.06500e-01     2           1.15050e+02   4.81200e+00  
     2022         9        18         2        27        10         47       7100       5362 1663468030.000   1663468030.000    6.30000e+02       0.00      90.00   2.55500e+02   3.30500e+02     1223.5       16.3           nan           nan     2           1.49260e+02   4.46200e+00  
     2022         9        18         2        29        34         48       7100       5362 1663468174.000   1663468174.000    6.30000e+02       0.00      45.00   2.55500e+02   3.30500e+02     1243.4       19.4   3.98900e+01   1.23600e-01     2           1.56410e+02   5.15400e+00  
     2022         9        18         2        31        58         49       7100       5362 1663468318.000   1663468318.000    6.30000e+02      90.00      45.00   2.55500e+02   3.30500e+02     1247.7       20.4   2.59200e+01   8.27000e-02     2           1.27510e+02   4.47800e+00  
     2022         9        18         2        34        22         50       7100       5362 1663468462.000   1663468462.000    6.30000e+02     180.00      45.00   2.55500e+02   3.30500e+02     1241.9       17.5  -3.31400e+01   9.68000e-02     2           1.41460e+02   4.42000e+00  
     2022         9        18         2        36        46         51       7100       5362 1663468606.000   1663468606.000    6.30000e+02     -90.00      45.00   2.55500e+02   3.30500e+02     1268.2       23.0  -2.07400e+01   7.25000e-02     2           1.35310e+02   5.08600e+00  
     2022         9        18         2        42        46         52       7100       5362 1663468966.000   1663468966.000    6.30000e+02       0.00      90.00   2.55500e+02   3.30500e+02     1251.6       18.1           nan           nan     2           1.44230e+02   4.56800e+00  
     2022         9        18         2        45        46         53       7100       5362 1663469146.000   1663469146.000    6.30000e+02       0.00      45.00   2.55500e+02   3.30500e+02     1247.5       18.4   2.73000e+01   8.56000e-02     2           1.78660e+02   5.55300e+00  
     2022         9        18         2        48        10         54       7100       5362 1663469290.000   1663469290.000    6.30000e+02      90.00      45.00   2.55500e+02   3.30500e+02     1248.3       19.4   1.95700e+01   6.24000e-02     2           1.29940e+02   4.39800e+00  
     2022         9        18         2        50        34         55       7100       5362 1663469434.000   1663469434.000    6.30000e+02     180.00      45.00   2.55500e+02   3.30500e+02     1271.6       26.4   2.74900e+01   1.04100e-01     2           9.04200e+01   3.96000e+00  
     2022         9        18         2        52        58         56       7100       5362 1663469578.000   1663469578.000    6.30000e+02     -90.00      45.00   2.55500e+02   3.30500e+02     1239.3       18.6  -3.96300e+01   1.24400e-01     2           1.64830e+02   5.24500e+00  
     2022         9        18         2        55        22         57       7100       5362 1663469722.000   1663469722.000    6.30000e+02       0.00      90.00   2.55500e+02   3.30500e+02     1257.1       18.2           nan           nan     2           1.42300e+02   4.51700e+00  
     2022         9        18         2        57        46         58       7100       5362 1663469866.000   1663469866.000    6.30000e+02       0.00      45.00   2.55500e+02   3.30500e+02     1283.6       23.5   1.73000e+01   6.30000e-02     2           1.38400e+02   5.21600e+00  
     2022         9        18         3         0        46         59       7100       5362 1663470046.000   1663470046.000    6.30000e+02      90.00      45.00   2.66500e+02   3.41500e+02     1225.2       20.0   2.26700e+01   7.56000e-02     2           1.20990e+02   4.27700e+00  
     2022         9        18         3         3        10         60       7100       5362 1663470190.000   1663470190.000    6.30000e+02     180.00      45.00   2.66500e+02   3.41500e+02     1178.4       18.2  -2.59300e+01   8.42000e-02     2           1.22410e+02   4.17100e+00  
     2022         9        18         3         5        34         61       7100       5362 1663470334.000   1663470334.000    6.30000e+02     -90.00      45.00   2.66500e+02   3.41500e+02     1251.3       16.2  -5.62700e+01   1.72200e-01     2           1.81260e+02   5.14200e+00  
     2022         9        18         3        11        34         62       7100       5362 1663470694.000   1663470694.000    6.30000e+02       0.00      90.00   2.66500e+02   3.41500e+02     1250.6       20.4           nan           nan     2           1.23800e+02   4.35600e+00  
     2022         9        18         3        13        58         63       7100       5362 1663470838.000   1663470838.000    6.30000e+02       0.00      45.00   2.66500e+02   3.41500e+02     1262.9       21.0   3.01200e+01   1.08800e-01     2           1.47350e+02   5.13100e+00  
     2022         9        18         3        16        22         64       7100       5362 1663470982.000   1663470982.000    6.30000e+02      90.00      45.00   2.66500e+02   3.41500e+02     1261.2       20.7   6.10900e+01   2.15500e-01     2           1.15830e+02   4.14900e+00  
     2022         9        18         3        19        22         65       7100       5362 1663471162.000   1663471162.000    6.30000e+02     180.00      45.00   2.66500e+02   3.41500e+02     1261.2       20.3  -3.02300e+01   1.06200e-01     2           1.14470e+02   4.05600e+00  
     2022         9        18         3        21        46         66       7100       5362 1663471306.000   1663471306.000    6.30000e+02     -90.00      45.00   2.66500e+02   3.41500e+02     1286.5       34.2  -1.30900e+01   6.46000e-02     1           9.03900e+01   4.78200e+00  
     2022         9        18         3        24        10         67       7100       5362 1663471450.000   1663471450.000    6.30000e+02       0.00      90.00   2.66500e+02   3.41500e+02     1259.2       21.5           nan           nan     2           1.05850e+02   3.95000e+00  
     2022         9        18         3        26        34         68       7100       5362 1663471594.000   1663471594.000    6.30000e+02       0.00      45.00   2.66500e+02   3.41500e+02     1273.8       26.2   2.58200e+01   1.07700e-01     2           1.12050e+02   4.72600e+00  
     2022         9        18         3        28        58         69       7100       5362 1663471738.000   1663471738.000    6.30000e+02      90.00      45.00   2.66500e+02   3.41500e+02     1261.2       25.9   5.34700e+01   2.20200e-01     2           8.90700e+01   3.86900e+00  
     2022         9        18         3        31        22         70       7100       5362 1663471882.000   1663471882.000    6.30000e+02     180.00      45.00   2.66500e+02   3.41500e+02     1259.6       23.0  -2.63400e+01   1.01900e-01     2           9.66400e+01   3.82700e+00  
     2022         9        18         3        33        46         71       7100       5362 1663472026.000   1663472026.000    6.30000e+02     -90.00      45.00   2.66500e+02   3.41500e+02     1245.5       20.4  -3.90300e+01   1.43700e-01     2           1.35700e+02   4.72500e+00  
     2022         9        18         3        40        22         72       7100       5362 1663472422.000   1663472422.000    6.30000e+02       0.00      90.00   2.66500e+02   3.41500e+02     1265.2       23.5           nan           nan     2           9.25100e+01   3.73400e+00  
     2022         9        18         3        42        46         73       7100       5362 1663472566.000   1663472566.000    6.30000e+02       0.00      45.00   2.66500e+02   3.41500e+02     1281.0       34.5   2.39500e+01   1.23000e-01     1           8.12000e+01   4.38300e+00  
     2022         9        18         3        45        10         74       7100       5362 1663472710.000   1663472710.000    6.30000e+02      90.00      45.00   2.66500e+02   3.41500e+02     1278.1       24.7   3.03400e+01   1.25000e-01     2           8.80900e+01   3.68100e+00  
     2022         9        18         3        47        34         75       7100       5362 1663472854.000   1663472854.000    6.30000e+02     180.00      45.00   2.66500e+02   3.41500e+02     1245.7       24.4  -4.02600e+01   1.67300e-01     2           8.44400e+01   3.58600e+00  
     2022         9        18         3        49        58         76       7100       5362 1663472998.000   1663472998.000    6.30000e+02     -90.00      45.00   2.66500e+02   3.41500e+02     1281.9       23.6  -3.88100e+01   1.60500e-01     2           1.17530e+02   4.53700e+00  
     2022         9        18         3        52        22         77       7100       5362 1663473142.000   1663473142.000    6.30000e+02       0.00      90.00   2.66500e+02   3.41500e+02     1261.3       24.8           nan           nan     2           8.21800e+01   3.51300e+00  
     2022         9        18         3        55        22         78       7100       5362 1663473322.000   1663473322.000    6.30000e+02       0.00      45.00   2.66500e+02   3.41500e+02     1284.5       24.6   1.79200e+01   7.60000e-02     2           1.15000e+02   4.59200e+00  
     2022         9        18         3        57        46         79       7100       5362 1663473466.000   1663473466.000    6.30000e+02      90.00      45.00   2.66500e+02   3.41500e+02     1272.9       26.3   3.58700e+01   1.56900e-01     2           8.20400e+01   3.62600e+00  
     2022         9        18         4         0        10         80       7100       5362 1663473610.000   1663473610.000    6.30000e+02     180.00      45.00   2.72500e+02   3.47500e+02     1280.5       26.3  -2.31100e+01   1.00300e-01     2           8.28000e+01   3.63900e+00  
     2022         9        18         4         2        34         81       7100       5362 1663473754.000   1663473754.000    6.30000e+02     -90.00      45.00   2.72500e+02   3.47500e+02     1287.1       25.2  -3.22700e+01   1.38800e-01     2           1.08160e+02   4.41900e+00  
     2022         9        18         4         8        34         82       7100       5362 1663474114.000   1663474114.000    6.30000e+02       0.00      90.00   2.72500e+02   3.47500e+02     1292.8       24.9           nan           nan     2           8.61000e+01   3.60300e+00  
     2022         9        18         4        10        58         83       7100       5362 1663474258.000   1663474258.000    6.30000e+02       0.00      45.00   2.72500e+02   3.47500e+02     1261.3       22.4   2.96500e+01   1.19800e-01     2           1.21620e+02   4.56700e+00  
     2022         9        18         4        13        58         84       7100       5362 1663474438.000   1663474438.000    6.30000e+02      90.00      45.00   2.72500e+02   3.47500e+02     1284.2       25.1   5.41700e+01   2.29800e-01     2           9.17800e+01   3.84200e+00  
     2022         9        18         4        16        22         85       7100       5362 1663474582.000   1663474582.000    6.30000e+02     180.00      45.00   2.72500e+02   3.47500e+02     1275.2       24.6  -1.97100e+01   8.16000e-02     2           8.43300e+01   3.54000e+00  
     2022         9        18         4        18        46         86       7100       5362 1663474726.000   1663474726.000    6.30000e+02     -90.00      45.00   2.72500e+02   3.47500e+02     1278.0       19.5  -4.73400e+01   1.76000e-01     2           1.29540e+02   4.33400e+00  
     2022         9        18         4        21        10         87       7100       5362 1663474870.000   1663474870.000    6.30000e+02       0.00      90.00   2.72500e+02   3.47500e+02     1242.2       23.6           nan           nan     2           8.74200e+01   3.61100e+00  
     2022         9        18         4        23        34         88       7100       5362 1663475014.000   1663475014.000    6.30000e+02       0.00      45.00   2.72500e+02   3.47500e+02     1263.7       19.1   2.30900e+01   8.46000e-02     2           1.33970e+02   4.42700e+00  
     2022         9        18         4        25        58         89       7100       5362 1663475158.000   1663475158.000    6.30000e+02      90.00      45.00   2.72500e+02   3.47500e+02     1269.9       23.4   5.45300e+01   2.19600e-01     2           9.23100e+01   3.70900e+00  
     2022         9        18         4        28        58         90       7100       5362 1663475338.000   1663475338.000    6.30000e+02     180.00      45.00   2.72500e+02   3.47500e+02     1278.2       22.4  -9.67000e+00   3.78000e-02     2           9.84200e+01   3.77300e+00  
     2022         9        18         4        31        22         91       7100       5362 1663475482.000   1663475482.000    6.30000e+02     -90.00      45.00   2.72500e+02   3.47500e+02     1270.1       19.3  -3.76600e+01   1.37600e-01     2           1.32470e+02   4.39600e+00  
     2022         9        18         4        37        22         92       7100       5362 1663475842.000   1663475842.000    6.30000e+02       0.00      90.00   2.72500e+02   3.47500e+02     1258.0       23.5           nan           nan     2           8.64900e+01   3.54100e+00  
     2022         9        18         4        39        46         93       7100       5362 1663475986.000   1663475986.000    6.30000e+02       0.00      45.00   2.72500e+02   3.47500e+02     1256.4       19.2   2.01500e+01   7.36000e-02     2           1.28230e+02   4.30200e+00  
     2022         9        18         4        42        10         94       7100       5362 1663476130.000   1663476130.000    6.30000e+02      90.00      45.00   2.72500e+02   3.47500e+02     1263.1       23.8   5.12500e+01   2.08000e-01     2           9.10000e+01   3.71500e+00  
     2022         9        18         4        44        34         95       7100       5362 1663476274.000   1663476274.000    6.30000e+02     180.00      45.00   2.72500e+02   3.47500e+02     1271.4       21.8  -8.31000e+00   3.22000e-02     2           1.01130e+02   3.81000e+00  
     2022         9        18         4        47        34         96       7100       5362 1663476454.000   1663476454.000    6.30000e+02     -90.00      45.00   2.72500e+02   3.47500e+02     1263.3       20.0  -2.53700e+01   9.58000e-02     2           1.32590e+02   4.52400e+00  
     2022         9        18         4        49        58         97       7100       5362 1663476598.000   1663476598.000    6.30000e+02       0.00      90.00   2.72500e+02   3.47500e+02     1258.7       24.0           nan           nan     2           8.21300e+01   3.44100e+00  
     2022         9        18         4        52        22         98       7100       5362 1663476742.000   1663476742.000    6.30000e+02       0.00      45.00   2.72500e+02   3.47500e+02     1284.2       20.1   1.41600e+01   5.38000e-02     2           1.20470e+02   4.14900e+00  
     2022         9        18         4        54        46         99       7100       5362 1663476886.000   1663476886.000    6.30000e+02      90.00      45.00   2.72500e+02   3.47500e+02     1265.7       25.2   3.07400e+01   1.34300e-01     2           8.57700e+01   3.67300e+00  
     2022         9        18         4        57        10        100       7100       5362 1663477030.000   1663477030.000    6.30000e+02     180.00      45.00   2.72500e+02   3.47500e+02     1305.7       27.2  -2.27900e+01   1.02400e-01     2           7.64600e+01   3.43400e+00  
     2022         9        18         4        59        34        101       7100       5362 1663477174.000   1663477174.000    6.30000e+02     -90.00      45.00   2.72500e+02   3.47500e+02     1282.0       18.9  -3.12600e+01   1.20500e-01     2           1.32350e+02   4.31700e+00  
     2022         9        18         5         5        34        102       7100       5362 1663477534.000   1663477534.000    6.30000e+02       0.00      90.00   2.72500e+02   3.47500e+02     1271.5       28.1           nan           nan     1           6.81300e+01   3.24400e+00  
     2022         9        18         5         8        34        103       7100       5362 1663477714.000   1663477714.000    6.30000e+02       0.00      45.00   2.72500e+02   3.47500e+02     1258.1       21.5   2.74100e+01   1.16200e-01     2           1.05470e+02   3.94000e+00  
     2022         9        18         5        10        58        104       7100       5362 1663477858.000   1663477858.000    6.30000e+02      90.00      45.00   2.72500e+02   3.47500e+02     1254.4       27.0   1.65500e+01   7.91000e-02     1           7.36300e+01   3.40400e+00  
     2022         9        18         5        13        22        105       7100       5362 1663478002.000   1663478002.000    6.30000e+02     180.00      45.00   2.72500e+02   3.47500e+02     1313.4       30.7  -3.37400e+01   1.69900e-01     1           6.40700e+01   3.19900e+00  
     2022         9        18         5        15        46        106       7100       5362 1663478146.000   1663478146.000    6.30000e+02     -90.00      45.00   2.72500e+02   3.47500e+02     1272.2       19.4  -2.56700e+01   1.06500e-01     2           1.23000e+02   4.14600e+00  
     2022         9        18         5        18        10        107       7100       5362 1663478290.000   1663478290.000    6.30000e+02       0.00      90.00   2.72500e+02   3.47500e+02     1269.1       29.4           nan           nan     1           6.23900e+01   3.11500e+00  
     2022         9        18         5        20        34        108       7100       5362 1663478434.000   1663478434.000    6.30000e+02       0.00      45.00   2.72500e+02   3.47500e+02     1276.8       24.0   2.67700e+01   1.25500e-01     2           9.15700e+01   3.72700e+00  
     2022         9        18         5        23        34        109       7100       5362 1663478614.000   1663478614.000    6.30000e+02      90.00      45.00   2.72500e+02   3.47500e+02     1240.6       30.8   1.17600e+01   6.43000e-02     1           6.21000e+01   3.25600e+00  
     2022         9        18         5        25        58        110       7100       5362 1663478758.000   1663478758.000    6.30000e+02     180.00      45.00   2.72500e+02   3.47500e+02     1264.6       31.8  -2.05400e+01   1.14400e-01     1           5.69600e+01   3.05200e+00  
     2022         9        18         5        28        22        111       7100       5362 1663478902.000   1663478902.000    6.30000e+02     -90.00      45.00   2.72500e+02   3.47500e+02     1260.6       22.5  -2.06700e+01   9.93000e-02     2           9.70800e+01   3.78300e+00  
     2022         9        18         5        34        22        112       7100       5362 1663479262.000   1663479262.000    6.30000e+02       0.00      90.00   2.72500e+02   3.47500e+02     1248.3       34.9           nan           nan     1           4.77100e+01   2.83300e+00  
     2022         9        18         5        36        46        113       7100       5362 1663479406.000   1663479406.000    6.30000e+02       0.00      45.00   2.72500e+02   3.47500e+02     1273.5       31.5   5.07700e+01   3.04900e-01     1           6.19900e+01   3.24600e+00  
     2022         9        18         5        39        10        114       7100       5362 1663479550.000   1663479550.000    6.30000e+02      90.00      45.00   2.72500e+02   3.47500e+02     1274.7       39.5   3.25500e+01   2.24800e-01     1           4.50700e+01   2.89900e+00  
     2022         9        18         5        42        10        115       7100       5362 1663479730.000   1663479730.000    6.30000e+02     180.00      45.00   2.72500e+02   3.47500e+02     1263.4       39.5  -2.02500e+01   1.42200e-01     1           4.26000e+01   2.77900e+00  
     2022         9        18         5        44        34        116       7100       5362 1663479874.000   1663479874.000    6.30000e+02     -90.00      45.00   2.72500e+02   3.47500e+02     1273.5       29.4   2.53300e+01   1.59600e-01     1           6.65100e+01   3.27700e+00  
     2022         9        18         5        46        58        117       7100       5362 1663480018.000   1663480018.000    6.30000e+02       0.00      90.00   2.72500e+02   3.47500e+02     1258.9       44.4           nan           nan     0           3.50600e+01   2.57000e+00  
     2022         9        18         5        49        22        118       7100       5362 1663480162.000   1663480162.000    6.30000e+02       0.00      45.00   2.72500e+02   3.47500e+02     1252.5       39.6   7.92600e+01   6.13100e-01     0           4.51800e+01   2.95500e+00  
     2022         9        18         5        51        46        119       7100       5362 1663480306.000   1663480306.000    6.30000e+02      90.00      45.00   2.72500e+02   3.47500e+02     1289.4       53.5   1.72400e+01   1.59600e-01     1           3.22600e+01   2.70000e+00  
     2022         9        18         5        54        10        120       7100       5362 1663480450.000   1663480450.000    6.30000e+02     180.00      45.00   2.72500e+02   3.47500e+02     1227.3       49.3  -2.43400e+01   2.22300e-01     0           3.05900e+01   2.51700e+00  
     2022         9        18         5        57        10        121       7100       5362 1663480630.000   1663480630.000    6.30000e+02     -90.00      45.00   2.72500e+02   3.47500e+02     1276.9       38.5   2.46000e+01   2.04900e-01     1           4.70100e+01   2.94900e+00  
     2022         9        18         6         3        10        122       7100       5362 1663480990.000   1663480990.000    6.30000e+02       0.00      90.00   2.68500e+02   3.43500e+02     1291.7       62.7           nan           nan     0           2.35100e+01   2.30500e+00  
     2022         9        18         6         5        34        123       7100       5362 1663481134.000   1663481134.000    6.30000e+02       0.00      45.00   2.68500e+02   3.43500e+02     1261.3       54.8   9.46500e+01   1.04300e+00     1           3.11900e+01   2.72200e+00  
     2022         9        18         6         7        58        124       7100       5362 1663481278.000   1663481278.000    6.30000e+02      90.00      45.00   2.68500e+02   3.43500e+02     1281.2       74.8   2.19000e+00   2.94000e-02     2           2.10900e+01   2.42500e+00  
     2022         9        18         6        10        22        125       7100       5362 1663481422.000   1663481422.000    6.30000e+02     180.00      45.00   2.68500e+02   3.43500e+02     1312.0       67.1  -4.31200e+01   5.46000e-01     1           2.23600e+01   2.29300e+00  
     2022         9        18         6        12        46        126       7100       5362 1663481566.000   1663481566.000    6.30000e+02     -90.00      45.00   2.68500e+02   3.43500e+02     1246.7       54.3   3.16000e+01   3.76300e-01     1           2.88900e+01   2.54600e+00  
     2022         9        18         6        15        10        127       7100       5362 1663481710.000   1663481710.000    6.30000e+02       0.00      90.00   2.68500e+02   3.43500e+02     1193.4       76.0           nan           nan     1           1.67500e+01   2.11500e+00  
     2022         9        18         6        18        10        128       7100       5362 1663481890.000   1663481890.000    6.30000e+02       0.00      45.00   2.68500e+02   3.43500e+02     1319.0       69.8   8.11800e+01   1.12070e+00     1           2.51400e+01   2.62500e+00  
     2022         9        18         6        20        34        129       7100       5362 1663482034.000   1663482034.000    6.30000e+02      90.00      45.00   2.68500e+02   3.43500e+02     1306.7       87.3  -9.13000e+00   1.42700e-01     2           1.81200e+01   2.36100e+00  
     2022         9        18         6        22        58        130       7100       5362 1663482178.000   1663482178.000    6.30000e+02     180.00      45.00   2.68500e+02   3.43500e+02     1280.7       70.1  -5.08700e+01   7.14900e-01     1           2.09600e+01   2.28800e+00  
     2022         9        18         6        25        22        131       7100       5362 1663482322.000   1663482322.000    6.30000e+02     -90.00      45.00   2.68500e+02   3.43500e+02     1326.9       62.5  -1.20900e+01   1.61900e-01     1           2.63200e+01   2.48700e+00  
     2022         9        18         6        31        22        132       7100       5362 1663482682.000   1663482682.000    6.30000e+02       0.00      90.00   2.68500e+02   3.43500e+02     1297.3       90.1           nan           nan     2           1.59200e+01   2.16500e+00  
     2022         9        18         6        33        46        133       7100       5362 1663482826.000   1663482826.000    6.30000e+02       0.00      45.00   2.68500e+02   3.43500e+02     1279.2       77.7   9.29600e+01   1.43680e+00     2           2.18200e+01   2.58700e+00  
     2022         9        18         6        36        46        134       7100       5362 1663483006.000   1663483006.000    6.30000e+02      90.00      45.00   2.68500e+02   3.43500e+02     1228.9       76.8   3.97500e+01   6.17300e-01     2           1.93600e+01   2.37600e+00  
     2022         9        18         6        39        10        135       7100       5362 1663483150.000   1663483150.000    6.30000e+02     180.00      45.00   2.68500e+02   3.43500e+02     1195.5       59.8  -6.84600e+01   9.11200e-01     1           2.25900e+01   2.28000e+00  
     2022         9        18         6        41        34        136       7100       5362 1663483294.000   1663483294.000    6.30000e+02     -90.00      45.00   2.68500e+02   3.43500e+02     1272.2       58.1  -5.03200e+01   6.42500e-01     1           2.71300e+01   2.49800e+00  
     2022         9        18         6        43        58        137       7100       5362 1663483438.000   1663483438.000    6.30000e+02       0.00      90.00   2.68500e+02   3.43500e+02     1280.2       79.1           nan           nan     1           1.80800e+01   2.20800e+00  
     2022         9        18         6        46        22        138       7100       5362 1663483582.000   1663483582.000    6.30000e+02       0.00      45.00   2.68500e+02   3.43500e+02     1244.5       72.7   6.29400e+01   8.73700e-01     2           2.36200e+01   2.69400e+00  
     2022         9        18         6        48        46        139       7100       5362 1663483726.000   1663483726.000    6.30000e+02      90.00      45.00   2.68500e+02   3.43500e+02     5152.0      300.0   2.22755e+03   2.71665e+01     2           8.51400e+01   8.15200e+00  
     2022         9        18         6        51        46        140       7100       5362 1663483906.000   1663483906.000    6.30000e+02     180.00      45.00   2.68500e+02   3.43500e+02     1188.3       52.5   3.39900e+01   3.85400e-01     0           2.76900e+01   2.48100e+00  
     2022         9        18         6        54        10        141       7100       5362 1663484050.000   1663484050.000    6.30000e+02     -90.00      45.00   2.68500e+02   3.43500e+02     1296.0       49.5  -2.81900e+01   2.91700e-01     0           3.36900e+01   2.63100e+00  
     2022         9        18         7         0        10        142       7100       5362 1663484410.000   1663484410.000    6.30000e+02       0.00      90.00   2.57500e+02   3.32500e+02     1243.2       57.5           nan           nan     0           2.47900e+01   2.32600e+00  
     2022         9        18         7         2        34        143       7100       5362 1663484554.000   1663484554.000    6.30000e+02       0.00      45.00   2.57500e+02   3.32500e+02     1243.5       57.4   3.59500e+01   3.78800e-01     1           3.17100e+01   2.90200e+00  
     2022         9        18         7         4        58        144       7100       5362 1663484698.000   1663484698.000    6.30000e+02      90.00      45.00   2.57500e+02   3.32500e+02     1221.9       49.9   3.66700e+01   3.52600e-01     0           3.26600e+01   2.70200e+00  
     2022         9        18         7         7        22        145       7100       5362 1663484842.000   1663484842.000    6.30000e+02     180.00      45.00   2.57500e+02   3.32500e+02     1247.9       42.6   1.98200e+01   1.72200e-01     0           3.86100e+01   2.72600e+00  
     2022         9        18         7        10        22        146       7100       5362 1663485022.000   1663485022.000    6.30000e+02     -90.00      45.00   2.57500e+02   3.32500e+02     1236.2       38.4   3.10000e+00   2.52000e-02     0           4.51300e+01   2.91400e+00  
     2022         9        18         7        12        46        147       7100       5362 1663485166.000   1663485166.000    6.30000e+02       0.00      90.00   2.57500e+02   3.32500e+02     1209.0       49.3           nan           nan     0           3.02600e+01   2.52000e+00  
     2022         9        18         7        15        10        148       7100       5362 1663485310.000   1663485310.000    6.30000e+02       0.00      45.00   2.57500e+02   3.32500e+02     1252.9       50.2   5.22700e+01   4.79800e-01     1           4.00100e+01   3.18900e+00  
     2022         9        18         7        17        34        149       7100       5362 1663485454.000   1663485454.000    6.30000e+02      90.00      45.00   2.57500e+02   3.32500e+02     1236.4       42.9   4.28600e+01   3.53000e-01     0           4.25800e+01   3.00600e+00  
     2022         9        18         7        19        58        150       7100       5362 1663485598.000   1663485598.000    6.30000e+02     180.00      45.00   2.57500e+02   3.32500e+02     1182.2       35.9   9.32000e+00   6.95000e-02     0           4.42800e+01   2.81600e+00  
     2022         9        18         7        22        22        151       7100       5362 1663485742.000   1663485742.000    6.30000e+02     -90.00      45.00   2.57500e+02   3.32500e+02     1220.7       32.3  -1.04100e+01   7.27000e-02     1           5.51100e+01   3.08400e+00  
     2022         9        18         7        28        58        152       7100       5362 1663486138.000   1663486138.000    6.30000e+02       0.00      90.00   2.57500e+02   3.32500e+02     1196.3       41.1           nan           nan     0           3.87600e+01   2.75000e+00  
     2022         9        18         7        31        22        153       7100       5362 1663486282.000   1663486282.000    6.30000e+02       0.00      45.00   2.57500e+02   3.32500e+02     1241.2       41.7   2.75400e+01   2.09300e-01     1           5.26900e+01   3.54400e+00  
     2022         9        18         7        33        46        154       7100       5362 1663486426.000   1663486426.000    6.30000e+02      90.00      45.00   2.57500e+02   3.32500e+02     1175.7       32.8   3.17400e+01   2.10600e-01     0           5.22200e+01   3.05300e+00  
     2022         9        18         7        36        10        155       7100       5362 1663486570.000   1663486570.000    6.30000e+02     180.00      45.00   2.57500e+02   3.32500e+02     1169.5       30.2   3.20100e+01   2.00600e-01     1           5.55600e+01   3.05100e+00  
     2022         9        18         7        38        34        156       7100       5362 1663486714.000   1663486714.000    6.30000e+02     -90.00      45.00   2.57500e+02   3.32500e+02     1199.8       27.0  -2.15500e+01   1.25400e-01     1           7.01900e+01   3.38100e+00  
     2022         9        18         7        40        58        157       7100       5362 1663486858.000   1663486858.000    6.30000e+02       0.00      90.00   2.57500e+02   3.32500e+02     1191.4       35.6           nan           nan     0           4.60800e+01   2.88700e+00  
     2022         9        18         7        43        58        158       7100       5362 1663487038.000   1663487038.000    6.30000e+02       0.00      45.00   2.57500e+02   3.32500e+02     1224.3       35.8   2.39100e+01   1.56000e-01     1           6.63300e+01   3.90400e+00  
     2022         9        18         7        46        22        159       7100       5362 1663487182.000   1663487182.000    6.30000e+02      90.00      45.00   2.57500e+02   3.32500e+02     1190.3       26.6   1.57600e+01   8.63000e-02     1           7.51200e+01   3.55700e+00  
     2022         9        18         7        48        46        160       7100       5362 1663487326.000   1663487326.000    6.30000e+02     180.00      45.00   2.57500e+02   3.32500e+02     1158.0       24.9   3.79300e+01   1.99900e-01     1           7.43800e+01   3.43800e+00  
     2022         9        18         7        51        10        161       7100       5362 1663487470.000   1663487470.000    6.30000e+02     -90.00      45.00   2.57500e+02   3.32500e+02     1184.7       22.7  -1.33700e+01   6.52000e-02     1           9.05000e+01   3.74900e+00  
     2022         9        18         7        57        10        162       7100       5362 1663487830.000   1663487830.000    6.30000e+02       0.00      90.00   2.57500e+02   3.32500e+02     1198.1       27.7           nan           nan     1           6.89700e+01   3.39400e+00  
     2022         9        18         7        59        34        163       7100       5362 1663487974.000   1663487974.000    6.30000e+02       0.00      45.00   2.42500e+02   3.17500e+02     2670.8       71.4   4.53400e+01   2.38600e-01     2           1.35080e+02   6.74700e+00  
     2022         9        18         8         2        34        164       7100       5362 1663488154.000   1663488154.000    6.30000e+02      90.00      45.00   2.42500e+02   3.17500e+02     1179.4       17.3   7.63000e+00   3.17000e-02     1           1.81730e+02   5.61700e+00  
     2022         9        18         8         4        58        165       7100       5362 1663488298.000   1663488298.000    6.30000e+02     180.00      45.00   2.42500e+02   3.17500e+02     1199.6       22.3   1.87500e+01   8.69000e-02     1           1.32740e+02   5.09400e+00  
     2022         9        18         8         7        22        166       7100       5362 1663488442.000   1663488442.000    6.30000e+02     -90.00      45.00   2.42500e+02   3.17500e+02     1223.1       27.1  -1.10500e+01   5.68000e-02     1           1.18680e+02   5.28700e+00  
     2022         9        18         8         9        46        167       7100       5362 1663488586.000   1663488586.000    6.30000e+02       0.00      90.00   2.42500e+02   3.17500e+02     1253.7       27.5           nan           nan     1           1.28490e+02   5.62800e+00  
     2022         9        18         8        12        10        168       7100       5362 1663488730.000   1663488730.000    6.30000e+02       0.00      45.00   2.42500e+02   3.17500e+02     1278.6       25.7  -2.37000e+00   1.20000e-02     2           2.17770e+02   8.48900e+00  
