   YEAR     MONTH      DAY       HOUR      MIN       SEC       RECNO     KINDAT      KINST       UT1_UNIX        UT2_UNIX        WAVLEN        AZM        ELM         ALTB          ALTE         TN         DTN        VNHLU         DVNHLU     FPI_DATAQUAL      RLE           DRLE     
     2022         9        14         0        10        22          0       7100       5362 1663114222.000   1663114222.000    6.30000e+02     180.00      45.00   2.40500e+02   3.15500e+02     1328.1       24.0   9.21000e+00   5.85000e-02     1           1.24920e+02   4.71700e+00  
     2022         9        14         0        39        10          1       7100       5362 1663115950.000   1663115950.000    6.30000e+02     180.00      45.00   2.40500e+02   3.15500e+02     1320.6       23.8  -1.05200e+01   6.66000e-02     1           1.27360e+02   4.78600e+00  
     2022         9        14         0        52        22          2       7100       5362 1663116742.000   1663116742.000    6.30000e+02      90.00      45.00   2.40500e+02   3.15500e+02     1282.3       22.7   5.65400e+01   3.55700e-01     1           1.26860e+02   4.70900e+00  
     2022         9        14         0        54        46          3       7100       5362 1663116886.000   1663116886.000    6.30000e+02     180.00      45.00   2.40500e+02   3.15500e+02     1398.9       47.2   4.60000e+01   3.83600e-01     1           5.87900e+01   3.91500e+00  
     2022         9        14         0        57        46          4       7100       5362 1663117066.000   1663117066.000    6.30000e+02     -90.00      45.00   2.40500e+02   3.15500e+02     1434.7       51.6  -1.18000e+00   1.04000e-02     2           7.41700e+01   5.12100e+00  
     2022         9        14         1         0        10          5       7100       5362 1663117210.000   1663117210.000    6.30000e+02       0.00      90.00   2.55500e+02   3.30500e+02     1420.5       48.3           nan           nan     2           6.63400e+01   4.40000e+00  
     2022         9        14         1         2        34          6       7100       5362 1663117354.000   1663117354.000    6.30000e+02       0.00      45.00   2.55500e+02   3.30500e+02     1392.8       41.7   1.44700e+01   1.10500e-01     2           8.65500e+01   5.05200e+00  
     2022         9        14         1         4        58          7       7100       5362 1663117498.000   1663117498.000    6.30000e+02      90.00      45.00   2.55500e+02   3.30500e+02     1358.8       41.2   4.44000e+01   3.20000e-01     1           6.92700e+01   4.16900e+00  
     2022         9        14         1         7        22          8       7100       5362 1663117642.000   1663117642.000    6.30000e+02     180.00      45.00   2.55500e+02   3.30500e+02     1339.6       37.7   2.69100e+01   1.77700e-01     1           7.52700e+01   4.23400e+00  
     2022         9        14         1         9        46          9       7100       5362 1663117786.000   1663117786.000    6.30000e+02     -90.00      45.00   2.55500e+02   3.30500e+02     1411.2       38.1   1.12900e+01   7.00000e-02     2           1.03160e+02   5.44700e+00  
     2022         9        14         1        16        22         10       7100       5362 1663118182.000   1663118182.000    6.30000e+02       0.00      90.00   2.55500e+02   3.30500e+02     1327.7       23.1           nan           nan     1           1.50480e+02   5.39600e+00  
     2022         9        14         1        18        46         11       7100       5362 1663118326.000   1663118326.000    6.30000e+02       0.00      45.00   2.55500e+02   3.30500e+02     1306.8       22.4   2.55400e+01   1.03200e-01     1           1.57150e+02   5.54600e+00  
     2022         9        14         1        21        10         12       7100       5362 1663118470.000   1663118470.000    6.30000e+02      90.00      45.00   2.55500e+02   3.30500e+02     1301.5       25.0   3.53100e+01   1.51700e-01     1           1.29770e+02   5.10700e+00  
     2022         9        14         1        23        34         13       7100       5362 1663118614.000   1663118614.000    6.30000e+02     180.00      45.00   2.55500e+02   3.30500e+02     1289.8       23.3  -2.90000e-01   1.20000e-03     1           1.32310e+02   4.96400e+00  
     2022         9        14         1        25        58         14       7100       5362 1663118758.000   1663118758.000    6.30000e+02     -90.00      45.00   2.55500e+02   3.30500e+02     1327.3       28.4  -1.87400e+01   8.72000e-02     1           1.29930e+02   5.55800e+00  
     2022         9        14         1        28        22         15       7100       5362 1663118902.000   1663118902.000    6.30000e+02       0.00      90.00   2.55500e+02   3.30500e+02     1297.3       24.1           nan           nan     1           1.36500e+02   5.21100e+00  
     2022         9        14         1        31        22         16       7100       5362 1663119082.000   1663119082.000    6.30000e+02       0.00      45.00   2.55500e+02   3.30500e+02     1404.4       58.4  -5.32000e+00   4.03000e-02     2           6.08400e+01   4.82800e+00  
     2022         9        14         1        33        46         17       7100       5362 1663119226.000   1663119226.000    6.30000e+02      90.00      45.00   2.55500e+02   3.30500e+02     1337.6       31.1   3.08200e+01   1.56200e-01     1           9.76200e+01   4.59200e+00  
     2022         9        14         1        36        10         18       7100       5362 1663119370.000   1663119370.000    6.30000e+02     180.00      45.00   2.55500e+02   3.30500e+02     1275.1       25.8   3.70000e+00   1.78000e-02     1           1.19230e+02   4.93900e+00  
     2022         9        14         1        38        34         19       7100       5362 1663119514.000   1663119514.000    6.30000e+02     -90.00      45.00   2.55500e+02   3.30500e+02     1291.5       25.8  -3.84300e+01   1.89100e-01     1           1.38970e+02   5.60200e+00  
     2022         9        14         1        44        34         20       7100       5362 1663119874.000   1663119874.000    6.30000e+02       0.00      90.00   2.55500e+02   3.30500e+02     1297.1       30.3           nan           nan     1           1.07770e+02   5.04300e+00  
     2022         9        14         1        46        58         21       7100       5362 1663120018.000   1663120018.000    6.30000e+02       0.00      45.00   2.55500e+02   3.30500e+02     1416.3       52.2   3.21400e+01   2.38300e-01     2           6.94400e+01   4.91700e+00  
     2022         9        14         1        49        22         22       7100       5362 1663120162.000   1663120162.000    6.30000e+02      90.00      45.00   2.55500e+02   3.30500e+02     1384.8       50.8   3.12000e+01   2.24700e-01     1           5.37900e+01   3.87500e+00  
     2022         9        14         1        52        22         23       7100       5362 1663120342.000   1663120342.000    6.30000e+02     180.00      45.00   2.55500e+02   3.30500e+02     1306.5       28.7   3.12000e+01   1.65400e-01     1           1.13610e+02   5.03800e+00  
     2022         9        14         1        54        46         24       7100       5362 1663120486.000   1663120486.000    6.30000e+02     -90.00      45.00   2.55500e+02   3.30500e+02     1405.7       39.4  -1.86000e+01   1.16000e-01     2           1.02140e+02   5.56600e+00  
     2022         9        14         1        57        10         25       7100       5362 1663120630.000   1663120630.000    6.30000e+02       0.00      90.00   2.55500e+02   3.30500e+02     1325.0       29.4           nan           nan     1           1.17400e+02   5.22300e+00  
     2022         9        14         1        59        34         26       7100       5362 1663120774.000   1663120774.000    6.30000e+02       0.00      45.00   2.71500e+02   3.46500e+02     1517.4       78.2   3.50200e+01   3.34000e-01     2           4.91200e+01   4.76100e+00  
     2022         9        14         2         1        58         27       7100       5362 1663120918.000   1663120918.000    6.30000e+02      90.00      45.00   2.71500e+02   3.46500e+02     1331.1       35.2   4.04900e+01   2.48500e-01     1           9.39400e+01   4.92200e+00  
     2022         9        14         2         4        22         28       7100       5362 1663121062.000   1663121062.000    6.30000e+02     180.00      45.00   2.71500e+02   3.46500e+02     1306.7       32.5   1.17700e+01   7.09000e-02     1           9.47700e+01   4.72200e+00  
     2022         9        14         2         7        22         29       7100       5362 1663121242.000   1663121242.000    6.30000e+02     -90.00      45.00   2.71500e+02   3.46500e+02     1422.1       38.8  -3.23800e+01   2.13100e-01     2           1.07690e+02   5.71500e+00  
     2022         9        14         2        13        22         30       7100       5362 1663121602.000   1663121602.000    6.30000e+02       0.00      90.00   2.71500e+02   3.46500e+02     1356.0       40.1           nan           nan     1           8.20400e+01   4.76800e+00  
     2022         9        14         2        15        46         31       7100       5362 1663121746.000   1663121746.000    6.30000e+02       0.00      45.00   2.71500e+02   3.46500e+02     1357.7       37.8  -5.68000e+00   3.91000e-02     2           1.00370e+02   5.44800e+00  
     2022         9        14         2        18        10         32       7100       5362 1663121890.000   1663121890.000    6.30000e+02      90.00      45.00   2.71500e+02   3.46500e+02     1353.5       40.9   2.23600e+01   1.54900e-01     1           7.32300e+01   4.37200e+00  
     2022         9        14         2        20        34         33       7100       5362 1663122034.000   1663122034.000    6.30000e+02     180.00      45.00   2.71500e+02   3.46500e+02     1320.5       36.5   7.41000e+00   4.71000e-02     1           8.54100e+01   4.68600e+00  
     2022         9        14         2        23        34         34       7100       5362 1663122214.000   1663122214.000    6.30000e+02     -90.00      45.00   2.71500e+02   3.46500e+02     1411.6       36.2  -1.68300e+01   1.02100e-01     2           1.12270e+02   5.64100e+00  
     2022         9        14         2        25        58         35       7100       5362 1663122358.000   1663122358.000    6.30000e+02       0.00      90.00   2.71500e+02   3.46500e+02     1382.2       31.1           nan           nan     1           1.21600e+02   5.44600e+00  
     2022         9        14         2        28        22         36       7100       5362 1663122502.000   1663122502.000    6.30000e+02       0.00      45.00   2.71500e+02   3.46500e+02     1305.1       19.9   3.19600e+01   1.57700e-01     1           2.04320e+02   6.39600e+00  
     2022         9        14         2        30        46         37       7100       5362 1663122646.000   1663122646.000    6.30000e+02      90.00      45.00   2.71500e+02   3.46500e+02     1304.3       27.2   3.52600e+01   2.15000e-01     1           1.27550e+02   5.36300e+00  
     2022         9        14         2        33        10         38       7100       5362 1663122790.000   1663122790.000    6.30000e+02     180.00      45.00   2.71500e+02   3.46500e+02     1299.1       23.9   1.69200e+01   1.05700e-01     1           1.58410e+02   5.89500e+00  
     2022         9        14         2        35        34         39       7100       5362 1663122934.000   1663122934.000    6.30000e+02     -90.00      45.00   2.71500e+02   3.46500e+02     1488.2       55.7   5.38000e+00   5.10000e-02     2           7.64800e+01   5.44600e+00  
     2022         9        14         2        42        10         40       7100       5362 1663123330.000   1663123330.000    6.30000e+02       0.00      90.00   2.71500e+02   3.46500e+02     1427.5       62.1           nan           nan     2           5.08400e+01   4.24400e+00  
     2022         9        14         2        44        34         41       7100       5362 1663123474.000   1663123474.000    6.30000e+02       0.00      45.00   2.71500e+02   3.46500e+02     1383.3       35.0   5.64000e+00   4.58000e-02     2           1.16040e+02   5.74500e+00  
     2022         9        14         2        46        58         42       7100       5362 1663123618.000   1663123618.000    6.30000e+02      90.00      45.00   2.71500e+02   3.46500e+02     1358.2       45.6   2.12100e+01   1.78400e-01     2           6.60800e+01   4.34100e+00  
     2022         9        14         2        49        22         43       7100       5362 1663123762.000   1663123762.000    6.30000e+02     180.00      45.00   2.71500e+02   3.46500e+02     1301.6       25.6   8.79000e+00   5.08000e-02     1           1.33270e+02   5.33300e+00  
     2022         9        14         2        51        46         44       7100       5362 1663123906.000   1663123906.000    6.30000e+02     -90.00      45.00   2.71500e+02   3.46500e+02     1322.9       19.4  -4.69100e+01   2.07700e-01     1           2.05180e+02   6.23000e+00  
     2022         9        14         2        54        10         45       7100       5362 1663124050.000   1663124050.000    6.30000e+02       0.00      90.00   2.71500e+02   3.46500e+02     1310.1       21.9           nan           nan     1           1.80330e+02   6.14200e+00  
     2022         9        14         2        57        10         46       7100       5362 1663124230.000   1663124230.000    6.30000e+02       0.00      45.00   2.71500e+02   3.46500e+02     1344.1       28.0   1.03800e+01   4.81000e-02     1           1.44000e+02   5.96800e+00  
     2022         9        14         2        59        34         47       7100       5362 1663124374.000   1663124374.000    6.30000e+02      90.00      45.00   2.85500e+02   3.60500e+02     1314.7       23.5   5.60300e+01   2.44700e-01     1           1.77360e+02   6.37400e+00  
     2022         9        14         3         1        58         48       7100       5362 1663124518.000   1663124518.000    6.30000e+02     180.00      45.00   2.85500e+02   3.60500e+02     1315.9       23.9   2.36600e+01   1.06900e-01     1           1.55290e+02   5.73300e+00  
     2022         9        14         3         4        22         49       7100       5362 1663124662.000   1663124662.000    6.30000e+02     -90.00      45.00   2.85500e+02   3.60500e+02     1367.0       36.4  -2.03800e+01   1.19700e-01     2           1.12300e+02   5.82100e+00  
     2022         9        14         3        10        22         50       7100       5362 1663125022.000   1663125022.000    6.30000e+02       0.00      90.00   2.85500e+02   3.60500e+02     1359.0       31.5           nan           nan     1           1.24320e+02   5.69600e+00  
     2022         9        14         3        12        46         51       7100       5362 1663125166.000   1663125166.000    6.30000e+02       0.00      45.00   2.85500e+02   3.60500e+02     1483.9       53.6  -3.46300e+01   2.54500e-01     2           7.38000e+01   5.10800e+00  
     2022         9        14         3        15        46         52       7100       5362 1663125346.000   1663125346.000    6.30000e+02      90.00      45.00   2.85500e+02   3.60500e+02     1383.8       33.4   2.56700e+01   1.36900e-01     1           1.03520e+02   4.98100e+00  
     2022         9        14         3        18        10         53       7100       5362 1663125490.000   1663125490.000    6.30000e+02     180.00      45.00   2.85500e+02   3.60500e+02     1323.4       22.8   6.40000e+00   2.70000e-02     1           1.67240e+02   5.87700e+00  
     2022         9        14         3        20        34         54       7100       5362 1663125634.000   1663125634.000    6.30000e+02     -90.00      45.00   2.85500e+02   3.60500e+02     1301.0       14.2  -5.71700e+01   1.82400e-01     1           3.11400e+02   7.19100e+00  
     2022         9        14         3        22        58         55       7100       5362 1663125778.000   1663125778.000    6.30000e+02       0.00      90.00   2.85500e+02   3.60500e+02     1338.3       19.4           nan           nan     1           2.39970e+02   7.07000e+00  
     2022         9        14         3        25        22         56       7100       5362 1663125922.000   1663125922.000    6.30000e+02       0.00      45.00   2.85500e+02   3.60500e+02     1331.7       14.4   1.07900e+01   3.31000e-02     2           3.74810e+02   8.40400e+00  
     2022         9        14         3        27        46         57       7100       5362 1663126066.000   1663126066.000    6.30000e+02      90.00      45.00   2.85500e+02   3.60500e+02     1363.0       22.4   4.90700e+01   1.90200e-01     2           2.29250e+02   7.50000e+00  
     2022         9        14         3        30        46         58       7100       5362 1663126246.000   1663126246.000    6.30000e+02     180.00      45.00   2.85500e+02   3.60500e+02     1350.7       21.1   1.73000e+00   6.50000e-03     1           1.74210e+02   5.66600e+00  
     2022         9        14         3        33        10         59       7100       5362 1663126390.000   1663126390.000    6.30000e+02     -90.00      45.00   2.85500e+02   3.60500e+02     1362.6       22.5  -3.02000e+01   1.20400e-01     1           2.00520e+02   6.66900e+00  
     2022         9        14         3        39        10         60       7100       5362 1663126750.000   1663126750.000    6.30000e+02       0.00      90.00   2.85500e+02   3.60500e+02     1372.0       23.9           nan           nan     1           1.86210e+02   6.52300e+00  
     2022         9        14         3        41        34         61       7100       5362 1663126894.000   1663126894.000    6.30000e+02       0.00      45.00   2.85500e+02   3.60500e+02     1398.6       21.6   1.71900e+01   6.91000e-02     2           2.61210e+02   8.01800e+00  
     2022         9        14         3        43        58         62       7100       5362 1663127038.000   1663127038.000    6.30000e+02      90.00      45.00   2.85500e+02   3.60500e+02     1388.1       28.3   3.45700e+01   1.58300e-01     1           1.53790e+02   6.22000e+00  
     2022         9        14         3        46        22         63       7100       5362 1663127182.000   1663127182.000    6.30000e+02     180.00      45.00   2.85500e+02   3.60500e+02     1355.6       22.1   1.28900e+01   5.09000e-02     1           1.72350e+02   5.78300e+00  
     2022         9        14         3        48        46         64       7100       5362 1663127326.000   1663127326.000    6.30000e+02     -90.00      45.00   2.85500e+02   3.60500e+02     1371.7       24.4  -1.00100e+01   4.16000e-02     1           1.90320e+02   6.76700e+00  
     2022         9        14         3        51        46         65       7100       5362 1663127506.000   1663127506.000    6.30000e+02       0.00      90.00   2.85500e+02   3.60500e+02     1362.1       21.3           nan           nan     1           2.11520e+02   6.71300e+00  
     2022         9        14         3        54        10         66       7100       5362 1663127650.000   1663127650.000    6.30000e+02       0.00      45.00   2.85500e+02   3.60500e+02     1417.5       28.5   6.94000e+00   3.05000e-02     2           1.71020e+02   6.76700e+00  
     2022         9        14         3        56        34         67       7100       5362 1663127794.000   1663127794.000    6.30000e+02      90.00      45.00   2.85500e+02   3.60500e+02     1396.4       24.2   3.75700e+01   1.48700e-01     2           2.04420e+02   7.04800e+00  
     2022         9        14         3        58        58         68       7100       5362 1663127938.000   1663127938.000    6.30000e+02     180.00      45.00   2.88500e+02   3.63500e+02     1361.0       24.1   2.41700e+01   9.44000e-02     1           1.69080e+02   6.05200e+00  
     2022         9        14         4         1        58         69       7100       5362 1663128118.000   1663128118.000    6.30000e+02     -90.00      45.00   2.88500e+02   3.63500e+02     1361.9       16.6  -2.88500e+01   9.08000e-02     1           2.97000e+02   7.49900e+00  
     2022         9        14         4         7        58         70       7100       5362 1663128478.000   1663128478.000    6.30000e+02       0.00      90.00   2.88500e+02   3.63500e+02     1362.1       17.9           nan           nan     1           2.66000e+02   7.18200e+00  
     2022         9        14         4        10        22         71       7100       5362 1663128622.000   1663128622.000    6.30000e+02       0.00      45.00   2.88500e+02   3.63500e+02     1379.9       17.8  -1.84100e+01   6.38000e-02     2           3.56470e+02   9.17100e+00  
     2022         9        14         4        13        22         72       7100       5362 1663128802.000   1663128802.000    6.30000e+02      90.00      45.00   2.88500e+02   3.63500e+02     1371.2       19.4   3.08800e+01   1.20900e-01     2           2.64390e+02   7.57300e+00  
     2022         9        14         4        15        46         73       7100       5362 1663128946.000   1663128946.000    6.30000e+02     180.00      45.00   2.88500e+02   3.63500e+02     1401.9       27.9   2.08100e+01   1.03600e-01     1           1.60180e+02   6.33400e+00  
     2022         9        14         4        18        10         74       7100       5362 1663129090.000   1663129090.000    6.30000e+02     -90.00      45.00   2.88500e+02   3.63500e+02     1527.0       47.5  -2.88000e+00   2.00000e-02     2           9.79400e+01   5.83400e+00  
     2022         9        14         4        20        34         75       7100       5362 1663129234.000   1663129234.000    6.30000e+02       0.00      90.00   2.88500e+02   3.63500e+02     1405.0       34.8           nan           nan     1           1.08050e+02   5.29400e+00  
     2022         9        14         4        22        58         76       7100       5362 1663129378.000   1663129378.000    6.30000e+02       0.00      45.00   2.88500e+02   3.63500e+02     1389.1       23.0  -2.73800e+01   1.40900e-01     2           2.11570e+02   7.01300e+00  
     2022         9        14         4        25        22         77       7100       5362 1663129522.000   1663129522.000    6.30000e+02      90.00      45.00   2.88500e+02   3.63500e+02     1397.8       28.0   2.19400e+01   1.22300e-01     1           1.43500e+02   5.76700e+00  
     2022         9        14         4        28        22         78       7100       5362 1663129702.000   1663129702.000    6.30000e+02     180.00      45.00   2.88500e+02   3.63500e+02     1406.0       35.0   2.64100e+01   1.64400e-01     1           1.04230e+02   5.14000e+00  
     2022         9        14         4        30        46         79       7100       5362 1663129846.000   1663129846.000    6.30000e+02     -90.00      45.00   2.88500e+02   3.63500e+02     1433.2       35.0  -1.27900e+01   7.95000e-02     2           1.27110e+02   6.05700e+00  
     2022         9        14         4        36        46         80       7100       5362 1663130206.000   1663130206.000    6.30000e+02       0.00      90.00   2.88500e+02   3.63500e+02     1375.5       33.0           nan           nan     1           1.14030e+02   5.41800e+00  
     2022         9        14         4        39        10         81       7100       5362 1663130350.000   1663130350.000    6.30000e+02       0.00      45.00   2.88500e+02   3.63500e+02     1428.5       37.7   1.31900e+01   8.35000e-02     2           1.09740e+02   5.64600e+00  
     2022         9        14         4        41        34         82       7100       5362 1663130494.000   1663130494.000    6.30000e+02      90.00      45.00   2.88500e+02   3.63500e+02     1358.3       26.3   2.63700e+01   1.35300e-01     1           1.44680e+02   5.65900e+00  
     2022         9        14         4        43        58         83       7100       5362 1663130638.000   1663130638.000    6.30000e+02     180.00      45.00   2.88500e+02   3.63500e+02     1432.1       48.4   4.04500e+01   2.81800e-01     2           6.71200e+01   4.42300e+00  
     2022         9        14         4        46        58         84       7100       5362 1663130818.000   1663130818.000    6.30000e+02     -90.00      45.00   2.88500e+02   3.63500e+02     1430.5       32.0  -2.37000e+00   1.28000e-02     2           1.52860e+02   6.66800e+00  
     2022         9        14         4        49        22         85       7100       5362 1663130962.000   1663130962.000    6.30000e+02       0.00      90.00   2.88500e+02   3.63500e+02     1390.8       26.7           nan           nan     1           1.61900e+02   6.21500e+00  
     2022         9        14         4        51        46         86       7100       5362 1663131106.000   1663131106.000    6.30000e+02       0.00      45.00   2.88500e+02   3.63500e+02     1379.3       23.4  -9.81000e+00   4.46000e-02     1           2.00400e+02   6.81100e+00  
     2022         9        14         4        54        10         87       7100       5362 1663131250.000   1663131250.000    6.30000e+02      90.00      45.00   2.88500e+02   3.63500e+02     1347.0       24.6   2.94600e+01   1.38100e-01     1           1.55930e+02   5.78100e+00  
     2022         9        14         4        56        34         88       7100       5362 1663131394.000   1663131394.000    6.30000e+02     180.00      45.00   2.88500e+02   3.63500e+02     1361.0       35.4   2.38400e+01   1.37700e-01     1           9.69300e+01   4.99200e+00  
     2022         9        14         4        58        58         89       7100       5362 1663131538.000   1663131538.000    6.30000e+02     -90.00      45.00   2.87500e+02   3.62500e+02     1483.1       40.0  -1.41600e+01   8.61000e-02     2           1.14850e+02   5.99800e+00  
     2022         9        14         5         5        34         90       7100       5362 1663131934.000   1663131934.000    6.30000e+02       0.00      90.00   2.87500e+02   3.62500e+02     1366.2       28.2           nan           nan     1           1.47740e+02   6.05900e+00  
     2022         9        14         5         7        58         91       7100       5362 1663132078.000   1663132078.000    6.30000e+02       0.00      45.00   2.87500e+02   3.62500e+02     1416.5       35.1  -4.40000e-01   2.80000e-03     2           1.21340e+02   5.87500e+00  
     2022         9        14         5        10        22         92       7100       5362 1663132222.000   1663132222.000    6.30000e+02      90.00      45.00   2.87500e+02   3.62500e+02     1331.2       26.2   1.61100e+01   9.55000e-02     1           1.45560e+02   5.76900e+00  
     2022         9        14         5        12        46         93       7100       5362 1663132366.000   1663132366.000    6.30000e+02     180.00      45.00   2.87500e+02   3.62500e+02     1410.3       51.4   2.50800e+01   2.15900e-01     2           6.33000e+01   4.46700e+00  
     2022         9        14         5        15        10         94       7100       5362 1663132510.000   1663132510.000    6.30000e+02     -90.00      45.00   2.87500e+02   3.62500e+02     1627.1       75.0  -2.43100e+01   2.62900e-01     2           6.15000e+01   5.32200e+00  
     2022         9        14         5        17        34         95       7100       5362 1663132654.000   1663132654.000    6.30000e+02       0.00      90.00   2.87500e+02   3.62500e+02     1448.6       52.6           nan           nan     2           6.86000e+01   4.80000e+00  
     2022         9        14         5        19        58         96       7100       5362 1663132798.000   1663132798.000    6.30000e+02       0.00      45.00   2.87500e+02   3.62500e+02     1396.0       37.4  -1.25600e+01   1.02500e-01     2           1.20270e+02   6.23100e+00  
     2022         9        14         5        22        58         97       7100       5362 1663132978.000   1663132978.000    6.30000e+02      90.00      45.00   2.87500e+02   3.62500e+02     1456.8       56.3   2.43200e+01   2.32400e-01     2           6.00100e+01   4.46700e+00  
     2022         9        14         5        25        22         98       7100       5362 1663133122.000   1663133122.000    6.30000e+02     180.00      45.00   2.87500e+02   3.62500e+02     1530.6       69.6   2.36100e+01   2.48500e-01     2           5.26100e+01   4.54300e+00  
     2022         9        14         5        27        46         99       7100       5362 1663133266.000   1663133266.000    6.30000e+02     -90.00      45.00   2.87500e+02   3.62500e+02     1451.5       46.0  -2.53800e+01   2.10400e-01     2           9.91600e+01   6.01200e+00  
     2022         9        14         5        33        46        100       7100       5362 1663133626.000   1663133626.000    6.30000e+02       0.00      90.00   2.87500e+02   3.62500e+02     1399.8       39.0           nan           nan     2           1.14200e+02   6.14100e+00  
     2022         9        14         5        36        10        101       7100       5362 1663133770.000   1663133770.000    6.30000e+02       0.00      45.00   2.87500e+02   3.62500e+02     1421.0       49.1  -1.51300e+01   1.27900e-01     2           8.58600e+01   5.67500e+00  
     2022         9        14         5        39        10        102       7100       5362 1663133950.000   1663133950.000    6.30000e+02      90.00      45.00   2.87500e+02   3.62500e+02     1369.6       45.2   2.42200e+01   2.08800e-01     2           8.85500e+01   5.60800e+00  
     2022         9        14         5        41        34        103       7100       5362 1663134094.000   1663134094.000    6.30000e+02     180.00      45.00   2.87500e+02   3.62500e+02     1323.2       33.5   5.26800e+01   4.10800e-01     1           1.01480e+02   5.09200e+00  
     2022         9        14         5        46        22        104       7100       5362 1663134382.000   1663134382.000    6.30000e+02       0.00      90.00   2.87500e+02   3.62500e+02     1463.2       57.5           nan           nan     2           7.79500e+01   5.79700e+00  
     2022         9        14         5        51        10        105       7100       5362 1663134670.000   1663134670.000    6.30000e+02      90.00      45.00   2.87500e+02   3.62500e+02     1527.7       84.4   5.77100e+01   7.41300e-01     2           4.71500e+01   4.87800e+00  
     2022         9        14         8         1        58        106       7100       5362 1663142518.000   1663142518.000    6.30000e+02      90.00      45.00   2.50500e+02   3.25500e+02     1490.3       88.0   7.24000e+00   1.18200e-01     2           4.03700e+01   4.47000e+00  
     2022         9        14         8         9        10        107       7100       5362 1663142950.000   1663142950.000    6.30000e+02       0.00      90.00   2.50500e+02   3.25500e+02     1437.0       87.0           nan           nan     2           3.86200e+01   4.39000e+00  
     2022         9        14         8        13        58        108       7100       5362 1663143238.000   1663143238.000    6.30000e+02      90.00      45.00   2.50500e+02   3.25500e+02     1452.9       75.0   5.47700e+01   8.55900e-01     2           4.58900e+01   4.47600e+00  
     2022         9        14         8        16        58        109       7100       5362 1663143418.000   1663143418.000    6.30000e+02     180.00      45.00   2.50500e+02   3.25500e+02     1525.5       78.9   5.45800e+01   8.38200e-01     2           4.91400e+01   4.77800e+00  
