   YEAR     MONTH      DAY       HOUR      MIN       SEC       RECNO     KINDAT      KINST       UT1_UNIX        UT2_UNIX        WAVLEN        AZM        ELM         ALTB          ALTE         TN         DTN        VNHLU         DVNHLU     FPI_DATAQUAL      RLE           DRLE     
     2022         9        23        21        48        10          0       7100       5362 1663969690.000   1663969690.000    6.30000e+02      90.00      45.00   2.14500e+02   2.89500e+02     1189.9        6.9   5.86500e+01   3.00100e-01     1           6.13200e+02   8.37800e+00  
     2022         9        23        21        50        34          1       7100       5362 1663969834.000   1663969834.000    6.30000e+02     180.00      45.00   2.14500e+02   2.89500e+02     1188.9        6.5   3.62400e+01   1.80000e-01     1           6.72540e+02   8.71100e+00  
     2022         9        23        21        58        58          2       7100       5362 1663970338.000   1663970338.000    6.30000e+02       0.00      90.00   2.18500e+02   2.93500e+02     1179.1        7.4           nan           nan     1           5.20350e+02   7.71800e+00  
     2022         9        23        22         1        22          3       7100       5362 1663970482.000   1663970482.000    6.30000e+02       0.00      45.00   2.18500e+02   2.93500e+02     1189.5        6.3  -1.57100e+01   7.82000e-02     1           7.04330e+02   8.89400e+00  
     2022         9        23        22         4        22          4       7100       5362 1663970662.000   1663970662.000    6.30000e+02      90.00      45.00   2.18500e+02   2.93500e+02     1164.7        6.6   7.47200e+01   4.07500e-01     1           6.12790e+02   8.26700e+00  
     2022         9        23        22         6        46          5       7100       5362 1663970806.000   1663970806.000    6.30000e+02     180.00      45.00   2.18500e+02   2.93500e+02     1169.2        6.6   4.33600e+01   2.35300e-01     1           6.08410e+02   8.24700e+00  
     2022         9        23        22         9        10          6       7100       5362 1663970950.000   1663970950.000    6.30000e+02     -90.00      45.00   2.18500e+02   2.93500e+02     1192.8        6.0  -5.89900e+01   2.91800e-01     1           7.87940e+02   9.41800e+00  
     2022         9        23        22        11        34          7       7100       5362 1663971094.000   1663971094.000    6.30000e+02       0.00      90.00   2.18500e+02   2.93500e+02     1168.0        7.3           nan           nan     1           5.19160e+02   7.66400e+00  
     2022         9        23        22        13        58          8       7100       5362 1663971238.000   1663971238.000    6.30000e+02       0.00      45.00   2.18500e+02   2.93500e+02     1170.1        6.1  -1.63900e+01   8.58000e-02     1           7.15550e+02   8.94800e+00  
     2022         9        23        22        16        22          9       7100       5362 1663971382.000   1663971382.000    6.30000e+02      90.00      45.00   2.18500e+02   2.93500e+02     1136.6        6.5   7.19200e+01   4.10400e-01     1           6.07250e+02   8.23300e+00  
     2022         9        23        22        19        22         10       7100       5362 1663971562.000   1663971562.000    6.30000e+02     180.00      45.00   2.18500e+02   2.93500e+02     1145.7        6.5   4.07600e+01   2.29900e-01     1           6.02580e+02   8.19800e+00  
     2022         9        23        22        21        46         11       7100       5362 1663971706.000   1663971706.000    6.30000e+02     -90.00      45.00   2.18500e+02   2.93500e+02     1167.4        5.9  -7.19100e+01   3.69100e-01     1           7.64970e+02   9.26700e+00  
     2022         9        23        22        27        46         12       7100       5362 1663972066.000   1663972066.000    6.30000e+02       0.00      90.00   2.18500e+02   2.93500e+02     1151.3        7.1           nan           nan     1           5.32140e+02   7.75100e+00  
     2022         9        23        22        30        10         13       7100       5362 1663972210.000   1663972210.000    6.30000e+02       0.00      45.00   2.18500e+02   2.93500e+02     1161.9        5.7  -2.10600e+01   1.12800e-01     1           8.05870e+02   9.47300e+00  
     2022         9        23        22        32        34         14       7100       5362 1663972354.000   1663972354.000    6.30000e+02      90.00      45.00   2.18500e+02   2.93500e+02     1135.7        6.5   8.05000e+01   4.93900e-01     1           5.92470e+02   8.14700e+00  
     2022         9        23        22        34        58         15       7100       5362 1663972498.000   1663972498.000    6.30000e+02     180.00      45.00   2.18500e+02   2.93500e+02     1121.7        6.6   3.10700e+01   1.84900e-01     1           5.76850e+02   8.04000e+00  
     2022         9        23        22        37        22         16       7100       5362 1663972642.000   1663972642.000    6.30000e+02     -90.00      45.00   2.18500e+02   2.93500e+02     1158.7        5.9  -7.02200e+01   3.78800e-01     1           7.63360e+02   9.25300e+00  
     2022         9        23        22        40        22         17       7100       5362 1663972822.000   1663972822.000    6.30000e+02       0.00      90.00   2.18500e+02   2.93500e+02     1142.4        7.1           nan           nan     1           5.16730e+02   7.64700e+00  
     2022         9        23        22        42        46         18       7100       5362 1663972966.000   1663972966.000    6.30000e+02       0.00      45.00   2.18500e+02   2.93500e+02     1151.0        5.8  -7.80000e+00   4.46000e-02     1           7.61780e+02   9.22100e+00  
     2022         9        23        22        47        34         19       7100       5362 1663973254.000   1663973254.000    6.30000e+02     180.00      45.00   2.18500e+02   2.93500e+02     1136.4        6.7   2.70800e+01   1.72000e-01     1           5.70950e+02   7.98100e+00  
     2022         9        23        22        49        58         20       7100       5362 1663973398.000   1663973398.000    6.30000e+02     -90.00      45.00   2.18500e+02   2.93500e+02     1143.3        5.9  -7.80700e+01   4.42100e-01     1           7.51320e+02   9.19900e+00  
     2022         9        23        22        55        58         21       7100       5362 1663973758.000   1663973758.000    6.30000e+02       0.00      90.00   2.18500e+02   2.93500e+02     1138.8        7.2           nan           nan     1           4.94820e+02   7.48200e+00  
     2022         9        23        22        58        58         22       7100       5362 1663973938.000   1663973938.000    6.30000e+02       0.00      45.00   2.25500e+02   3.00500e+02     1143.4        6.1  -1.01900e+01   6.39000e-02     1           6.93910e+02   8.82000e+00  
     2022         9        23        23         3        46         23       7100       5362 1663974226.000   1663974226.000    6.30000e+02     180.00      45.00   2.25500e+02   3.00500e+02     1131.3        7.3   2.04200e+01   1.44800e-01     1           4.82060e+02   7.40200e+00  
     2022         9        23        23         6        10         24       7100       5362 1663974370.000   1663974370.000    6.30000e+02     -90.00      45.00   2.25500e+02   3.00500e+02     1149.4        6.2  -8.46400e+01   5.26900e-01     1           6.82070e+02   8.77900e+00  
     2022         9        23        23         8        34         25       7100       5362 1663974514.000   1663974514.000    6.30000e+02       0.00      90.00   2.25500e+02   3.00500e+02     1130.4        7.5           nan           nan     1           4.53470e+02   7.16900e+00  
     2022         9        23        23        10        58         26       7100       5362 1663974658.000   1663974658.000    6.30000e+02       0.00      45.00   2.25500e+02   3.00500e+02     1138.2        6.1  -7.32000e+00   4.81000e-02     1           6.79250e+02   8.71200e+00  
     2022         9        23        23        16        22         27       7100       5362 1663974982.000   1663974982.000    6.30000e+02     180.00      45.00   2.25500e+02   3.00500e+02     1134.7        8.0   1.30600e+01   9.96000e-02     1           4.17050e+02   6.91800e+00  
     2022         9        23        23        18        46         28       7100       5362 1663975126.000   1663975126.000    6.30000e+02     -90.00      45.00   2.25500e+02   3.00500e+02     1146.2        6.2  -8.69400e+01   5.56500e-01     1           6.70820e+02   8.69400e+00  
     2022         9        23        23        34        58         29       7100       5362 1663976098.000   1663976098.000    6.30000e+02     -90.00      45.00   2.25500e+02   3.00500e+02     1126.3        7.3  -8.08300e+01   5.58600e-01     1           5.39400e+02   8.08300e+00  
     2022         9        23        23        46        58         30       7100       5362 1663976818.000   1663976818.000    6.30000e+02     -90.00      45.00   2.25500e+02   3.00500e+02     1144.7        8.7  -8.10000e+01   6.21000e-01     1           4.16940e+02   7.26800e+00  
     2022         9        24         0         3        10         31       7100       5362 1663977790.000   1663977790.000    6.30000e+02     -90.00      45.00   2.35500e+02   3.10500e+02     1128.2       13.0  -6.41200e+01   6.32500e-01     1           2.27120e+02   5.77000e+00  
