   YEAR     MONTH      DAY       HOUR      MIN       SEC       RECNO     KINDAT      KINST       UT1_UNIX        UT2_UNIX        WAVLEN        AZM        ELM         ALTB          ALTE         TN         DTN        VNHLU         DVNHLU     FPI_DATAQUAL      RLE           DRLE     
     2022         9         7        22        11        34          0       7100       5362 1662588694.000   1662588694.000    6.30000e+02      90.00      45.00   2.17500e+02   2.92500e+02     1503.0       23.1   4.59700e+01   1.63200e-01     2           4.99090e+02   1.45200e+01  
     2022         9         7        22        22        58          1       7100       5362 1662589378.000   1662589378.000    6.30000e+02       0.00      90.00   2.17500e+02   2.92500e+02     1331.6       15.7           nan           nan     2           3.51350e+02   8.44500e+00  
     2022         9         7        22        27        46          2       7100       5362 1662589666.000   1662589666.000    6.30000e+02      90.00      45.00   2.17500e+02   2.92500e+02     1454.4       26.4   5.58900e+01   2.27600e-01     2           3.56980e+02   1.22770e+01  
     2022         9         7        22        30        10          3       7100       5362 1662589810.000   1662589810.000    6.30000e+02     180.00      45.00   2.17500e+02   2.92500e+02     1343.8       17.9   4.91200e+01   1.64400e-01     2           2.98190e+02   8.03400e+00  
     2022         9         7        22        33        10          4       7100       5362 1662589990.000   1662589990.000    6.30000e+02     -90.00      45.00   2.17500e+02   2.92500e+02     1355.7       15.2  -3.55300e+01   1.12200e-01     2           3.80250e+02   8.73400e+00  
     2022         9         7        22        35        34          5       7100       5362 1662590134.000   1662590134.000    6.30000e+02       0.00      90.00   2.17500e+02   2.92500e+02     1373.8       20.2           nan           nan     2           3.07290e+02   8.91800e+00  
     2022         9         7        22        37        58          6       7100       5362 1662590278.000   1662590278.000    6.30000e+02       0.00      45.00   2.17500e+02   2.92500e+02     1381.1       17.6  -1.46700e+01   5.20000e-02     2           4.07970e+02   1.02880e+01  
     2022         9         7        22        40        22          7       7100       5362 1662590422.000   1662590422.000    6.30000e+02      90.00      45.00   2.17500e+02   2.92500e+02     1548.7       32.5   4.39300e+01   2.18300e-01     2           3.02680e+02   1.19260e+01  
     2022         9         7        22        42        46          8       7100       5362 1662590566.000   1662590566.000    6.30000e+02     180.00      45.00   2.17500e+02   2.92500e+02     1345.2       20.0   4.34900e+01   1.70700e-01     2           2.39860e+02   7.23000e+00  
     2022         9         7        22        45        10          9       7100       5362 1662590710.000   1662590710.000    6.30000e+02     -90.00      45.00   2.17500e+02   2.92500e+02     1351.5       17.0  -2.72000e+01   1.00700e-01     2           3.27810e+02   8.37600e+00  
     2022         9         7        22        51        46         10       7100       5362 1662591106.000   1662591106.000    6.30000e+02       0.00      90.00   2.17500e+02   2.92500e+02     1366.2       24.6           nan           nan     2           2.35080e+02   8.26000e+00  
     2022         9         7        22        54        10         11       7100       5362 1662591250.000   1662591250.000    6.30000e+02       0.00      45.00   2.17500e+02   2.92500e+02     1366.4       20.4  -1.01800e+01   4.43000e-02     2           3.49060e+02   1.01550e+01  
     2022         9         7        22        56        34         12       7100       5362 1662591394.000   1662591394.000    6.30000e+02      90.00      45.00   2.17500e+02   2.92500e+02     1576.6       38.5   4.13600e+01   2.46900e-01     2           2.50400e+02   1.14050e+01  
     2022         9         7        22        58        58         13       7100       5362 1662591538.000   1662591538.000    6.30000e+02     180.00      45.00   2.23500e+02   2.98500e+02     1314.6       22.2   3.54200e+01   1.65500e-01     1           1.93940e+02   6.60600e+00  
     2022         9         7        23         1        22         14       7100       5362 1662591682.000   1662591682.000    6.30000e+02     -90.00      45.00   2.23500e+02   2.98500e+02     1318.6       15.5  -6.02100e+01   2.46300e-01     1           2.86920e+02   7.09300e+00  
     2022         9         7        23         3        46         15       7100       5362 1662591826.000   1662591826.000    6.30000e+02       0.00      90.00   2.23500e+02   2.98500e+02     1384.3       29.2           nan           nan     2           1.90860e+02   7.80600e+00  
     2022         9         7        23         6        10         16       7100       5362 1662591970.000   1662591970.000    6.30000e+02       0.00      45.00   2.23500e+02   2.98500e+02     1398.8       24.8  -1.67300e+01   8.83000e-02     2           2.95190e+02   1.00770e+01  
     2022         9         7        23         9        10         17       7100       5362 1662592150.000   1662592150.000    6.30000e+02      90.00      45.00   2.23500e+02   2.98500e+02     1446.9       33.6   8.11800e+01   4.97000e-01     2           2.07350e+02   9.16000e+00  
     2022         9         7        23        11        34         18       7100       5362 1662592294.000   1662592294.000    6.30000e+02     180.00      45.00   2.23500e+02   2.98500e+02     1307.4       23.8   3.96800e+01   2.11800e-01     1           1.79070e+02   6.51400e+00  
     2022         9         7        23        13        58         19       7100       5362 1662592438.000   1662592438.000    6.30000e+02     -90.00      45.00   2.23500e+02   2.98500e+02     1307.2       17.2  -3.84600e+01   1.82700e-01     1           2.57330e+02   6.98700e+00  
     2022         9         7        23        19        58         20       7100       5362 1662592798.000   1662592798.000    6.30000e+02       0.00      90.00   2.23500e+02   2.98500e+02     1464.0       36.7           nan           nan     2           1.90740e+02   9.04200e+00  
     2022         9         7        23        22        22         21       7100       5362 1662592942.000   1662592942.000    6.30000e+02       0.00      45.00   2.23500e+02   2.98500e+02     1385.1       26.2   2.40500e+01   1.43500e-01     2           2.38810e+02   8.75100e+00  
     2022         9         7        23        24        46         22       7100       5362 1662593086.000   1662593086.000    6.30000e+02      90.00      45.00   2.23500e+02   2.98500e+02     1484.9       38.0   7.19300e+01   5.14000e-01     2           1.90810e+02   9.20300e+00  
     2022         9         7        23        27        46         23       7100       5362 1662593266.000   1662593266.000    6.30000e+02     180.00      45.00   2.23500e+02   2.98500e+02     1309.7       26.7   4.77600e+01   2.96800e-01     1           1.61030e+02   6.49700e+00  
     2022         9         7        23        30        10         24       7100       5362 1662593410.000   1662593410.000    6.30000e+02     -90.00      45.00   2.23500e+02   2.98500e+02     1281.2       16.9  -2.99100e+01   1.58800e-01     1           2.48220e+02   6.78700e+00  
     2022         9         7        23        32        34         25       7100       5362 1662593554.000   1662593554.000    6.30000e+02       0.00      90.00   2.23500e+02   2.98500e+02     1459.0       40.0           nan           nan     2           1.90610e+02   9.80500e+00  
     2022         9         7        23        34        58         26       7100       5362 1662593698.000   1662593698.000    6.30000e+02       0.00      45.00   2.23500e+02   2.98500e+02     1346.0       21.7   2.71000e+01   1.59200e-01     2           2.62470e+02   8.33900e+00  
     2022         9         7        23        37        22         27       7100       5362 1662593842.000   1662593842.000    6.30000e+02      90.00      45.00   2.23500e+02   2.98500e+02     1558.9       42.2   7.25200e+01   5.55000e-01     2           1.86060e+02   9.44000e+00  
     2022         9         7        23        39        46         28       7100       5362 1662593986.000   1662593986.000    6.30000e+02     180.00      45.00   2.23500e+02   2.98500e+02     1347.3       29.8   4.87800e+01   3.28300e-01     2           1.60910e+02   6.94600e+00  
     2022         9         7        23        42        46         29       7100       5362 1662594166.000   1662594166.000    6.30000e+02     -90.00      45.00   2.23500e+02   2.98500e+02     1296.4       18.1  -2.37900e+01   1.31700e-01     1           2.24220e+02   6.49200e+00  
     2022         9         7        23        51        10         30       7100       5362 1662594670.000   1662594670.000    6.30000e+02       0.00      45.00   2.23500e+02   2.98500e+02     1288.4       19.3   4.65400e+01   2.66400e-01     2           2.48860e+02   7.52000e+00  
     2022         9         7        23        53        34         31       7100       5362 1662594814.000   1662594814.000    6.30000e+02      90.00      45.00   2.23500e+02   2.98500e+02     1419.9       36.6   9.73500e+01   7.17900e-01     2           1.57130e+02   7.72400e+00  
     2022         9         7        23        55        58         32       7100       5362 1662594958.000   1662594958.000    6.30000e+02     180.00      45.00   2.23500e+02   2.98500e+02     1357.2       32.6   3.64900e+01   2.55600e-01     2           1.28140e+02   6.03500e+00  
     2022         9         7        23        58        22         33       7100       5362 1662595102.000   1662595102.000    6.30000e+02     -90.00      45.00   2.23500e+02   2.98500e+02     1287.3       20.5  -2.81300e+01   1.63900e-01     1           1.98760e+02   6.44300e+00  
     2022         9         8         0         3        46         34       7100       5362 1662595426.000   1662595426.000    6.30000e+02       0.00      45.00   2.31500e+02   3.06500e+02     1306.5       22.4   5.42700e+01   3.30400e-01     2           2.07910e+02   7.12400e+00  
     2022         9         8         0         8        34         35       7100       5362 1662595714.000   1662595714.000    6.30000e+02     180.00      45.00   2.31500e+02   3.06500e+02     1433.0       42.1   2.88600e+01   2.27600e-01     2           1.06690e+02   6.03100e+00  
     2022         9         8         0        10        58         36       7100       5362 1662595858.000   1662595858.000    6.30000e+02     -90.00      45.00   2.31500e+02   3.06500e+02     1499.2       42.7  -2.84700e+01   2.25600e-01     2           1.54620e+02   8.31100e+00  
     2022         9         8         0        19        22         37       7100       5362 1662596362.000   1662596362.000    6.30000e+02       0.00      45.00   2.31500e+02   3.06500e+02     1395.9       32.8   4.50200e+01   3.16500e-01     2           1.64230e+02   7.43500e+00  
     2022         9         8         0        37        22         38       7100       5362 1662597442.000   1662597442.000    6.30000e+02     180.00      45.00   2.31500e+02   3.06500e+02     1554.0       66.3  -1.01700e+01   1.03500e-01     2           7.59800e+01   6.07900e+00  
     2022         9         8         0        52        58         39       7100       5362 1662598378.000   1662598378.000    6.30000e+02     180.00      45.00   2.31500e+02   3.06500e+02     1567.3       76.3  -5.60700e+01   6.10800e-01     2           5.88700e+01   5.36700e+00  
     2022         9         8         1         0        46         40       7100       5362 1662598846.000   1662598846.000    6.30000e+02       0.00      45.00   2.40500e+02   3.15500e+02     1491.0       57.1   6.84100e+01   6.33800e-01     2           8.63100e+01   6.22800e+00  
     2022         9         8         1        24        10         41       7100       5362 1662600250.000   1662600250.000    6.30000e+02     -90.00      45.00   2.40500e+02   3.15500e+02     1500.5       60.3  -8.44700e+01   8.30800e-01     2           9.06300e+01   6.81900e+00  
     2022         9         8         1        45        10         42       7100       5362 1662601510.000   1662601510.000    6.30000e+02       0.00      45.00   2.40500e+02   3.15500e+02     1449.0       56.3   9.73200e+01   9.24600e-01     2           7.99900e+01   5.88300e+00  
     2022         9         8         2        13        58         43       7100       5362 1662603238.000   1662603238.000    6.30000e+02       0.00      45.00   2.49500e+02   3.24500e+02     1398.0       41.5   9.03700e+01   7.47500e-01     2           1.08630e+02   6.19900e+00  
     2022         9         8         2        16        22         44       7100       5362 1662603382.000   1662603382.000    6.30000e+02      90.00      45.00   2.49500e+02   3.24500e+02     1540.1       76.9   8.16700e+01   9.44700e-01     2           5.67800e+01   5.31300e+00  
     2022         9         8         2        26        34         45       7100       5362 1662603994.000   1662603994.000    6.30000e+02       0.00      45.00   2.49500e+02   3.24500e+02     1435.3       43.4   8.62200e+01   7.28200e-01     2           1.20780e+02   6.94300e+00  
     2022         9         8         2        28        58         46       7100       5362 1662604138.000   1662604138.000    6.30000e+02      90.00      45.00   2.49500e+02   3.24500e+02     1548.7       66.6   9.05300e+01   9.53100e-01     2           8.01800e+01   6.44100e+00  
     2022         9         8         2        31        22         47       7100       5362 1662604282.000   1662604282.000    6.30000e+02     180.00      45.00   2.49500e+02   3.24500e+02     1423.8       54.2  -4.63000e+00   4.44000e-02     2           8.11100e+01   5.85400e+00  
     2022         9         8         2        42        46         48       7100       5362 1662604966.000   1662604966.000    6.30000e+02       0.00      45.00   2.49500e+02   3.24500e+02     1317.5       29.2   9.70000e+01   6.97600e-01     1           1.40600e+02   6.15400e+00  
     2022         9         8         2        45        10         49       7100       5362 1662605110.000   1662605110.000    6.30000e+02      90.00      45.00   2.49500e+02   3.24500e+02     1547.8       59.8   4.51200e+01   4.46900e-01     2           9.47300e+01   6.85200e+00  
     2022         9         8         2        47        34         50       7100       5362 1662605254.000   1662605254.000    6.30000e+02     180.00      45.00   2.49500e+02   3.24500e+02     1372.1       48.0  -2.40400e+01   2.15700e-01     2           8.71000e+01   5.81800e+00  
     2022         9         8         2        54        46         51       7100       5362 1662605686.000   1662605686.000    6.30000e+02       0.00      45.00   2.49500e+02   3.24500e+02     1281.3       24.4   9.76500e+01   6.58500e-01     1           1.55650e+02   5.96700e+00  
     2022         9         8         2        57        46         52       7100       5362 1662605866.000   1662605866.000    6.30000e+02      90.00      45.00   2.49500e+02   3.24500e+02     1312.0       37.9   1.07680e+02   8.65100e-01     1           7.47800e+01   4.31100e+00  
     2022         9         8         3         0        10         53       7100       5362 1662606010.000   1662606010.000    6.30000e+02     180.00      45.00   2.58500e+02   3.33500e+02     1390.3       46.7   1.63700e+01   1.45900e-01     2           9.05900e+01   5.82400e+00  
     2022         9         8         3        10        58         54       7100       5362 1662606658.000   1662606658.000    6.30000e+02       0.00      45.00   2.58500e+02   3.33500e+02     1278.6       21.1   8.97400e+01   5.80800e-01     1           1.95160e+02   6.53500e+00  
     2022         9         8         3        13        58         55       7100       5362 1662606838.000   1662606838.000    6.30000e+02      90.00      45.00   2.58500e+02   3.33500e+02     1331.9       36.0   9.74600e+01   7.71500e-01     1           9.72500e+01   5.17200e+00  
     2022         9         8         3        23        34         56       7100       5362 1662607414.000   1662607414.000    6.30000e+02       0.00      45.00   2.58500e+02   3.33500e+02     1266.7       18.9   6.55800e+01   4.12100e-01     1           2.14320e+02   6.57700e+00  
     2022         9         8         3        25        58         57       7100       5362 1662607558.000   1662607558.000    6.30000e+02      90.00      45.00   2.58500e+02   3.33500e+02     1328.9       32.4   8.36900e+01   6.35300e-01     1           1.12050e+02   5.40300e+00  
     2022         9         8         3        28        22         58       7100       5362 1662607702.000   1662607702.000    6.30000e+02     180.00      45.00   2.58500e+02   3.33500e+02     1541.3       49.8   1.98500e+01   1.80200e-01     2           1.24110e+02   7.54700e+00  
     2022         9         8         3        31        22         59       7100       5362 1662607882.000   1662607882.000    6.30000e+02     -90.00      45.00   2.58500e+02   3.33500e+02     1450.9       37.0  -6.39800e+01   5.16900e-01     2           1.97910e+02   9.51900e+00  
     2022         9         8         3        37        22         60       7100       5362 1662608242.000   1662608242.000    6.30000e+02       0.00      90.00   2.58500e+02   3.33500e+02     1533.1       46.9           nan           nan     2           1.53680e+02   8.80300e+00  
     2022         9         8         3        39        46         61       7100       5362 1662608386.000   1662608386.000    6.30000e+02       0.00      45.00   2.58500e+02   3.33500e+02     1288.9       16.5   6.00500e+01   3.52100e-01     1           2.58400e+02   6.90800e+00  
     2022         9         8         3        42        10         62       7100       5362 1662608530.000   1662608530.000    6.30000e+02      90.00      45.00   2.58500e+02   3.33500e+02     1318.5       28.1   8.93000e+01   6.07900e-01     1           1.13400e+02   4.91600e+00  
     2022         9         8         3        44        34         63       7100       5362 1662608674.000   1662608674.000    6.30000e+02     180.00      45.00   2.58500e+02   3.33500e+02     1419.5       42.2   1.34800e+01   1.07900e-01     2           1.11990e+02   6.37200e+00  
     2022         9         8         3        49        58         64       7100       5362 1662608998.000   1662608998.000    6.30000e+02       0.00      90.00   2.58500e+02   3.33500e+02     1458.4       37.8           nan           nan     2           1.54220e+02   7.63300e+00  
     2022         9         8         3        52        22         65       7100       5362 1662609142.000   1662609142.000    6.30000e+02       0.00      45.00   2.58500e+02   3.33500e+02     1282.2       15.2   4.09300e+01   2.03000e-01     1           2.74480e+02   6.86700e+00  
     2022         9         8         3        54        46         66       7100       5362 1662609286.000   1662609286.000    6.30000e+02      90.00      45.00   2.58500e+02   3.33500e+02     1313.9       25.9   7.66300e+01   4.50600e-01     1           1.21630e+02   4.93000e+00  
     2022         9         8         3        57        10         67       7100       5362 1662609430.000   1662609430.000    6.30000e+02     180.00      45.00   2.58500e+02   3.33500e+02     1475.9       43.8   1.69900e+01   1.26600e-01     2           1.12670e+02   6.39400e+00  
     2022         9         8         4         5        34         68       7100       5362 1662609934.000   1662609934.000    6.30000e+02       0.00      90.00   2.65500e+02   3.40500e+02     1327.8       29.0           nan           nan     1           1.31680e+02   5.73200e+00  
     2022         9         8         4         7        58         69       7100       5362 1662610078.000   1662610078.000    6.30000e+02       0.00      45.00   2.65500e+02   3.40500e+02     1281.8       14.0   6.32000e+00   2.59000e-02     1           3.02740e+02   7.03600e+00  
     2022         9         8         4        10        58         70       7100       5362 1662610258.000   1662610258.000    6.30000e+02      90.00      45.00   2.65500e+02   3.40500e+02     1298.4       22.6   4.62800e+01   2.26200e-01     1           1.40340e+02   5.09400e+00  
     2022         9         8         4        13        22         71       7100       5362 1662610402.000   1662610402.000    6.30000e+02     180.00      45.00   2.65500e+02   3.40500e+02     1462.0       42.7  -4.85000e+00   3.28000e-02     2           1.17990e+02   6.58800e+00  
     2022         9         8         4        18        10         72       7100       5362 1662610690.000   1662610690.000    6.30000e+02       0.00      90.00   2.65500e+02   3.40500e+02     1328.3       26.3           nan           nan     1           1.43500e+02   5.71700e+00  
     2022         9         8         4        20        34         73       7100       5362 1662610834.000   1662610834.000    6.30000e+02       0.00      45.00   2.65500e+02   3.40500e+02     1272.4       12.9  -7.54000e+00   2.80000e-02     1           3.27810e+02   7.17300e+00  
     2022         9         8         4        22        58         74       7100       5362 1662610978.000   1662610978.000    6.30000e+02      90.00      45.00   2.65500e+02   3.40500e+02     1270.8       19.4   3.92300e+01   1.67400e-01     1           1.63180e+02   5.27000e+00  
     2022         9         8         4        25        58         75       7100       5362 1662611158.000   1662611158.000    6.30000e+02     180.00      45.00   2.65500e+02   3.40500e+02     1514.2       43.7   3.48000e+00   2.24000e-02     2           1.38180e+02   7.55900e+00  
     2022         9         8         4        34        22         76       7100       5362 1662611662.000   1662611662.000    6.30000e+02       0.00      90.00   2.65500e+02   3.40500e+02     1291.7       21.5           nan           nan     1           1.74340e+02   5.95000e+00  
     2022         9         8         4        36        46         77       7100       5362 1662611806.000   1662611806.000    6.30000e+02       0.00      45.00   2.65500e+02   3.40500e+02     1261.4       12.4  -1.71600e+01   5.54000e-02     1           3.38590e+02   7.20900e+00  
     2022         9         8         4        39        10         78       7100       5362 1662611950.000   1662611950.000    6.30000e+02      90.00      45.00   2.65500e+02   3.40500e+02     1262.0       17.1   4.03400e+01   1.46900e-01     1           1.91040e+02   5.53800e+00  
     2022         9         8         4        41        34         79       7100       5362 1662612094.000   1662612094.000    6.30000e+02     180.00      45.00   2.65500e+02   3.40500e+02     1414.7       31.2   3.26900e+01   1.62900e-01     2           1.71780e+02   7.34000e+00  
     2022         9         8         4        44        34         80       7100       5362 1662612274.000   1662612274.000    6.30000e+02     -90.00      45.00   2.65500e+02   3.40500e+02     1582.4       28.5  -5.25000e+01   2.41000e-01     2           4.12760e+02   1.39670e+01  
     2022         9         8         4        46        58         81       7100       5362 1662612418.000   1662612418.000    6.30000e+02       0.00      90.00   2.65500e+02   3.40500e+02     1276.6       19.2           nan           nan     1           1.90130e+02   5.95300e+00  
     2022         9         8         4        49        22         82       7100       5362 1662612562.000   1662612562.000    6.30000e+02       0.00      45.00   2.65500e+02   3.40500e+02     1263.3       12.6  -1.26200e+01   3.89000e-02     1           3.24960e+02   7.04400e+00  
     2022         9         8         4        51        46         83       7100       5362 1662612706.000   1662612706.000    6.30000e+02      90.00      45.00   2.65500e+02   3.40500e+02     1258.0       17.0   4.31200e+01   1.51900e-01     1           1.88150e+02   5.46700e+00  
     2022         9         8         4        54        10         84       7100       5362 1662612850.000   1662612850.000    6.30000e+02     180.00      45.00   2.65500e+02   3.40500e+02     1318.4       23.3   3.86500e+01   1.62000e-01     1           1.87460e+02   6.63500e+00  
     2022         9         8         4        56        34         85       7100       5362 1662612994.000   1662612994.000    6.30000e+02     -90.00      45.00   2.65500e+02   3.40500e+02     1498.9       25.2  -4.83400e+01   2.08600e-01     2           3.87590e+02   1.23940e+01  
     2022         9         8         5         3        10         86       7100       5362 1662613390.000   1662613390.000    6.30000e+02       0.00      90.00   2.66500e+02   3.41500e+02     1284.6       19.8           nan           nan     1           1.82890e+02   5.85900e+00  
     2022         9         8         5         5        34         87       7100       5362 1662613534.000   1662613534.000    6.30000e+02       0.00      45.00   2.66500e+02   3.41500e+02     1257.6       14.1  -2.70100e+01   8.96000e-02     1           2.67620e+02   6.47800e+00  
     2022         9         8         5         7        58         88       7100       5362 1662613678.000   1662613678.000    6.30000e+02      90.00      45.00   2.66500e+02   3.41500e+02     1251.3       17.8   3.19100e+01   1.18400e-01     1           1.72880e+02   5.26300e+00  
     2022         9         8         5        10        22         89       7100       5362 1662613822.000   1662613822.000    6.30000e+02     180.00      45.00   2.66500e+02   3.41500e+02     1313.0       22.2   3.82500e+01   1.60900e-01     1           1.85380e+02   6.35800e+00  
     2022         9         8         5        12        46         90       7100       5362 1662613966.000   1662613966.000    6.30000e+02     -90.00      45.00   2.66500e+02   3.41500e+02     1460.1       24.8  -4.17700e+01   1.86100e-01     2           3.30290e+02   1.07720e+01  
     2022         9         8         5        15        10         91       7100       5362 1662614110.000   1662614110.000    6.30000e+02       0.00      90.00   2.66500e+02   3.41500e+02     1274.8       21.3           nan           nan     1           1.66040e+02   5.71100e+00  
     2022         9         8         5        18        10         92       7100       5362 1662614290.000   1662614290.000    6.30000e+02       0.00      45.00   2.66500e+02   3.41500e+02     1258.1       17.1  -1.91900e+01   7.36000e-02     1           2.03990e+02   5.88600e+00  
     2022         9         8         5        20        34         93       7100       5362 1662614434.000   1662614434.000    6.30000e+02      90.00      45.00   2.66500e+02   3.41500e+02     1258.8       19.2   3.93800e+01   1.61500e-01     1           1.55900e+02   5.06000e+00  
     2022         9         8         5        22        58         94       7100       5362 1662614578.000   1662614578.000    6.30000e+02     180.00      45.00   2.66500e+02   3.41500e+02     1273.6       22.2   3.29600e+01   1.50000e-01     1           1.67720e+02   5.96100e+00  
     2022         9         8         5        25        22         95       7100       5362 1662614722.000   1662614722.000    6.30000e+02     -90.00      45.00   2.66500e+02   3.41500e+02     1474.5       27.5  -3.90700e+01   1.96300e-01     2           2.71790e+02   9.71700e+00  
     2022         9         8         5        31        22         96       7100       5362 1662615082.000   1662615082.000    6.30000e+02       0.00      90.00   2.66500e+02   3.41500e+02     1296.6       26.5           nan           nan     1           1.28870e+02   5.33600e+00  
     2022         9         8         5        33        46         97       7100       5362 1662615226.000   1662615226.000    6.30000e+02       0.00      45.00   2.66500e+02   3.41500e+02     1253.7       22.7  -2.09000e+01   1.04800e-01     1           1.36410e+02   5.11400e+00  
     2022         9         8         5        36        46         98       7100       5362 1662615406.000   1662615406.000    6.30000e+02      90.00      45.00   2.66500e+02   3.41500e+02     1264.2       24.5   3.29200e+01   1.73800e-01     1           1.11220e+02   4.50200e+00  
     2022         9         8         5        39        10         99       7100       5362 1662615550.000   1662615550.000    6.30000e+02     180.00      45.00   2.66500e+02   3.41500e+02     1274.9       24.3   4.36100e+01   2.38500e-01     1           1.42230e+02   5.51900e+00  
     2022         9         8         5        41        34        100       7100       5362 1662615694.000   1662615694.000    6.30000e+02     -90.00      45.00   2.66500e+02   3.41500e+02     1466.6       33.0  -2.68900e+01   1.70900e-01     2           1.96810e+02   8.47700e+00  
     2022         9         8         5        43        58        101       7100       5362 1662615838.000   1662615838.000    6.30000e+02       0.00      90.00   2.66500e+02   3.41500e+02     1298.7       32.7           nan           nan     1           9.82500e+01   4.93700e+00  
     2022         9         8         5        46        22        102       7100       5362 1662615982.000   1662615982.000    6.30000e+02       0.00      45.00   2.66500e+02   3.41500e+02     1271.0       28.0  -1.17600e+01   7.43000e-02     1           1.05380e+02   4.73500e+00  
     2022         9         8         5        48        46        103       7100       5362 1662616126.000   1662616126.000    6.30000e+02      90.00      45.00   2.66500e+02   3.41500e+02     1268.1       32.9   5.71700e+01   4.00500e-01     1           7.57500e+01   4.00600e+00  
     2022         9         8         5        51        10        104       7100       5362 1662616270.000   1662616270.000    6.30000e+02     180.00      45.00   2.66500e+02   3.41500e+02     1333.4       32.7   5.29400e+01   3.80000e-01     1           1.03940e+02   5.07100e+00  
     2022         9         8         5        54        10        105       7100       5362 1662616450.000   1662616450.000    6.30000e+02     -90.00      45.00   2.66500e+02   3.41500e+02     1520.6       41.8  -3.43100e+01   2.80200e-01     2           1.47990e+02   7.71800e+00  
     2022         9         8         6         0        10        106       7100       5362 1662616810.000   1662616810.000    6.30000e+02       0.00      90.00   2.61500e+02   3.36500e+02     1365.3       48.2           nan           nan     2           6.16200e+01   4.25800e+00  
     2022         9         8         6         2        34        107       7100       5362 1662616954.000   1662616954.000    6.30000e+02       0.00      45.00   2.61500e+02   3.36500e+02     1308.3       35.6  -4.66000e+00   3.99000e-02     1           7.83000e+01   4.28100e+00  
     2022         9         8         6         4        58        108       7100       5362 1662617098.000   1662617098.000    6.30000e+02      90.00      45.00   2.61500e+02   3.36500e+02     1344.9       48.7   4.15500e+01   4.13100e-01     1           4.91300e+01   3.53200e+00  
     2022         9         8         6         7        22        109       7100       5362 1662617242.000   1662617242.000    6.30000e+02     180.00      45.00   2.61500e+02   3.36500e+02     1379.5       50.4   3.78600e+01   3.98500e-01     2           6.28500e+01   4.45400e+00  
     2022         9         8         6         9        46        110       7100       5362 1662617386.000   1662617386.000    6.30000e+02     -90.00      45.00   2.61500e+02   3.36500e+02     1633.4       58.5  -2.38100e+01   2.66100e-01     2           1.04630e+02   7.01700e+00  
     2022         9         8         6        12        46        111       7100       5362 1662617566.000   1662617566.000    6.30000e+02       0.00      90.00   2.61500e+02   3.36500e+02     1429.1       61.3           nan           nan     2           4.63400e+01   3.85200e+00  
     2022         9         8         6        15        10        112       7100       5362 1662617710.000   1662617710.000    6.30000e+02       0.00      45.00   2.61500e+02   3.36500e+02     1316.8       44.0   3.13300e+01   3.33500e-01     1           6.05900e+01   4.00400e+00  
     2022         9         8         6        17        34        113       7100       5362 1662617854.000   1662617854.000    6.30000e+02      90.00      45.00   2.61500e+02   3.36500e+02     1417.6       63.5   3.63200e+01   4.58000e-01     2           3.85200e+01   3.37200e+00  
     2022         9         8         6        19        58        114       7100       5362 1662617998.000   1662617998.000    6.30000e+02     180.00      45.00   2.61500e+02   3.36500e+02     1538.2       74.9  -2.16800e+01   3.04500e-01     2           4.50800e+01   4.17500e+00  
     2022         9         8         6        22        22        115       7100       5362 1662618142.000   1662618142.000    6.30000e+02     -90.00      45.00   2.61500e+02   3.36500e+02     1712.5       74.8  -3.52900e+01   5.02200e-01     2           7.88100e+01   6.40500e+00  
     2022         9         8         6        28        22        116       7100       5362 1662618502.000   1662618502.000    6.30000e+02       0.00      90.00   2.61500e+02   3.36500e+02     1403.7       81.9           nan           nan     2           3.04500e+01   3.40100e+00  
     2022         9         8         6        31        22        117       7100       5362 1662618682.000   1662618682.000    6.30000e+02       0.00      45.00   2.61500e+02   3.36500e+02     1386.6       62.8   5.74800e+01   8.67700e-01     2           4.16700e+01   3.66100e+00  
     2022         9         8         6        33        46        118       7100       5362 1662618826.000   1662618826.000    6.30000e+02      90.00      45.00   2.61500e+02   3.36500e+02     1472.3       92.3   4.42500e+01   8.04200e-01     2           2.56900e+01   3.08100e+00  
     2022         9         8         6        36        10        119       7100       5362 1662618970.000   1662618970.000    6.30000e+02     180.00      45.00   2.61500e+02   3.36500e+02     1559.6      103.5  -2.07800e+01   4.09600e-01     2           3.00300e+01   3.75100e+00  
     2022         9         8         6        40        58        120       7100       5362 1662619258.000   1662619258.000    6.30000e+02       0.00      90.00   2.61500e+02   3.36500e+02     1490.5      109.5           nan           nan     2           2.23100e+01   3.10300e+00  
     2022         9         8         6        43        22        121       7100       5362 1662619402.000   1662619402.000    6.30000e+02       0.00      45.00   2.61500e+02   3.36500e+02     1506.8       86.7   7.91000e+01   1.51300e+00     2           3.14700e+01   3.45700e+00  
     2022         9         8         6        45        46        122       7100       5362 1662619546.000   1662619546.000    6.30000e+02      90.00      45.00   2.61500e+02   3.36500e+02     1480.2      116.7   9.29300e+01   2.10980e+00     2           1.98900e+01   2.96700e+00  
     2022         9         8         6        48        46        123       7100       5362 1662619726.000   1662619726.000    6.30000e+02     180.00      45.00   2.61500e+02   3.36500e+02     1731.0      134.9  -2.26000e+00   5.38000e-02     2           2.46200e+01   3.57700e+00  
     2022         9         8         6        57        10        124       7100       5362 1662620230.000   1662620230.000    6.30000e+02       0.00      90.00   2.61500e+02   3.36500e+02     1601.4      144.2           nan           nan     2           1.70300e+01   2.87700e+00  
     2022         9         8         6        59        34        125       7100       5362 1662620374.000   1662620374.000    6.30000e+02       0.00      45.00   2.68500e+02   3.43500e+02     1496.7      105.9   1.37310e+02   3.19450e+00     2           2.31600e+01   3.10900e+00  
     2022         9         8         7         1        58        126       7100       5362 1662620518.000   1662620518.000    6.30000e+02      90.00      45.00   2.68500e+02   3.43500e+02     1627.5      144.5   1.46400e+01   4.02400e-01     2           1.66200e+01   2.77400e+00  
     2022         9         8         7         4        22        127       7100       5362 1662620662.000   1662620662.000    6.30000e+02     180.00      45.00   2.68500e+02   3.43500e+02     1723.3      144.7  -4.52400e+01   1.19490e+00     2           2.08200e+01   3.26200e+00  
     2022         9         8         7         9        46        128       7100       5362 1662620986.000   1662620986.000    6.30000e+02       0.00      90.00   2.68500e+02   3.43500e+02     1492.9      144.6           nan           nan     2           1.42300e+01   2.59600e+00  
     2022         9         8         7        12        10        129       7100       5362 1662621130.000   1662621130.000    6.30000e+02       0.00      45.00   2.68500e+02   3.43500e+02     1481.8      116.7  -2.20300e+01   5.55000e-01     2           2.05800e+01   3.06000e+00  
     2022         9         8         7        14        34        130       7100       5362 1662621274.000   1662621274.000    6.30000e+02      90.00      45.00   2.68500e+02   3.43500e+02     1591.3      140.3  -7.86000e+00   2.09200e-01     2           1.59000e+01   2.64600e+00  
     2022         9         8         7        16        58        131       7100       5362 1662621418.000   1662621418.000    6.30000e+02     180.00      45.00   2.68500e+02   3.43500e+02     1331.2      112.7  -5.65800e+01   1.42350e+00     2           1.69000e+01   2.71900e+00  
     2022         9         8         7        19        22        132       7100       5362 1662621562.000   1662621562.000    6.30000e+02     -90.00      45.00   2.68500e+02   3.43500e+02     1555.7      117.1   1.82000e+01   4.44100e-01     2           2.55200e+01   3.60100e+00  
     2022         9         8         7        25        58        133       7100       5362 1662621958.000   1662621958.000    6.30000e+02       0.00      90.00   2.68500e+02   3.43500e+02     1252.4      114.0           nan           nan     2           1.29700e+01   2.26200e+00  
     2022         9         8         7        28        22        134       7100       5362 1662622102.000   1662622102.000    6.30000e+02       0.00      45.00   2.68500e+02   3.43500e+02     1277.1       90.8   4.85500e+01   1.03980e+00     2           1.92000e+01   2.63000e+00  
     2022         9         8         7        33        10        135       7100       5362 1662622390.000   1662622390.000    6.30000e+02     180.00      45.00   2.68500e+02   3.43500e+02     1482.8      110.9  -1.70670e+02   3.66390e+00     2           1.81100e+01   2.59200e+00  
     2022         9         8         7        35        34        136       7100       5362 1662622534.000   1662622534.000    6.30000e+02     -90.00      45.00   2.68500e+02   3.43500e+02     1323.7       82.9  -1.75700e+01   3.37200e-01     2           2.50300e+01   3.01500e+00  
     2022         9         8         7        38        34        137       7100       5362 1662622714.000   1662622714.000    6.30000e+02       0.00      90.00   2.68500e+02   3.43500e+02     1363.1      101.0           nan           nan     2           1.57300e+01   2.25900e+00  
     2022         9         8         7        40        58        138       7100       5362 1662622858.000   1662622858.000    6.30000e+02       0.00      45.00   2.68500e+02   3.43500e+02     1317.8       72.6   7.44000e+01   1.26170e+00     2           2.48700e+01   2.68500e+00  
     2022         9         8         7        43        22        139       7100       5362 1662623002.000   1662623002.000    6.30000e+02      90.00      45.00   2.68500e+02   3.43500e+02     1270.2       67.9   6.38400e+01   1.02050e+00     1           2.33600e+01   2.47600e+00  
     2022         9         8         7        45        46        140       7100       5362 1662623146.000   1662623146.000    6.30000e+02     180.00      45.00   2.68500e+02   3.43500e+02     1292.5       71.9   1.89200e+01   2.99200e-01     1           2.19300e+01   2.41500e+00  
     2022         9         8         7        48        10        141       7100       5362 1662623290.000   1662623290.000    6.30000e+02     -90.00      45.00   2.68500e+02   3.43500e+02     1323.8       61.8  -1.78400e+01   2.47200e-01     1           3.16400e+01   2.91900e+00  
     2022         9         8         7        54        10        142       7100       5362 1662623650.000   1662623650.000    6.30000e+02       0.00      90.00   2.68500e+02   3.43500e+02     1230.1       59.8           nan           nan     1           2.38300e+01   2.33800e+00  
     2022         9         8         7        56        34        143       7100       5362 1662623794.000   1662623794.000    6.30000e+02       0.00      45.00   2.68500e+02   3.43500e+02     1254.3       44.5   4.21000e+00   4.28000e-02     1           4.03100e+01   2.91600e+00  
     2022         9         8         7        59        34        144       7100       5362 1662623974.000   1662623974.000    6.30000e+02      90.00      45.00   2.52500e+02   3.27500e+02     1209.8       30.8   6.37400e+01   5.32200e-01     1           5.77200e+01   3.11700e+00  
     2022         9         8         8         1        58        145       7100       5362 1662624118.000   1662624118.000    6.30000e+02     180.00      45.00   2.52500e+02   3.27500e+02     1184.2       39.5   4.62700e+01   4.10300e-01     1           3.94200e+01   2.73100e+00  
     2022         9         8         8         4        22        146       7100       5362 1662624262.000   1662624262.000    6.30000e+02     -90.00      45.00   2.52500e+02   3.27500e+02     1266.7       40.1  -2.61800e+01   2.16500e-01     1           4.85100e+01   3.14800e+00  
     2022         9         8         8         6        46        147       7100       5362 1662624406.000   1662624406.000    6.30000e+02       0.00      90.00   2.52500e+02   3.27500e+02     1191.8       37.2           nan           nan     1           4.36000e+01   2.84100e+00  
     2022         9         8         8         9        10        148       7100       5362 1662624550.000   1662624550.000    6.30000e+02       0.00      45.00   2.52500e+02   3.27500e+02     1211.3       27.4  -1.00000e-01   6.00000e-04     1           7.55300e+01   3.60900e+00  
     2022         9         8         8        11        34        149       7100       5362 1662624694.000   1662624694.000    6.30000e+02      90.00      45.00   2.52500e+02   3.27500e+02     1174.1       16.1   5.86600e+01   2.89600e-01     1           1.58920e+02   4.78500e+00  
     2022         9         8         8        14        34        150       7100       5362 1662624874.000   1662624874.000    6.30000e+02     180.00      45.00   2.52500e+02   3.27500e+02     1209.0       23.8   5.51900e+01   3.01800e-01     1           9.22700e+01   3.88000e+00  
     2022         9         8         8        16        58        151       7100       5362 1662625018.000   1662625018.000    6.30000e+02     -90.00      45.00   2.52500e+02   3.27500e+02     1257.8       30.2  -2.83700e+01   1.65500e-01     1           8.10900e+01   4.01300e+00  
     2022         9         8         8        22        58        152       7100       5362 1662625378.000   1662625378.000    6.30000e+02       0.00      90.00   2.52500e+02   3.27500e+02     1205.8       20.9           nan           nan     1           1.61420e+02   5.75000e+00  
     2022         9         8         8        25        22        153       7100       5362 1662625522.000   1662625522.000    6.30000e+02       0.00      45.00   2.52500e+02   3.27500e+02     1264.8       18.4  -1.36100e+01   5.57000e-02     2           2.88850e+02   8.40400e+00  
     2022         9         8         8        27        46        154       7100       5362 1662625666.000   1662625666.000    6.30000e+02      90.00      45.00   2.52500e+02   3.27500e+02     1335.4       15.2   4.97900e+01   1.86600e-01     2           6.44790e+02   1.42750e+01  
     2022         9         8         8        30        10        155       7100       5362 1662625810.000   1662625810.000    6.30000e+02     180.00      45.00   2.52500e+02   3.27500e+02     1399.2       22.3   9.45500e+01   4.22300e-01     2           4.12500e+02   1.25410e+01  
