   YEAR     MONTH      DAY       HOUR      MIN       SEC       RECNO     KINDAT      KINST       UT1_UNIX        UT2_UNIX        WAVLEN        AZM        ELM         ALTB          ALTE         TN         DTN        VNHLU         DVNHLU     FPI_DATAQUAL      RLE           DRLE     
     2022         9        14        22        34        58          0       7100       5362 1663194898.000   1663194898.000    6.30000e+02     -90.00      45.00   2.26500e+02   3.01500e+02     1389.0       67.6  -4.76200e+01   4.45500e-01     1           2.29900e+01   2.25800e+00  
     2022         9        14        22        47        34          1       7100       5362 1663195654.000   1663195654.000    6.30000e+02     -90.00      45.00   2.26500e+02   3.01500e+02     1430.9       66.4  -5.85300e+01   5.45500e-01     1           2.65500e+01   2.47300e+00  
     2022         9        14        23        37        22          2       7100       5362 1663198642.000   1663198642.000    6.30000e+02       0.00      45.00   2.34500e+02   3.09500e+02     1408.4       52.2  -1.88400e+01   1.54500e-01     2           5.14800e+01   3.75000e+00  
     2022         9        14        23        44        34          3       7100       5362 1663199074.000   1663199074.000    6.30000e+02     -90.00      45.00   2.34500e+02   3.09500e+02     1411.2       53.8  -4.49000e+00   3.82000e-02     2           5.12800e+01   3.82200e+00  
     2022         9        14        23        52        58          4       7100       5362 1663199578.000   1663199578.000    6.30000e+02       0.00      45.00   2.34500e+02   3.09500e+02     1532.4       63.1  -9.75000e+00   8.80000e-02     2           5.67000e+01   4.47100e+00  
     2022         9        15         0        50        34          5       7100       5362 1663203034.000   1663203034.000    6.30000e+02       0.00      45.00   2.44500e+02   3.19500e+02     1423.8       48.4  -2.09000e+01   1.68800e-01     2           7.19000e+01   4.73900e+00  
     2022         9        15         1         2        34          6       7100       5362 1663203754.000   1663203754.000    6.30000e+02       0.00      45.00   2.55500e+02   3.30500e+02     1395.0       46.2  -2.29100e+01   1.78900e-01     2           6.72400e+01   4.36500e+00  
     2022         9        15         1        26        34          7       7100       5362 1663205194.000   1663205194.000    6.30000e+02     -90.00      45.00   2.55500e+02   3.30500e+02     1437.5       49.5   1.08200e+01   8.69000e-02     2           6.31900e+01   4.25300e+00  
     2022         9        15         1        28        58          8       7100       5362 1663205338.000   1663205338.000    6.30000e+02       0.00      90.00   2.55500e+02   3.30500e+02     1342.1       42.0           nan           nan     1           6.17100e+01   3.85700e+00  
     2022         9        15         1        31        22          9       7100       5362 1663205482.000   1663205482.000    6.30000e+02       0.00      45.00   2.55500e+02   3.30500e+02     1402.2       63.6   2.60700e+01   2.48900e-01     2           5.03500e+01   4.36500e+00  
     2022         9        15         1        33        46         10       7100       5362 1663205626.000   1663205626.000    6.30000e+02      90.00      45.00   2.55500e+02   3.30500e+02     1325.8       49.8   5.85800e+01   4.89700e-01     1           4.41600e+01   3.30400e+00  
     2022         9        15         1        36        10         11       7100       5362 1663205770.000   1663205770.000    6.30000e+02     180.00      45.00   2.55500e+02   3.30500e+02     1367.4       45.5   3.43000e+01   2.73100e-01     1           5.11500e+01   3.42000e+00  
     2022         9        15         1        38        34         12       7100       5362 1663205914.000   1663205914.000    6.30000e+02     -90.00      45.00   2.55500e+02   3.30500e+02     1421.3       58.0  -7.60000e-01   7.00000e-03     2           5.14700e+01   4.06300e+00  
     2022         9        15         1        44        34         13       7100       5362 1663206274.000   1663206274.000    6.30000e+02       0.00      90.00   2.55500e+02   3.30500e+02     1380.4       49.0           nan           nan     1           5.11200e+01   3.59500e+00  
     2022         9        15         1        47        34         14       7100       5362 1663206454.000   1663206454.000    6.30000e+02       0.00      45.00   2.55500e+02   3.30500e+02     1496.3       69.4  -1.93600e+01   2.02900e-01     2           4.94700e+01   4.36800e+00  
     2022         9        15         1        49        58         15       7100       5362 1663206598.000   1663206598.000    6.30000e+02      90.00      45.00   2.55500e+02   3.30500e+02     1372.0       53.1   2.11000e+01   1.93100e-01     1           4.40100e+01   3.37100e+00  
     2022         9        15         1        52        22         16       7100       5362 1663206742.000   1663206742.000    6.30000e+02     180.00      45.00   2.55500e+02   3.30500e+02     1377.2       54.5   3.94800e+01   3.71300e-01     1           4.15200e+01   3.25300e+00  
     2022         9        15         1        54        46         17       7100       5362 1663206886.000   1663206886.000    6.30000e+02     -90.00      45.00   2.55500e+02   3.30500e+02     1495.9       75.2   3.52000e+01   3.89000e-01     2           4.21000e+01   4.03100e+00  
     2022         9        15         1        57        10         18       7100       5362 1663207030.000   1663207030.000    6.30000e+02       0.00      90.00   2.55500e+02   3.30500e+02     1376.8       52.4           nan           nan     1           4.67500e+01   3.51300e+00  
     2022         9        15         1        59        34         19       7100       5362 1663207174.000   1663207174.000    6.30000e+02       0.00      45.00   2.72500e+02   3.47500e+02     1521.9       81.0  -7.70000e-01   9.20000e-03     2           4.27700e+01   4.29700e+00  
     2022         9        15         2         2        34         20       7100       5362 1663207354.000   1663207354.000    6.30000e+02      90.00      45.00   2.72500e+02   3.47500e+02     1349.6       64.6   2.07300e+01   2.27400e-01     2           3.33300e+01   3.11800e+00  
     2022         9        15         2         4        58         21       7100       5362 1663207498.000   1663207498.000    6.30000e+02     180.00      45.00   2.72500e+02   3.47500e+02     1427.3       88.6   3.28900e+01   4.37800e-01     2           2.42000e+01   2.89000e+00  
     2022         9        15         2         7        22         22       7100       5362 1663207642.000   1663207642.000    6.30000e+02     -90.00      45.00   2.72500e+02   3.47500e+02     1490.5      102.2   1.37900e+01   2.01400e-01     2           2.95800e+01   3.80700e+00  
     2022         9        15         2        13        22         23       7100       5362 1663208002.000   1663208002.000    6.30000e+02       0.00      90.00   2.72500e+02   3.47500e+02     1504.2       70.9           nan           nan     2           3.64200e+01   3.33000e+00  
     2022         9        15         2        15        46         24       7100       5362 1663208146.000   1663208146.000    6.30000e+02       0.00      45.00   2.72500e+02   3.47500e+02     1458.0       87.6   2.32000e+00   3.21000e-02     2           3.69900e+01   4.18300e+00  
     2022         9        15         2        18        10         25       7100       5362 1663208290.000   1663208290.000    6.30000e+02      90.00      45.00   2.72500e+02   3.47500e+02     1437.1       58.0  -1.98700e+01   2.17200e-01     1           4.08100e+01   3.25400e+00  
     2022         9        15         2        21        10         26       7100       5362 1663208470.000   1663208470.000    6.30000e+02     180.00      45.00   2.72500e+02   3.47500e+02     1454.7       72.5   2.48800e+01   3.00100e-01     2           3.21700e+01   3.11400e+00  
     2022         9        15         2        23        34         27       7100       5362 1663208614.000   1663208614.000    6.30000e+02     -90.00      45.00   2.72500e+02   3.47500e+02     1600.3       90.6  -4.20000e-01   5.70000e-03     2           3.81600e+01   4.06900e+00  
     2022         9        15         2        25        58         28       7100       5362 1663208758.000   1663208758.000    6.30000e+02       0.00      90.00   2.72500e+02   3.47500e+02     1454.5       63.2           nan           nan     2           4.00700e+01   3.39800e+00  
     2022         9        15         2        28        22         29       7100       5362 1663208902.000   1663208902.000    6.30000e+02       0.00      45.00   2.72500e+02   3.47500e+02     1467.4       80.2   4.40900e+01   5.59500e-01     2           3.92300e+01   4.06000e+00  
     2022         9        15         2        30        46         30       7100       5362 1663209046.000   1663209046.000    6.30000e+02      90.00      45.00   2.72500e+02   3.47500e+02     1509.7       85.0   3.74500e+01   4.80000e-01     2           2.79300e+01   3.03000e+00  
     2022         9        15         2        33        10         31       7100       5362 1663209190.000   1663209190.000    6.30000e+02     180.00      45.00   2.72500e+02   3.47500e+02     1609.7      124.6   4.39000e+01   6.91900e-01     2           2.15500e+01   3.13300e+00  
     2022         9        15         2        59        34         32       7100       5362 1663210774.000   1663210774.000    6.30000e+02      90.00      45.00   2.84500e+02   3.59500e+02     1730.6      175.7   4.47400e+01   8.65100e-01     2           1.50000e+01   2.82900e+00  
     2022         9        15         3        39        10         33       7100       5362 1663213150.000   1663213150.000    6.30000e+02       0.00      90.00   2.84500e+02   3.59500e+02     1622.6       82.2           nan           nan     2           3.80100e+01   3.67700e+00  
     2022         9        15         3        56        34         34       7100       5362 1663214194.000   1663214194.000    6.30000e+02      90.00      45.00   2.84500e+02   3.59500e+02     1697.0      139.3   5.90300e+01   1.04170e+00     2           1.99400e+01   3.06300e+00  
     2022         9        15         3        58        58         35       7100       5362 1663214338.000   1663214338.000    6.30000e+02     180.00      45.00   2.87500e+02   3.62500e+02     1588.2      127.7   9.09900e+01   1.57980e+00     2           1.96700e+01   2.97600e+00  
     2022         9        15         4         7        58         36       7100       5362 1663214878.000   1663214878.000    6.30000e+02       0.00      90.00   2.87500e+02   3.62500e+02     1475.5       64.6           nan           nan     2           4.38400e+01   3.71600e+00  
     2022         9        15         4        10        22         37       7100       5362 1663215022.000   1663215022.000    6.30000e+02       0.00      45.00   2.87500e+02   3.62500e+02     1533.7       55.8  -2.74100e+01   2.78200e-01     2           6.69600e+01   4.68800e+00  
     2022         9        15         4        12        46         38       7100       5362 1663215166.000   1663215166.000    6.30000e+02      90.00      45.00   2.87500e+02   3.62500e+02     1424.2       40.5   2.03000e+01   1.69300e-01     1           7.08200e+01   4.03800e+00  
     2022         9        15         4        15        10         39       7100       5362 1663215310.000   1663215310.000    6.30000e+02     180.00      45.00   2.87500e+02   3.62500e+02     1397.3       46.3   3.73900e+01   3.18100e-01     1           5.79900e+01   3.81300e+00  
     2022         9        15         4        17        34         40       7100       5362 1663215454.000   1663215454.000    6.30000e+02     -90.00      45.00   2.87500e+02   3.62500e+02     1461.3       50.3   2.25000e+00   1.89000e-02     2           7.10900e+01   4.73200e+00  
     2022         9        15         4        19        58         41       7100       5362 1663215598.000   1663215598.000    6.30000e+02       0.00      90.00   2.87500e+02   3.62500e+02     1387.8       39.6           nan           nan     1           7.60200e+01   4.31600e+00  
     2022         9        15         4        22        58         42       7100       5362 1663215778.000   1663215778.000    6.30000e+02       0.00      45.00   2.87500e+02   3.62500e+02     1471.9       54.7  -3.85000e+00   3.68000e-02     2           6.58800e+01   4.70900e+00  
     2022         9        15         4        25        22         43       7100       5362 1663215922.000   1663215922.000    6.30000e+02      90.00      45.00   2.87500e+02   3.62500e+02     1383.5       41.7   2.79300e+01   2.65600e-01     1           6.42800e+01   3.88000e+00  
     2022         9        15         4        27        46         44       7100       5362 1663216066.000   1663216066.000    6.30000e+02     180.00      45.00   2.87500e+02   3.62500e+02     1389.8       50.4   1.48200e+01   1.67500e-01     1           5.06700e+01   3.63200e+00  
     2022         9        15         4        30        10         45       7100       5362 1663216210.000   1663216210.000    6.30000e+02     -90.00      45.00   2.87500e+02   3.62500e+02     1609.0       98.3   1.15000e+01   1.89000e-01     2           3.68500e+01   4.21400e+00  
     2022         9        15         4        36        10         46       7100       5362 1663216570.000   1663216570.000    6.30000e+02       0.00      90.00   2.87500e+02   3.62500e+02     1529.7      115.3           nan           nan     2           2.27700e+01   3.23600e+00  
     2022         9        15         4        41        34         47       7100       5362 1663216894.000   1663216894.000    6.30000e+02      90.00      45.00   2.87500e+02   3.62500e+02     1445.4       63.9   4.88800e+01   6.40200e-01     1           3.74600e+01   3.24400e+00  
     2022         9        15         4        43        58         48       7100       5362 1663217038.000   1663217038.000    6.30000e+02     180.00      45.00   2.87500e+02   3.62500e+02     1385.9       48.7   3.69500e+01   3.80300e-01     1           5.29800e+01   3.68400e+00  
     2022         9        15         4        46        22         49       7100       5362 1663217182.000   1663217182.000    6.30000e+02     -90.00      45.00   2.87500e+02   3.62500e+02     1547.0       74.1   3.14800e+01   3.48200e-01     2           4.87900e+01   4.43300e+00  
     2022         9        15         4        48        46         50       7100       5362 1663217326.000   1663217326.000    6.30000e+02       0.00      90.00   2.87500e+02   3.62500e+02     1383.2       31.6           nan           nan     1           1.03860e+02   4.78200e+00  
     2022         9        15         4        51        10         51       7100       5362 1663217470.000   1663217470.000    6.30000e+02       0.00      45.00   2.87500e+02   3.62500e+02     1376.5       24.3  -8.01000e+00   4.31000e-02     1           1.64640e+02   5.89600e+00  
     2022         9        15         4        56        34         52       7100       5362 1663217794.000   1663217794.000    6.30000e+02     180.00      45.00   2.87500e+02   3.62500e+02     1368.6       35.2   4.36000e+01   3.21800e-01     1           8.05100e+01   4.18900e+00  
     2022         9        15         4        58        58         53       7100       5362 1663217938.000   1663217938.000    6.30000e+02     -90.00      45.00   2.87500e+02   3.62500e+02     1567.3       74.8  -1.15200e+01   1.27400e-01     2           5.12900e+01   4.62600e+00  
     2022         9        15         5         4        58         54       7100       5362 1663218298.000   1663218298.000    6.30000e+02       0.00      90.00   2.87500e+02   3.62500e+02     1480.4       64.6           nan           nan     2           4.91000e+01   4.11400e+00  
     2022         9        15         5         7        22         55       7100       5362 1663218442.000   1663218442.000    6.30000e+02       0.00      45.00   2.87500e+02   3.62500e+02     1462.0       58.7  -2.87800e+01   3.22100e-01     2           5.91600e+01   4.55500e+00  
     2022         9        15         5         9        46         56       7100       5362 1663218586.000   1663218586.000    6.30000e+02      90.00      45.00   2.87500e+02   3.62500e+02     1407.1       53.2  -2.83600e+01   3.00900e-01     1           4.95000e+01   3.68000e+00  
     2022         9        15         5        12        10         57       7100       5362 1663218730.000   1663218730.000    6.30000e+02     180.00      45.00   2.87500e+02   3.62500e+02     1378.2       38.8   1.50000e-01   1.40000e-03     1           7.54300e+01   4.23700e+00  
     2022         9        15         5        15        10         58       7100       5362 1663218910.000   1663218910.000    6.30000e+02     -90.00      45.00   2.87500e+02   3.62500e+02     1634.1       73.3  -4.10600e+01   4.89200e-01     2           5.92200e+01   5.00800e+00  
     2022         9        15         5        17        34         59       7100       5362 1663219054.000   1663219054.000    6.30000e+02       0.00      90.00   2.87500e+02   3.62500e+02     1468.3       63.0           nan           nan     2           4.98000e+01   4.10800e+00  
     2022         9        15         5        22        22         60       7100       5362 1663219342.000   1663219342.000    6.30000e+02      90.00      45.00   2.87500e+02   3.62500e+02     1519.3      130.6   2.93200e+01   5.19900e-01     2           1.95300e+01   3.14500e+00  
     2022         9        15         5        24        46         61       7100       5362 1663219486.000   1663219486.000    6.30000e+02     180.00      45.00   2.87500e+02   3.62500e+02     1588.4      108.9   1.74000e+01   2.62400e-01     2           2.74400e+01   3.53600e+00  
     2022         9        15         5        27        10         62       7100       5362 1663219630.000   1663219630.000    6.30000e+02     -90.00      45.00   2.87500e+02   3.62500e+02     1543.1       85.9   2.78500e+01   3.77200e-01     2           4.44100e+01   4.63900e+00  
     2022         9        15         5        33        46         63       7100       5362 1663220026.000   1663220026.000    6.30000e+02       0.00      90.00   2.87500e+02   3.62500e+02     1452.8       64.1           nan           nan     2           4.87500e+01   4.12700e+00  
     2022         9        15         5        38        34         64       7100       5362 1663220314.000   1663220314.000    6.30000e+02      90.00      45.00   2.87500e+02   3.62500e+02     1645.5      145.0   7.63600e+01   1.38620e+00     2           1.87800e+01   3.08800e+00  
     2022         9        15         8         9        10         65       7100       5362 1663229350.000   1663229350.000    6.30000e+02       0.00      90.00   2.45500e+02   3.20500e+02     1562.3       98.9           nan           nan     2           3.45200e+01   4.09700e+00  
     2022         9        15         8        13        58         66       7100       5362 1663229638.000   1663229638.000    6.30000e+02      90.00      45.00   2.45500e+02   3.20500e+02     1523.2       85.9   4.61400e+01   7.81900e-01     2           3.80100e+01   4.04900e+00  
     2022         9        15         8        16        22         67       7100       5362 1663229782.000   1663229782.000    6.30000e+02     180.00      45.00   2.45500e+02   3.20500e+02     1608.4      105.6   3.51200e+01   6.53100e-01     2           3.36600e+01   4.12900e+00  
