   YEAR     MONTH      DAY       HOUR      MIN       SEC       RECNO     KINDAT      KINST       UT1_UNIX        UT2_UNIX        WAVLEN        AZM        ELM         ALTB          ALTE         TN         DTN        VNHLU         DVNHLU     FPI_DATAQUAL      RLE           DRLE     
     2022         9        24        22         4        22          0       7100       5362 1664057062.000   1664057062.000    6.30000e+02      90.00      45.00   2.24500e+02   2.99500e+02     1161.9        6.6   7.55600e+01   3.31700e-01     1           6.02850e+02   8.20000e+00  
     2022         9        24        22        16        58          1       7100       5362 1664057818.000   1664057818.000    6.30000e+02      90.00      45.00   2.24500e+02   2.99500e+02     1151.6        6.8   7.97200e+01   3.62600e-01     1           5.58790e+02   7.90900e+00  
     2022         9        24        22        19        22          2       7100       5362 1664057962.000   1664057962.000    6.30000e+02     180.00      45.00   2.24500e+02   2.99500e+02     1157.7        6.8   3.70400e+01   1.64000e-01     1           5.80770e+02   8.07800e+00  
     2022         9        24        22        27        46          3       7100       5362 1664058466.000   1664058466.000    6.30000e+02       0.00      90.00   2.24500e+02   2.99500e+02     1144.2        7.7           nan           nan     1           4.50050e+02   7.15500e+00  
     2022         9        24        22        30        10          4       7100       5362 1664058610.000   1664058610.000    6.30000e+02       0.00      45.00   2.24500e+02   2.99500e+02     1151.2        6.3   9.00000e-01   3.90000e-03     1           6.72730e+02   8.70100e+00  
     2022         9        24        22        33        10          5       7100       5362 1664058790.000   1664058790.000    6.30000e+02      90.00      45.00   2.24500e+02   2.99500e+02     1145.6        7.0   8.41400e+01   3.99400e-01     1           5.37340e+02   7.80800e+00  
     2022         9        24        22        35        34          6       7100       5362 1664058934.000   1664058934.000    6.30000e+02     180.00      45.00   2.24500e+02   2.99500e+02     1134.3        7.2   3.51600e+01   1.64300e-01     1           4.97860e+02   7.50000e+00  
     2022         9        24        22        40        22          7       7100       5362 1664059222.000   1664059222.000    6.30000e+02       0.00      90.00   2.24500e+02   2.99500e+02     1134.5        7.5           nan           nan     1           4.62090e+02   7.22100e+00  
     2022         9        24        22        42        46          8       7100       5362 1664059366.000   1664059366.000    6.30000e+02       0.00      45.00   2.24500e+02   2.99500e+02     1138.0        5.9  -1.36300e+01   5.85000e-02     1           7.16730e+02   8.93800e+00  
     2022         9        24        22        45        10          9       7100       5362 1664059510.000   1664059510.000    6.30000e+02      90.00      45.00   2.24500e+02   2.99500e+02     1114.2        6.7   8.60700e+01   4.12900e-01     1           5.47500e+02   7.82200e+00  
     2022         9        24        22        47        34         10       7100       5362 1664059654.000   1664059654.000    6.30000e+02     180.00      45.00   2.24500e+02   2.99500e+02     1120.6        7.3   3.32700e+01   1.61900e-01     1           4.69270e+02   7.29800e+00  
     2022         9        24        22        56        34         11       7100       5362 1664060194.000   1664060194.000    6.30000e+02       0.00      90.00   2.24500e+02   2.99500e+02     1120.2        7.4           nan           nan     1           4.53430e+02   7.16300e+00  
     2022         9        24        22        58        58         12       7100       5362 1664060338.000   1664060338.000    6.30000e+02       0.00      45.00   2.30500e+02   3.05500e+02     1120.5        5.8  -1.31700e+01   5.83000e-02     1           7.28590e+02   8.99700e+00  
     2022         9        24        23         1        22         13       7100       5362 1664060482.000   1664060482.000    6.30000e+02      90.00      45.00   2.30500e+02   3.05500e+02     1102.5        6.8   9.44900e+01   4.83000e-01     1           5.11790e+02   7.57200e+00  
     2022         9        24        23         3        46         14       7100       5362 1664060626.000   1664060626.000    6.30000e+02     180.00      45.00   2.30500e+02   3.05500e+02     1098.9        7.0   3.42900e+01   1.73200e-01     1           4.84850e+02   7.38900e+00  
     2022         9        24        23         6        10         15       7100       5362 1664060770.000   1664060770.000    6.30000e+02     -90.00      45.00   2.30500e+02   3.05500e+02     1124.6        5.9  -9.49200e+01   4.16500e-01     1           7.16420e+02   8.96600e+00  
     2022         9        24        23         9        10         16       7100       5362 1664060950.000   1664060950.000    6.30000e+02       0.00      90.00   2.30500e+02   3.05500e+02     1113.9        7.4           nan           nan     1           4.58930e+02   7.21100e+00  
     2022         9        24        23        11        34         17       7100       5362 1664061094.000   1664061094.000    6.30000e+02       0.00      45.00   2.30500e+02   3.05500e+02     1102.9        5.7  -1.62100e+01   7.45000e-02     1           7.18940e+02   8.94900e+00  
     2022         9        24        23        13        58         18       7100       5362 1664061238.000   1664061238.000    6.30000e+02      90.00      45.00   2.30500e+02   3.05500e+02     1108.4        6.8   9.87000e+01   5.33200e-01     1           5.17510e+02   7.61900e+00  
     2022         9        24        23        16        22         19       7100       5362 1664061382.000   1664061382.000    6.30000e+02     180.00      45.00   2.30500e+02   3.05500e+02     1101.0        7.2   3.19800e+01   1.69800e-01     1           4.67840e+02   7.26200e+00  
     2022         9        24        23        18        46         20       7100       5362 1664061526.000   1664061526.000    6.30000e+02     -90.00      45.00   2.30500e+02   3.05500e+02     1108.7        5.9  -9.85200e+01   4.50700e-01     1           7.01480e+02   8.85200e+00  
     2022         9        24        23        24        46         21       7100       5362 1664061886.000   1664061886.000    6.30000e+02       0.00      90.00   2.30500e+02   3.05500e+02     1100.1        7.5           nan           nan     1           4.26470e+02   6.94700e+00  
     2022         9        24        23        27        10         22       7100       5362 1664062030.000   1664062030.000    6.30000e+02       0.00      45.00   2.30500e+02   3.05500e+02     1089.7        5.7  -1.58900e+01   7.81000e-02     1           7.16610e+02   8.92200e+00  
     2022         9        24        23        30        10         23       7100       5362 1664062210.000   1664062210.000    6.30000e+02      90.00      45.00   2.30500e+02   3.05500e+02     1093.5        7.4   9.31500e+01   5.55600e-01     1           4.31890e+02   6.96200e+00  
     2022         9        24        23        32        34         24       7100       5362 1664062354.000   1664062354.000    6.30000e+02     180.00      45.00   2.30500e+02   3.05500e+02     1101.8        7.8   1.95600e+01   1.14400e-01     1           4.09460e+02   6.83100e+00  
     2022         9        24        23        34        58         25       7100       5362 1664062498.000   1664062498.000    6.30000e+02     -90.00      45.00   2.30500e+02   3.05500e+02     1087.7        6.1  -1.04240e+02   5.16200e-01     1           6.39190e+02   8.50500e+00  
     2022         9        24        23        37        22         26       7100       5362 1664062642.000   1664062642.000    6.30000e+02       0.00      90.00   2.30500e+02   3.05500e+02     1092.0        7.8           nan           nan     1           3.95420e+02   6.70300e+00  
     2022         9        24        23        39        46         27       7100       5362 1664062786.000   1664062786.000    6.30000e+02       0.00      45.00   2.30500e+02   3.05500e+02     1092.8        6.0   3.30000e+00   1.79000e-02     1           6.54250e+02   8.53500e+00  
     2022         9        24        23        42        10         28       7100       5362 1664062930.000   1664062930.000    6.30000e+02      90.00      45.00   2.30500e+02   3.05500e+02     1095.2        8.1   9.86200e+01   6.64800e-01     1           3.72430e+02   6.52500e+00  
     2022         9        24        23        45        10         29       7100       5362 1664063110.000   1664063110.000    6.30000e+02     180.00      45.00   2.30500e+02   3.05500e+02     1094.4        8.8   1.44700e+01   9.82000e-02     1           3.22370e+02   6.11500e+00  
     2022         9        24        23        47        34         30       7100       5362 1664063254.000   1664063254.000    6.30000e+02     -90.00      45.00   2.30500e+02   3.05500e+02     1097.7        6.8  -1.01900e+02   5.95800e-01     1           5.38860e+02   7.85300e+00  
     2022         9        24        23        53        34         31       7100       5362 1664063614.000   1664063614.000    6.30000e+02       0.00      90.00   2.30500e+02   3.05500e+02     1090.4        9.2           nan           nan     0           2.92650e+02   5.81900e+00  
     2022         9        24        23        55        58         32       7100       5362 1664063758.000   1664063758.000    6.30000e+02       0.00      45.00   2.30500e+02   3.05500e+02     1093.0        6.5   3.22000e+00   2.12000e-02     1           5.52760e+02   7.87000e+00  
     2022         9        25         0         0        46         33       7100       5362 1664064046.000   1664064046.000    6.30000e+02     180.00      45.00   2.40500e+02   3.15500e+02     1100.7       10.6   1.09100e+01   9.42000e-02     0           2.41440e+02   5.39800e+00  
     2022         9        25         0         3        46         34       7100       5362 1664064226.000   1664064226.000    6.30000e+02     -90.00      45.00   2.40500e+02   3.15500e+02     1106.1        7.7  -9.81400e+01   7.06700e-01     1           4.33110e+02   7.07800e+00  
     2022         9        25         0         6        10         35       7100       5362 1664064370.000   1664064370.000    6.30000e+02       0.00      90.00   2.40500e+02   3.15500e+02     1106.1       10.6           nan           nan     0           2.35020e+02   5.27800e+00  
     2022         9        25         0         8        34         36       7100       5362 1664064514.000   1664064514.000    6.30000e+02       0.00      45.00   2.40500e+02   3.15500e+02     1093.2        7.3   1.29500e+01   1.01800e-01     1           4.58100e+02   7.25200e+00  
     2022         9        25         0        13        22         37       7100       5362 1664064802.000   1664064802.000    6.30000e+02     180.00      45.00   2.40500e+02   3.15500e+02     1139.7       12.8  -2.05900e+01   2.21000e-01     0           1.88060e+02   4.84100e+00  
     2022         9        25         0        15        46         38       7100       5362 1664064946.000   1664064946.000    6.30000e+02     -90.00      45.00   2.40500e+02   3.15500e+02     1112.4        8.5  -9.25000e+01   7.81700e-01     1           3.67770e+02   6.59000e+00  
     2022         9        25         0        22        22         39       7100       5362 1664065342.000   1664065342.000    6.30000e+02       0.00      90.00   2.40500e+02   3.15500e+02     1105.5       13.2           nan           nan     0           1.65930e+02   4.54400e+00  
     2022         9        25         0        29        34         40       7100       5362 1664065774.000   1664065774.000    6.30000e+02     180.00      45.00   2.40500e+02   3.15500e+02     1116.2       14.6  -2.85500e+01   3.42000e-01     0           1.47380e+02   4.37700e+00  
     2022         9        25         0        32        34         41       7100       5362 1664065954.000   1664065954.000    6.30000e+02     -90.00      45.00   2.40500e+02   3.15500e+02     1089.6        8.9  -8.61300e+01   7.95900e-01     1           3.29700e+02   6.29200e+00  
     2022         9        25         0        42        10         42       7100       5362 1664066530.000   1664066530.000    6.30000e+02     180.00      45.00   2.40500e+02   3.15500e+02     1119.3       16.4  -4.17600e+01   5.31200e-01     0           1.23260e+02   4.06200e+00  
     2022         9        25         0        44        34         43       7100       5362 1664066674.000   1664066674.000    6.30000e+02     -90.00      45.00   2.40500e+02   3.15500e+02     1102.2        9.5  -7.35800e+01   7.07200e-01     0           3.02150e+02   6.04100e+00  
