   YEAR     MONTH      DAY       HOUR      MIN       SEC       RECNO     KINDAT      KINST       UT1_UNIX        UT2_UNIX        WAVLEN        AZM        ELM         ALTB          ALTE         TN         DTN        VNHLU         DVNHLU     FPI_DATAQUAL      RLE           DRLE     
     2022         9         5        23        50        34          0       7100       5362 1662421834.000   1662421834.000    6.30000e+02       0.00      45.00   2.26500e+02   3.01500e+02     1602.9       71.2   8.22000e+00   9.56000e-02     2           7.20900e+01   5.99100e+00  
     2022         9         5        23        52        58          1       7100       5362 1662421978.000   1662421978.000    6.30000e+02      90.00      45.00   2.26500e+02   3.01500e+02     1553.6       72.8   3.29000e+01   3.89800e-01     2           5.67500e+01   5.01000e+00  
     2022         9         5        23        57        46          2       7100       5362 1662422266.000   1662422266.000    6.30000e+02     -90.00      45.00   2.26500e+02   3.01500e+02     1541.7       69.3   6.98000e+00   7.96000e-02     2           6.91100e+01   5.82000e+00  
     2022         9         6         0         0        46          3       7100       5362 1662422446.000   1662422446.000    6.30000e+02       0.00      90.00   2.33500e+02   3.08500e+02     1581.0       70.4           nan           nan     2           6.60200e+01   5.51900e+00  
     2022         9         6         0         5        34          4       7100       5362 1662422734.000   1662422734.000    6.30000e+02      90.00      45.00   2.33500e+02   3.08500e+02     1551.2       81.3   9.70000e-01   1.22000e-02     2           5.18600e+01   5.08800e+00  
     2022         9         6         0         7        58          5       7100       5362 1662422878.000   1662422878.000    6.30000e+02     180.00      45.00   2.33500e+02   3.08500e+02     1524.9       78.5   3.74200e+01   4.74000e-01     2           5.21500e+01   5.03500e+00  
     2022         9         6         2        44        34          6       7100       5362 1662432274.000   1662432274.000    6.30000e+02      90.00      45.00   2.59500e+02   3.34500e+02     1605.4       84.1   2.63000e+00   3.67000e-02     2           4.86000e+01   4.77300e+00  
     2022         9         6         2        57        10          7       7100       5362 1662433030.000   1662433030.000    6.30000e+02      90.00      45.00   2.59500e+02   3.34500e+02     1571.7       94.9   2.06800e+01   3.10800e-01     2           3.92200e+01   4.43100e+00  
     2022         9         6         3        54        10          8       7100       5362 1662436450.000   1662436450.000    6.30000e+02      90.00      45.00   2.73500e+02   3.48500e+02     1683.2      132.4  -1.50000e+00   2.72000e-02     2           2.34800e+01   3.44500e+00  
     2022         9         6         3        56        34          9       7100       5362 1662436594.000   1662436594.000    6.30000e+02     180.00      45.00   2.73500e+02   3.48500e+02     1672.5      129.0   9.00200e+01   1.64400e+00     2           2.43200e+01   3.50000e+00  
     2022         9         6         4         4        58         10       7100       5362 1662437098.000   1662437098.000    6.30000e+02       0.00      90.00   2.79500e+02   3.54500e+02     1622.4       92.4           nan           nan     2           3.64700e+01   3.92100e+00  
     2022         9         6         4         7        58         11       7100       5362 1662437278.000   1662437278.000    6.30000e+02       0.00      45.00   2.79500e+02   3.54500e+02     1562.9       92.0   3.63100e+01   5.53300e-01     2           3.71200e+01   4.11200e+00  
     2022         9         6         4        10        22         12       7100       5362 1662437422.000   1662437422.000    6.30000e+02      90.00      45.00   2.79500e+02   3.54500e+02     1479.3       83.3   2.82900e+01   4.07700e-01     2           3.30900e+01   3.55300e+00  
     2022         9         6         4        12        46         13       7100       5362 1662437566.000   1662437566.000    6.30000e+02     180.00      45.00   2.79500e+02   3.54500e+02     1540.0       96.9   4.05200e+01   6.31300e-01     2           3.03700e+01   3.61000e+00  
     2022         9         6         4        15        10         14       7100       5362 1662437710.000   1662437710.000    6.30000e+02     -90.00      45.00   2.79500e+02   3.54500e+02     1624.2      100.4  -2.33100e+01   3.41800e-01     2           3.50700e+01   4.06500e+00  
     2022         9         6         4        17        34         15       7100       5362 1662437854.000   1662437854.000    6.30000e+02       0.00      90.00   2.79500e+02   3.54500e+02     1594.0       78.8           nan           nan     2           3.97600e+01   3.75700e+00  
     2022         9         6         4        19        58         16       7100       5362 1662437998.000   1662437998.000    6.30000e+02       0.00      45.00   2.79500e+02   3.54500e+02     1490.5       76.6  -1.30300e+01   1.70500e-01     2           4.28700e+01   4.17800e+00  
     2022         9         6         4        22        58         17       7100       5362 1662438178.000   1662438178.000    6.30000e+02      90.00      45.00   2.79500e+02   3.54500e+02     1385.2       70.0   1.56900e+01   2.02100e-01     2           3.47200e+01   3.39000e+00  
     2022         9         6         4        25        22         18       7100       5362 1662438322.000   1662438322.000    6.30000e+02     180.00      45.00   2.79500e+02   3.54500e+02     1490.8       76.1   1.84500e+01   2.39700e-01     2           3.66100e+01   3.58300e+00  
     2022         9         6         4        27        46         19       7100       5362 1662438466.000   1662438466.000    6.30000e+02     -90.00      45.00   2.79500e+02   3.54500e+02     1543.4       76.4   2.78700e+01   3.60500e-01     2           4.03700e+01   3.82000e+00  
     2022         9         6         4        33        46         20       7100       5362 1662438826.000   1662438826.000    6.30000e+02       0.00      90.00   2.79500e+02   3.54500e+02     1418.0       69.9           nan           nan     2           3.44600e+01   3.29600e+00  
     2022         9         6         4        36        10         21       7100       5362 1662438970.000   1662438970.000    6.30000e+02       0.00      45.00   2.79500e+02   3.54500e+02     1434.0       84.7   1.02700e+01   1.42500e-01     2           3.05500e+01   3.44300e+00  
     2022         9         6         4        38        34         22       7100       5362 1662439114.000   1662439114.000    6.30000e+02      90.00      45.00   2.79500e+02   3.54500e+02     1446.1       88.2  -8.51000e+00   1.19500e-01     2           2.51100e+01   2.94600e+00  
     2022         9         6         4        40        58         23       7100       5362 1662439258.000   1662439258.000    6.30000e+02     180.00      45.00   2.79500e+02   3.54500e+02     1447.4       68.9  -5.23000e+00   6.22000e-02     2           3.49100e+01   3.23300e+00  
     2022         9         6         4        43        58         24       7100       5362 1662439438.000   1662439438.000    6.30000e+02     -90.00      45.00   2.79500e+02   3.54500e+02     1392.3       83.4  -3.06900e+01   4.05800e-01     2           2.61200e+01   3.01300e+00  
     2022         9         6         4        46        22         25       7100       5362 1662439582.000   1662439582.000    6.30000e+02       0.00      90.00   2.79500e+02   3.54500e+02     1423.8       65.1           nan           nan     2           3.55900e+01   3.18600e+00  
     2022         9         6         4        48        46         26       7100       5362 1662439726.000   1662439726.000    6.30000e+02       0.00      45.00   2.79500e+02   3.54500e+02     1445.4       87.0  -1.46800e+01   1.94600e-01     2           2.66600e+01   3.08300e+00  
     2022         9         6         4        51        10         27       7100       5362 1662439870.000   1662439870.000    6.30000e+02      90.00      45.00   2.79500e+02   3.54500e+02     1444.0       67.6  -2.46800e+01   2.85000e-01     2           3.35700e+01   3.07800e+00  
     2022         9         6         4        53        34         28       7100       5362 1662440014.000   1662440014.000    6.30000e+02     180.00      45.00   2.79500e+02   3.54500e+02     1363.1       50.6   1.04100e+01   1.06500e-01     1           4.36100e+01   3.23800e+00  
     2022         9         6         4        55        58         29       7100       5362 1662440158.000   1662440158.000    6.30000e+02     -90.00      45.00   2.79500e+02   3.54500e+02     1430.7       65.4   3.87000e+00   4.38000e-02     2           3.57500e+01   3.19900e+00  
     2022         9         6         5         2        34         30       7100       5362 1662440554.000   1662440554.000    6.30000e+02       0.00      90.00   2.81500e+02   3.56500e+02     1324.3       60.5           nan           nan     1           3.27500e+01   2.95700e+00  
     2022         9         6         5         4        58         31       7100       5362 1662440698.000   1662440698.000    6.30000e+02       0.00      45.00   2.81500e+02   3.56500e+02     1329.3       81.3  -2.36900e+01   3.07500e-01     2           2.20900e+01   2.62800e+00  
     2022         9         6         5         7        22         32       7100       5362 1662440842.000   1662440842.000    6.30000e+02      90.00      45.00   2.81500e+02   3.56500e+02     1332.3       61.9  -1.61200e+01   1.71300e-01     1           2.93600e+01   2.71400e+00  
     2022         9         6         5         9        46         33       7100       5362 1662440986.000   1662440986.000    6.30000e+02     180.00      45.00   2.81500e+02   3.56500e+02     1345.3       55.4   3.31900e+01   3.22400e-01     1           3.39000e+01   2.80600e+00  
     2022         9         6         5        12        10         34       7100       5362 1662441130.000   1662441130.000    6.30000e+02     -90.00      45.00   2.81500e+02   3.56500e+02     1325.7       60.1  -2.68200e+01   2.68300e-01     1           3.23400e+01   2.90500e+00  
     2022         9         6         5        14        34         35       7100       5362 1662441274.000   1662441274.000    6.30000e+02       0.00      90.00   2.81500e+02   3.56500e+02     1341.0       46.4           nan           nan     0           4.31600e+01   3.03300e+00  
     2022         9         6         5        17        34         36       7100       5362 1662441454.000   1662441454.000    6.30000e+02       0.00      45.00   2.81500e+02   3.56500e+02     1357.9       54.8   5.62000e+00   5.14000e-02     1           3.86400e+01   3.10400e+00  
     2022         9         6         5        19        58         37       7100       5362 1662441598.000   1662441598.000    6.30000e+02      90.00      45.00   2.81500e+02   3.56500e+02     1320.3       52.7  -4.79000e+00   4.26000e-02     1           3.51900e+01   2.83300e+00  
     2022         9         6         5        22        22         38       7100       5362 1662441742.000   1662441742.000    6.30000e+02     180.00      45.00   2.81500e+02   3.56500e+02     1256.2       48.4   2.71800e+01   2.36500e-01     0           3.50900e+01   2.74900e+00  
     2022         9         6         5        24        46         39       7100       5362 1662441886.000   1662441886.000    6.30000e+02     -90.00      45.00   2.81500e+02   3.56500e+02     1293.1       49.4   1.85400e+01   1.61700e-01     1           4.15700e+01   3.17700e+00  
     2022         9         6         5        30        46         40       7100       5362 1662442246.000   1662442246.000    6.30000e+02       0.00      90.00   2.81500e+02   3.56500e+02     1311.6       45.6           nan           nan     0           4.19600e+01   2.97100e+00  
     2022         9         6         5        33        10         41       7100       5362 1662442390.000   1662442390.000    6.30000e+02       0.00      45.00   2.81500e+02   3.56500e+02     1292.4       58.0  -8.64000e+00   8.29000e-02     1           3.42000e+01   3.03500e+00  
     2022         9         6         5        36        10         42       7100       5362 1662442570.000   1662442570.000    6.30000e+02      90.00      45.00   2.81500e+02   3.56500e+02     1273.5       44.0  -4.30000e-01   3.50000e-03     0           4.37000e+01   3.06800e+00  
     2022         9         6         5        38        34         43       7100       5362 1662442714.000   1662442714.000    6.30000e+02     180.00      45.00   2.81500e+02   3.56500e+02     1311.0       45.4   3.98200e+01   3.28300e-01     0           4.15300e+01   2.93700e+00  
     2022         9         6         5        40        58         44       7100       5362 1662442858.000   1662442858.000    6.30000e+02     -90.00      45.00   2.81500e+02   3.56500e+02     1310.4       48.1   2.61200e+01   2.21100e-01     1           4.30300e+01   3.17500e+00  
     2022         9         6         5        43        22         45       7100       5362 1662443002.000   1662443002.000    6.30000e+02       0.00      90.00   2.81500e+02   3.56500e+02     1282.7       44.0           nan           nan     0           4.29400e+01   3.00500e+00  
     2022         9         6         5        45        46         46       7100       5362 1662443146.000   1662443146.000    6.30000e+02       0.00      45.00   2.81500e+02   3.56500e+02     1284.9       53.1   1.66700e+01   1.51000e-01     1           3.87800e+01   3.18000e+00  
     2022         9         6         5        48        10         47       7100       5362 1662443290.000   1662443290.000    6.30000e+02      90.00      45.00   2.81500e+02   3.56500e+02     1255.6       42.2   2.31200e+01   1.83300e-01     0           4.26200e+01   2.94200e+00  
     2022         9         6         5        51        10         48       7100       5362 1662443470.000   1662443470.000    6.30000e+02     180.00      45.00   2.81500e+02   3.56500e+02     1219.1       44.0   4.14700e+01   3.37700e-01     0           3.74200e+01   2.76900e+00  
     2022         9         6         5        53        34         49       7100       5362 1662443614.000   1662443614.000    6.30000e+02     -90.00      45.00   2.81500e+02   3.56500e+02     1268.7       48.9   1.77100e+01   1.49800e-01     1           3.96400e+01   3.06800e+00  
     2022         9         6         5        59        34         50       7100       5362 1662443974.000   1662443974.000    6.30000e+02       0.00      90.00   2.80500e+02   3.55500e+02     1254.6       40.2           nan           nan     0           4.67800e+01   3.07900e+00  
     2022         9         6         6         1        58         51       7100       5362 1662444118.000   1662444118.000    6.30000e+02       0.00      45.00   2.80500e+02   3.55500e+02     1291.6       60.7   1.13800e+01   1.11300e-01     2           3.41600e+01   3.14700e+00  
     2022         9         6         6         4        22         52       7100       5362 1662444262.000   1662444262.000    6.30000e+02      90.00      45.00   2.80500e+02   3.55500e+02     1273.8       52.5   2.92100e+01   2.64500e-01     1           3.63500e+01   2.99300e+00  
     2022         9         6         6         6        46         53       7100       5362 1662444406.000   1662444406.000    6.30000e+02     180.00      45.00   2.80500e+02   3.55500e+02     1239.1       48.0   1.81700e+01   1.60700e-01     0           3.35900e+01   2.65800e+00  
     2022         9         6         6         9        46         54       7100       5362 1662444586.000   1662444586.000    6.30000e+02     -90.00      45.00   2.80500e+02   3.55500e+02     1250.3       55.4   2.90700e+01   2.87200e-01     1           3.20000e+01   2.82900e+00  
     2022         9         6         6        12        10         55       7100       5362 1662444730.000   1662444730.000    6.30000e+02       0.00      90.00   2.80500e+02   3.55500e+02     1257.3       49.8           nan           nan     0           3.38800e+01   2.72400e+00  
     2022         9         6         6        14        34         56       7100       5362 1662444874.000   1662444874.000    6.30000e+02       0.00      45.00   2.80500e+02   3.55500e+02     1297.1       62.1  -5.25000e+00   5.65000e-02     1           2.99700e+01   2.83700e+00  
     2022         9         6         6        16        58         57       7100       5362 1662445018.000   1662445018.000    6.30000e+02      90.00      45.00   2.80500e+02   3.55500e+02     1238.3       58.4   3.85800e+01   4.12200e-01     1           2.57100e+01   2.44300e+00  
     2022         9         6         6        19        22         58       7100       5362 1662445162.000   1662445162.000    6.30000e+02     180.00      45.00   2.80500e+02   3.55500e+02     1311.5       66.9   4.53800e+01   5.14000e-01     1           2.23700e+01   2.29200e+00  
     2022         9         6         6        21        46         59       7100       5362 1662445306.000   1662445306.000    6.30000e+02     -90.00      45.00   2.80500e+02   3.55500e+02     1230.5       72.0   4.90300e+01   6.25600e-01     2           2.26900e+01   2.60200e+00  
     2022         9         6         6        28        22         60       7100       5362 1662445702.000   1662445702.000    6.30000e+02       0.00      90.00   2.80500e+02   3.55500e+02     1230.3       60.1           nan           nan     1           2.51700e+01   2.46500e+00  
     2022         9         6         6        30        46         61       7100       5362 1662445846.000   1662445846.000    6.30000e+02       0.00      45.00   2.80500e+02   3.55500e+02     1311.9       77.8   1.25700e+01   1.72400e-01     2           2.27300e+01   2.63000e+00  
     2022         9         6         6        33        10         62       7100       5362 1662445990.000   1662445990.000    6.30000e+02      90.00      45.00   2.80500e+02   3.55500e+02     1255.0       65.5   2.21000e+01   2.91400e-01     1           2.30000e+01   2.39500e+00  
     2022         9         6         6        35        34         63       7100       5362 1662446134.000   1662446134.000    6.30000e+02     180.00      45.00   2.80500e+02   3.55500e+02     1223.9       69.9   4.43700e+01   6.26600e-01     1           1.92000e+01   2.19000e+00  
     2022         9         6         6        37        58         64       7100       5362 1662446278.000   1662446278.000    6.30000e+02     -90.00      45.00   2.80500e+02   3.55500e+02     1282.2       94.0   2.87800e+01   4.78200e-01     2           1.75500e+01   2.48200e+00  
     2022         9         6         6        40        22         65       7100       5362 1662446422.000   1662446422.000    6.30000e+02       0.00      90.00   2.80500e+02   3.55500e+02     1185.1       84.5           nan           nan     2           1.58900e+01   2.21400e+00  
     2022         9         6         6        43        22         66       7100       5362 1662446602.000   1662446602.000    6.30000e+02       0.00      45.00   2.80500e+02   3.55500e+02     1278.2      101.9   6.64500e+01   1.21630e+00     2           1.48100e+01   2.28000e+00  
     2022         9         6         6        45        46         67       7100       5362 1662446746.000   1662446746.000    6.30000e+02      90.00      45.00   2.80500e+02   3.55500e+02     1242.4       74.4   2.67900e+01   4.17600e-01     1           1.86700e+01   2.21800e+00  
     2022         9         6         6        48        10         68       7100       5362 1662446890.000   1662446890.000    6.30000e+02     180.00      45.00   2.80500e+02   3.55500e+02     1195.3       76.7   4.75800e+01   7.65900e-01     1           1.70100e+01   2.15900e+00  
     2022         9         6         6        50        34         69       7100       5362 1662447034.000   1662447034.000    6.30000e+02     -90.00      45.00   2.80500e+02   3.55500e+02     1222.9       89.9   3.91800e+01   6.73200e-01     2           1.61100e+01   2.30000e+00  
     2022         9         6         6        56        34         70       7100       5362 1662447394.000   1662447394.000    6.30000e+02       0.00      90.00   2.80500e+02   3.55500e+02     1190.5       82.7           nan           nan     2           1.52600e+01   2.08800e+00  
     2022         9         6         6        58        58         71       7100       5362 1662447538.000   1662447538.000    6.30000e+02       0.00      45.00   2.72500e+02   3.47500e+02     1208.4      101.5   4.94500e+01   9.39300e-01     2           1.38000e+01   2.23600e+00  
     2022         9         6         7         1        22         72       7100       5362 1662447682.000   1662447682.000    6.30000e+02      90.00      45.00   2.72500e+02   3.47500e+02     1160.0       97.1   1.13500e+01   2.13600e-01     2           1.27200e+01   2.06800e+00  
     2022         9         6         7         4        22         73       7100       5362 1662447862.000   1662447862.000    6.30000e+02     180.00      45.00   2.72500e+02   3.47500e+02     1162.8       94.5   3.48700e+01   6.49100e-01     2           1.22900e+01   1.95200e+00  
     2022         9         6         7         6        46         74       7100       5362 1662448006.000   1662448006.000    6.30000e+02     -90.00      45.00   2.72500e+02   3.47500e+02     1260.4      124.9   1.31000e+01   2.89300e-01     2           1.13800e+01   2.15400e+00  
     2022         9         6         7         9        10         75       7100       5362 1662448150.000   1662448150.000    6.30000e+02       0.00      90.00   2.72500e+02   3.47500e+02     1203.9       94.5           nan           nan     2           1.37500e+01   2.10100e+00  
     2022         9         6         7        11        34         76       7100       5362 1662448294.000   1662448294.000    6.30000e+02       0.00      45.00   2.72500e+02   3.47500e+02     1323.2      132.1   3.16900e+01   7.04700e-01     2           1.20900e+01   2.29400e+00  
     2022         9         6         7        13        58         77       7100       5362 1662448438.000   1662448438.000    6.30000e+02      90.00      45.00   2.72500e+02   3.47500e+02     1130.9      110.3  -4.04000e+01   8.69700e-01     2           1.04500e+01   1.96700e+00  
     2022         9         6         7        16        22         78       7100       5362 1662448582.000   1662448582.000    6.30000e+02     180.00      45.00   2.72500e+02   3.47500e+02     1226.0      107.8   7.00600e+01   1.46340e+00     2           1.12500e+01   1.92200e+00  
     2022         9         6         7        19        22         79       7100       5362 1662448762.000   1662448762.000    6.30000e+02     -90.00      45.00   2.72500e+02   3.47500e+02     1209.9      124.1  -1.01080e+02   2.32630e+00     2           1.13900e+01   2.22500e+00  
     2022         9         6         7        25        22         80       7100       5362 1662449122.000   1662449122.000    6.30000e+02       0.00      90.00   2.72500e+02   3.47500e+02     1326.7      111.9           nan           nan     2           1.29200e+01   2.10400e+00  
     2022         9         6         7        30        10         81       7100       5362 1662449410.000   1662449410.000    6.30000e+02      90.00      45.00   2.72500e+02   3.47500e+02     1101.0      115.4   8.34700e+01   2.00770e+00     2           9.50000e+00   1.91600e+00  
     2022         9         6         7        32        34         82       7100       5362 1662449554.000   1662449554.000    6.30000e+02     180.00      45.00   2.72500e+02   3.47500e+02     1164.5       98.0   1.98600e+01   4.29800e-01     2           1.22400e+01   2.00500e+00  
     2022         9         6         7        34        58         83       7100       5362 1662449698.000   1662449698.000    6.30000e+02     -90.00      45.00   2.72500e+02   3.47500e+02     1273.7      117.5   3.09700e+01   7.19100e-01     2           1.26200e+01   2.22900e+00  
     2022         9         6         7        37        58         84       7100       5362 1662449878.000   1662449878.000    6.30000e+02       0.00      90.00   2.72500e+02   3.47500e+02     1273.1      118.3           nan           nan     2           1.28900e+01   2.28800e+00  
     2022         9         6         7        40        22         85       7100       5362 1662450022.000   1662450022.000    6.30000e+02       0.00      45.00   2.72500e+02   3.47500e+02     1153.3      131.4  -3.17300e+01   8.25200e-01     2           1.07700e+01   2.32200e+00  
     2022         9         6         7        42        46         86       7100       5362 1662450166.000   1662450166.000    6.30000e+02      90.00      45.00   2.72500e+02   3.47500e+02     1220.2      113.8  -3.42800e+01   8.00300e-01     2           1.14600e+01   2.05800e+00  
     2022         9         6         7        45        10         87       7100       5362 1662450310.000   1662450310.000    6.30000e+02     180.00      45.00   2.72500e+02   3.47500e+02     1203.2      167.9   3.48400e+01   1.00100e+00     2           6.96000e+00   1.83900e+00  
     2022         9         6         8         1        22         88       7100       5362 1662451282.000   1662451282.000    6.30000e+02     180.00      45.00   2.54500e+02   3.29500e+02     1262.9      164.7  -3.06500e+01   8.27000e-01     2           8.13000e+00   2.00300e+00  
     2022         9         6         8         6        10         89       7100       5362 1662451570.000   1662451570.000    6.30000e+02       0.00      90.00   2.54500e+02   3.29500e+02     1238.3      100.2           nan           nan     2           1.35100e+01   2.12100e+00  
     2022         9         6         8         8        34         90       7100       5362 1662451714.000   1662451714.000    6.30000e+02       0.00      45.00   2.54500e+02   3.29500e+02     1288.7      123.4   3.62200e+01   7.95700e-01     2           1.43400e+01   2.60100e+00  
     2022         9         6         8        10        58         91       7100       5362 1662451858.000   1662451858.000    6.30000e+02      90.00      45.00   2.54500e+02   3.29500e+02     1209.0       96.0   1.86300e+01   3.58000e-01     2           1.47800e+01   2.26900e+00  
     2022         9         6         8        13        58         92       7100       5362 1662452038.000   1662452038.000    6.30000e+02     180.00      45.00   2.54500e+02   3.29500e+02     1227.8       88.1   5.09600e+01   8.54200e-01     2           1.56300e+01   2.19200e+00  
     2022         9         6         8        16        22         93       7100       5362 1662452182.000   1662452182.000    6.30000e+02     -90.00      45.00   2.54500e+02   3.29500e+02     1258.4       84.2   3.91800e+01   6.26900e-01     2           2.18400e+01   2.81400e+00  
     2022         9         6         8        22        22         94       7100       5362 1662452542.000   1662452542.000    6.30000e+02       0.00      90.00   2.54500e+02   3.29500e+02     1219.5       57.6           nan           nan     2           3.66300e+01   3.37900e+00  
     2022         9         6         8        24        46         95       7100       5362 1662452686.000   1662452686.000    6.30000e+02       0.00      45.00   2.54500e+02   3.29500e+02     1361.1       68.2   6.70400e+01   8.34600e-01     2           4.00200e+01   3.84000e+00  
     2022         9         6         8        27        10         96       7100       5362 1662452830.000   1662452830.000    6.30000e+02      90.00      45.00   2.54500e+02   3.29500e+02     1384.2       62.1   7.57800e+01   8.92100e-01     2           5.25400e+01   4.49900e+00  
     2022         9         6         8        29        34         97       7100       5362 1662452974.000   1662452974.000    6.30000e+02     180.00      45.00   2.54500e+02   3.29500e+02     1403.8       66.5   5.74400e+01   7.00600e-01     2           5.64000e+01   5.04600e+00  
