   YEAR     MONTH      DAY       HOUR      MIN       SEC       RECNO     KINDAT      KINST       UT1_UNIX        UT2_UNIX        WAVLEN        AZM        ELM         ALTB          ALTE         TN         DTN        VNHLU         DVNHLU     FPI_DATAQUAL      RLE           DRLE     
     2022         9        15        23        32        34          0       7100       5362 1663284754.000   1663284754.000    6.30000e+02     -90.00      45.00   2.27500e+02   3.02500e+02     1372.4       92.7   2.03500e+01   3.45200e-01     2           1.66100e+01   2.19700e+00  
     2022         9        15        23        37        22          1       7100       5362 1663285042.000   1663285042.000    6.30000e+02       0.00      45.00   2.27500e+02   3.02500e+02     1420.6      110.9   4.83000e+00   8.84000e-02     2           1.47300e+01   2.22100e+00  
     2022         9        15        23        39        46          2       7100       5362 1663285186.000   1663285186.000    6.30000e+02      90.00      45.00   2.27500e+02   3.02500e+02     1520.8      101.4   6.26600e+01   1.05860e+00     2           1.75200e+01   2.27500e+00  
     2022         9        15        23        42        10          3       7100       5362 1663285330.000   1663285330.000    6.30000e+02     180.00      45.00   2.27500e+02   3.02500e+02     1429.6      106.1  -3.36300e+01   5.98500e-01     2           1.34900e+01   1.96000e+00  
     2022         9        15        23        44        34          4       7100       5362 1663285474.000   1663285474.000    6.30000e+02     -90.00      45.00   2.27500e+02   3.02500e+02     1490.0      136.5  -3.67700e+01   7.42200e-01     2           1.13900e+01   2.00200e+00  
     2022         9        15        23        51        10          5       7100       5362 1663285870.000   1663285870.000    6.30000e+02       0.00      90.00   2.27500e+02   3.02500e+02     1308.0       93.9           nan           nan     2           1.59300e+01   2.22700e+00  
     2022         9        15        23        53        34          6       7100       5362 1663286014.000   1663286014.000    6.30000e+02       0.00      45.00   2.27500e+02   3.02500e+02     1397.6      103.7  -7.14000e+00   1.28900e-01     2           1.58100e+01   2.27000e+00  
     2022         9        15        23        55        58          7       7100       5362 1663286158.000   1663286158.000    6.30000e+02      90.00      45.00   2.27500e+02   3.02500e+02     1454.6       99.2   9.27000e+00   1.66500e-01     2           1.70600e+01   2.26500e+00  
     2022         9        15        23        58        22          8       7100       5362 1663286302.000   1663286302.000    6.30000e+02     180.00      45.00   2.27500e+02   3.02500e+02     1390.0      103.1   3.19600e+01   6.01500e-01     2           1.46400e+01   2.11500e+00  
     2022         9        16         0         0        46          9       7100       5362 1663286446.000   1663286446.000    6.30000e+02     -90.00      45.00   2.37500e+02   3.12500e+02     1560.3      128.2  -1.17100e+01   2.48000e-01     2           1.63800e+01   2.55200e+00  
     2022         9        16         0         3        10         10       7100       5362 1663286590.000   1663286590.000    6.30000e+02       0.00      90.00   2.37500e+02   3.12500e+02     1475.7      135.0           nan           nan     2           1.36200e+01   2.36700e+00  
     2022         9        16         0         5        34         11       7100       5362 1663286734.000   1663286734.000    6.30000e+02       0.00      45.00   2.37500e+02   3.12500e+02     1414.7      124.6   2.57900e+01   5.77200e-01     2           1.75900e+01   2.91700e+00  
     2022         9        16         0         8        34         12       7100       5362 1663286914.000   1663286914.000    6.30000e+02      90.00      45.00   2.37500e+02   3.12500e+02     1480.0      115.1   1.80400e+01   3.67000e-01     2           1.59600e+01   2.37700e+00  
     2022         9        16         0        10        58         13       7100       5362 1663287058.000   1663287058.000    6.30000e+02     180.00      45.00   2.37500e+02   3.12500e+02     1435.3      115.3  -5.45800e+01   1.12980e+00     2           1.47700e+01   2.28000e+00  
     2022         9        16         0        19        22         14       7100       5362 1663287562.000   1663287562.000    6.30000e+02       0.00      90.00   2.37500e+02   3.12500e+02     1531.0      125.6           nan           nan     2           1.66800e+01   2.59600e+00  
     2022         9        16         0        24        10         15       7100       5362 1663287850.000   1663287850.000    6.30000e+02      90.00      45.00   2.37500e+02   3.12500e+02     1557.9      179.4   8.08800e+01   2.13570e+00     2           9.65000e+00   2.09400e+00  
     2022         9        16         0        27        10         16       7100       5362 1663288030.000   1663288030.000    6.30000e+02     180.00      45.00   2.37500e+02   3.12500e+02     1762.4      225.7   1.03400e+01   2.86400e-01     2           8.97000e+00   2.14000e+00  
     2022         9        16         0        31        58         17       7100       5362 1663288318.000   1663288318.000    6.30000e+02       0.00      90.00   2.37500e+02   3.12500e+02     1415.8      126.9           nan           nan     2           1.40600e+01   2.39900e+00  
     2022         9        16         0        34        22         18       7100       5362 1663288462.000   1663288462.000    6.30000e+02       0.00      45.00   2.37500e+02   3.12500e+02     1455.5      123.0   4.18000e+01   9.25100e-01     2           1.74900e+01   2.79100e+00  
     2022         9        16         0        36        46         19       7100       5362 1663288606.000   1663288606.000    6.30000e+02      90.00      45.00   2.37500e+02   3.12500e+02     1303.3       89.2   2.55000e+00   5.06000e-02     2           1.79500e+01   2.38800e+00  
     2022         9        16         0        42        10         20       7100       5362 1663288930.000   1663288930.000    6.30000e+02     -90.00      45.00   2.37500e+02   3.12500e+02     1375.8       99.4  -4.61000e+00   9.55000e-02     2           1.89100e+01   2.62200e+00  
     2022         9        16         0        48        10         21       7100       5362 1663289290.000   1663289290.000    6.30000e+02       0.00      90.00   2.37500e+02   3.12500e+02     1426.3      123.5           nan           nan     2           1.40900e+01   2.33000e+00  
     2022         9        16         0        52        58         22       7100       5362 1663289578.000   1663289578.000    6.30000e+02      90.00      45.00   2.37500e+02   3.12500e+02     1371.9      134.5   6.96300e+01   1.68980e+00     2           1.12700e+01   2.11000e+00  
     2022         9        16         1        16        22         23       7100       5362 1663290982.000   1663290982.000    6.30000e+02       0.00      90.00   2.47500e+02   3.22500e+02     1529.0      168.8           nan           nan     2           1.13500e+01   2.35500e+00  
     2022         9        16         1        33        46         24       7100       5362 1663292026.000   1663292026.000    6.30000e+02      90.00      45.00   2.47500e+02   3.22500e+02     1410.3      154.3  -3.42100e+01   8.67300e-01     2           9.83000e+00   2.04300e+00  
     2022         9        16         1        36        46         25       7100       5362 1663292206.000   1663292206.000    6.30000e+02     180.00      45.00   2.47500e+02   3.22500e+02     1425.8      127.1  -7.68000e+00   1.72700e-01     2           1.31300e+01   2.23800e+00  
     2022         9        16         1        39        10         26       7100       5362 1663292350.000   1663292350.000    6.30000e+02     -90.00      45.00   2.47500e+02   3.22500e+02     1415.8      125.2   1.42200e+01   3.20200e-01     2           1.46300e+01   2.46100e+00  
     2022         9        16         1        45        10         27       7100       5362 1663292710.000   1663292710.000    6.30000e+02       0.00      90.00   2.47500e+02   3.22500e+02     1445.4      114.3           nan           nan     2           1.67900e+01   2.53600e+00  
     2022         9        16         1        47        34         28       7100       5362 1663292854.000   1663292854.000    6.30000e+02       0.00      45.00   2.47500e+02   3.22500e+02     1585.5      184.1  -4.66400e+01   1.18280e+00     2           1.06800e+01   2.32300e+00  
     2022         9        16         1        49        58         29       7100       5362 1663292998.000   1663292998.000    6.30000e+02      90.00      45.00   2.47500e+02   3.22500e+02     1472.0      184.3   6.19400e+01   1.62890e+00     2           9.05000e+00   2.13100e+00  
     2022         9        16         1        52        22         30       7100       5362 1663293142.000   1663293142.000    6.30000e+02     180.00      45.00   2.47500e+02   3.22500e+02     1392.5      145.9   2.27000e+00   5.59000e-02     2           1.14800e+01   2.27800e+00  
     2022         9        16         1        55        22         31       7100       5362 1663293322.000   1663293322.000    6.30000e+02     -90.00      45.00   2.47500e+02   3.22500e+02     1530.3      168.0  -3.58500e+01   9.11000e-01     2           1.18300e+01   2.43600e+00  
     2022         9        16         1        57        46         32       7100       5362 1663293466.000   1663293466.000    6.30000e+02       0.00      90.00   2.47500e+02   3.22500e+02     1472.0      125.4           nan           nan     2           1.60100e+01   2.58800e+00  
     2022         9        16         2         0        10         33       7100       5362 1663293610.000   1663293610.000    6.30000e+02       0.00      45.00   2.60500e+02   3.35500e+02     1555.0      131.4  -3.76700e+01   8.24000e-01     2           1.87900e+01   2.98000e+00  
     2022         9        16         2         2        34         34       7100       5362 1663293754.000   1663293754.000    6.30000e+02      90.00      45.00   2.60500e+02   3.35500e+02     1482.0      147.0  -2.02000e+01   4.74800e-01     2           1.21400e+01   2.28200e+00  
     2022         9        16         2         4        58         35       7100       5362 1663293898.000   1663293898.000    6.30000e+02     180.00      45.00   2.60500e+02   3.35500e+02     1353.9      161.1   2.19200e+01   5.61800e-01     2           8.89000e+00   2.00400e+00  
     2022         9        16         2        21        10         36       7100       5362 1663294870.000   1663294870.000    6.30000e+02     180.00      45.00   2.60500e+02   3.35500e+02     1515.0      199.1   5.49900e+01   1.50630e+00     2           7.99000e+00   1.97400e+00  
     2022         9        16         2        25        58         37       7100       5362 1663295158.000   1663295158.000    6.30000e+02       0.00      90.00   2.60500e+02   3.35500e+02     1458.6      112.2           nan           nan     2           1.68100e+01   2.47900e+00  
     2022         9        16         2        28        58         38       7100       5362 1663295338.000   1663295338.000    6.30000e+02       0.00      45.00   2.60500e+02   3.35500e+02     1479.8      127.8   5.41200e+01   1.13690e+00     2           1.76500e+01   2.87000e+00  
     2022         9        16         2        31        22         39       7100       5362 1663295482.000   1663295482.000    6.30000e+02      90.00      45.00   2.60500e+02   3.35500e+02     1352.7      100.9   2.29800e+01   4.32900e-01     2           1.65400e+01   2.38000e+00  
     2022         9        16         2        33        46         40       7100       5362 1663295626.000   1663295626.000    6.30000e+02     180.00      45.00   2.60500e+02   3.35500e+02     1384.4      109.2   2.99300e+01   5.76000e-01     2           1.63400e+01   2.47000e+00  
     2022         9        16         2        36        10         41       7100       5362 1663295770.000   1663295770.000    6.30000e+02     -90.00      45.00   2.60500e+02   3.35500e+02     1511.1      140.7   2.75800e+01   5.71100e-01     2           1.60300e+01   2.80000e+00  
     2022         9        16         2        42        10         42       7100       5362 1663296130.000   1663296130.000    6.30000e+02       0.00      90.00   2.60500e+02   3.35500e+02     1335.1       94.9           nan           nan     2           1.94100e+01   2.65400e+00  
     2022         9        16         2        44        34         43       7100       5362 1663296274.000   1663296274.000    6.30000e+02       0.00      45.00   2.60500e+02   3.35500e+02     1420.5      119.7   1.77700e+01   3.53100e-01     2           1.69500e+01   2.71000e+00  
     2022         9        16         2        47        34         44       7100       5362 1663296454.000   1663296454.000    6.30000e+02      90.00      45.00   2.60500e+02   3.35500e+02     1367.1      111.2   6.34000e+00   1.24800e-01     2           1.55500e+01   2.42400e+00  
     2022         9        16         2        49        58         45       7100       5362 1663296598.000   1663296598.000    6.30000e+02     180.00      45.00   2.60500e+02   3.35500e+02     1331.7      126.9   4.05300e+01   8.90100e-01     2           1.35100e+01   2.44200e+00  
     2022         9        16         2        54        46         46       7100       5362 1663296886.000   1663296886.000    6.30000e+02       0.00      90.00   2.60500e+02   3.35500e+02     1425.8      108.0           nan           nan     2           1.87400e+01   2.70800e+00  
     2022         9        16         2        57        10         47       7100       5362 1663297030.000   1663297030.000    6.30000e+02       0.00      45.00   2.60500e+02   3.35500e+02     1515.0      123.5  -1.54300e+01   3.22600e-01     2           1.95900e+01   3.00700e+00  
     2022         9        16         2        59        34         48       7100       5362 1663297174.000   1663297174.000    6.30000e+02      90.00      45.00   2.72500e+02   3.47500e+02     1384.5      105.6   5.78900e+01   1.20920e+00     2           1.65200e+01   2.42400e+00  
     2022         9        16         3         2        34         49       7100       5362 1663297354.000   1663297354.000    6.30000e+02     180.00      45.00   2.72500e+02   3.47500e+02     1473.4      113.3   2.91700e+01   6.28100e-01     2           1.73200e+01   2.54600e+00  
     2022         9        16         3        10        58         50       7100       5362 1663297858.000   1663297858.000    6.30000e+02       0.00      90.00   2.72500e+02   3.47500e+02     1653.0      162.8           nan           nan     2           1.42900e+01   2.63700e+00  
     2022         9        16         3        15        46         51       7100       5362 1663298146.000   1663298146.000    6.30000e+02      90.00      45.00   2.72500e+02   3.47500e+02     1428.8      137.6   1.80800e+01   4.17800e-01     2           1.37800e+01   2.50900e+00  
     2022         9        16         3        18        10         52       7100       5362 1663298290.000   1663298290.000    6.30000e+02     180.00      45.00   2.72500e+02   3.47500e+02     1427.5      109.9   4.34000e+01   8.14600e-01     2           1.78800e+01   2.63000e+00  
     2022         9        16         3        21        10         53       7100       5362 1663298470.000   1663298470.000    6.30000e+02     -90.00      45.00   2.72500e+02   3.47500e+02     1500.6       97.2   3.60400e+01   5.53000e-01     2           2.43400e+01   3.00900e+00  
     2022         9        16         3        23        34         54       7100       5362 1663298614.000   1663298614.000    6.30000e+02       0.00      90.00   2.72500e+02   3.47500e+02     1423.1       62.9           nan           nan     2           3.73000e+01   3.23200e+00  
     2022         9        16         3        25        58         55       7100       5362 1663298758.000   1663298758.000    6.30000e+02       0.00      45.00   2.72500e+02   3.47500e+02     1343.2       71.8   1.24000e+01   1.53700e-01     2           3.00000e+01   3.10700e+00  
     2022         9        16         3        28        22         56       7100       5362 1663298902.000   1663298902.000    6.30000e+02      90.00      45.00   2.72500e+02   3.47500e+02     1365.0       80.8   2.87900e+01   3.88800e-01     2           2.27100e+01   2.62000e+00  
     2022         9        16         3        30        46         57       7100       5362 1663299046.000   1663299046.000    6.30000e+02     180.00      45.00   2.72500e+02   3.47500e+02     1483.1      112.8   2.75800e+01   4.42200e-01     2           1.70600e+01   2.48600e+00  
     2022         9        16         3        33        10         58       7100       5362 1663299190.000   1663299190.000    6.30000e+02     -90.00      45.00   2.72500e+02   3.47500e+02     1469.5      117.2  -8.34000e+00   1.38600e-01     2           1.76700e+01   2.67600e+00  
     2022         9        16         3        39        46         59       7100       5362 1663299586.000   1663299586.000    6.30000e+02       0.00      90.00   2.72500e+02   3.47500e+02     1340.2       75.9           nan           nan     2           2.45600e+01   2.71500e+00  
     2022         9        16         3        42        10         60       7100       5362 1663299730.000   1663299730.000    6.30000e+02       0.00      45.00   2.72500e+02   3.47500e+02     1382.6       93.5  -5.02900e+01   7.96100e-01     2           1.95200e+01   2.55200e+00  
     2022         9        16         3        44        34         61       7100       5362 1663299874.000   1663299874.000    6.30000e+02      90.00      45.00   2.72500e+02   3.47500e+02     1482.0      105.4   4.37000e+00   7.35000e-02     2           1.69000e+01   2.32500e+00  
     2022         9        16         3        46        58         62       7100       5362 1663300018.000   1663300018.000    6.30000e+02     180.00      45.00   2.72500e+02   3.47500e+02     1439.4      106.5   5.71500e+01   9.91400e-01     2           1.55200e+01   2.22500e+00  
     2022         9        16         3        49        22         63       7100       5362 1663300162.000   1663300162.000    6.30000e+02     -90.00      45.00   2.72500e+02   3.47500e+02     1555.2      144.0   1.47800e+01   3.01200e-01     2           1.22100e+01   2.15500e+00  
     2022         9        16         3        51        46         64       7100       5362 1663300306.000   1663300306.000    6.30000e+02       0.00      90.00   2.72500e+02   3.47500e+02     1386.0       98.5           nan           nan     2           1.65800e+01   2.28700e+00  
     2022         9        16         3        54        46         65       7100       5362 1663300486.000   1663300486.000    6.30000e+02       0.00      45.00   2.72500e+02   3.47500e+02     1478.8      137.0   1.16000e+01   2.54800e-01     2           1.23100e+01   2.17600e+00  
     2022         9        16         3        57        10         66       7100       5362 1663300630.000   1663300630.000    6.30000e+02      90.00      45.00   2.72500e+02   3.47500e+02     1368.1      114.2   3.40100e+01   7.50200e-01     2           1.26400e+01   2.04300e+00  
     2022         9        16         3        59        34         67       7100       5362 1663300774.000   1663300774.000    6.30000e+02     180.00      45.00   2.77500e+02   3.52500e+02     1423.6      211.5  -3.21200e+01   1.06830e+00     2           6.12000e+00   1.71500e+00  
     2022         9        16         4         7        58         68       7100       5362 1663301278.000   1663301278.000    6.30000e+02       0.00      90.00   2.77500e+02   3.52500e+02     1428.6      194.2           nan           nan     2           7.73000e+00   1.97700e+00  
     2022         9        16         4        20        34         69       7100       5362 1663302034.000   1663302034.000    6.30000e+02       0.00      90.00   2.77500e+02   3.52500e+02     1598.8      149.7           nan           nan     2           1.49900e+01   2.64000e+00  
     2022         9        16         4        22        58         70       7100       5362 1663302178.000   1663302178.000    6.30000e+02       0.00      45.00   2.77500e+02   3.52500e+02     1580.6      137.5  -2.60400e+01   6.26300e-01     2           1.86900e+01   3.04400e+00  
     2022         9        16         4        25        22         71       7100       5362 1663302322.000   1663302322.000    6.30000e+02      90.00      45.00   2.77500e+02   3.52500e+02     1347.4      121.1   7.89800e+01   1.81660e+00     2           1.36900e+01   2.34800e+00  
     2022         9        16         4        27        46         72       7100       5362 1663302466.000   1663302466.000    6.30000e+02     180.00      45.00   2.77500e+02   3.52500e+02     1662.2      163.6   4.33300e+01   1.04320e+00     2           1.40600e+01   2.59300e+00  
     2022         9        16         4        30        46         73       7100       5362 1663302646.000   1663302646.000    6.30000e+02     -90.00      45.00   2.77500e+02   3.52500e+02     1434.8      119.3   3.03200e+01   6.54300e-01     2           1.95200e+01   3.05400e+00  
     2022         9        16         4        36        46         74       7100       5362 1663303006.000   1663303006.000    6.30000e+02       0.00      90.00   2.77500e+02   3.52500e+02     1417.3       99.8           nan           nan     2           1.93900e+01   2.62300e+00  
     2022         9        16         4        39        10         75       7100       5362 1663303150.000   1663303150.000    6.30000e+02       0.00      45.00   2.77500e+02   3.52500e+02     1404.8      101.7   4.41500e+01   8.12300e-01     2           2.33800e+01   3.20200e+00  
     2022         9        16         4        41        34         76       7100       5362 1663303294.000   1663303294.000    6.30000e+02      90.00      45.00   2.77500e+02   3.52500e+02     1422.2      127.0  -3.68300e+01   7.61400e-01     2           1.44400e+01   2.45200e+00  
     2022         9        16         4        43        58         77       7100       5362 1663303438.000   1663303438.000    6.30000e+02     180.00      45.00   2.77500e+02   3.52500e+02     1269.6      145.4  -2.75900e+01   6.25600e-01     2           9.86000e+00   2.14100e+00  
     2022         9        16         4        46        22         78       7100       5362 1663303582.000   1663303582.000    6.30000e+02     -90.00      45.00   2.77500e+02   3.52500e+02     1529.7      169.3   3.28900e+01   7.62400e-01     2           1.18100e+01   2.45200e+00  
     2022         9        16         4        49        22         79       7100       5362 1663303762.000   1663303762.000    6.30000e+02       0.00      90.00   2.77500e+02   3.52500e+02     1510.8      102.2           nan           nan     2           2.31300e+01   2.98400e+00  
     2022         9        16         4        51        46         80       7100       5362 1663303906.000   1663303906.000    6.30000e+02       0.00      45.00   2.77500e+02   3.52500e+02     1482.9      105.2  -3.32800e+01   6.16700e-01     2           2.38000e+01   3.19400e+00  
     2022         9        16         4        54        10         81       7100       5362 1663304050.000   1663304050.000    6.30000e+02      90.00      45.00   2.77500e+02   3.52500e+02     1413.2      109.6  -4.08000e+00   7.96000e-02     2           1.83000e+01   2.70600e+00  
     2022         9        16         4        56        34         82       7100       5362 1663304194.000   1663304194.000    6.30000e+02     180.00      45.00   2.77500e+02   3.52500e+02     1673.1      187.2  -3.54400e+01   8.88000e-01     2           1.16000e+01   2.42500e+00  
     2022         9        16         5         4        58         83       7100       5362 1663304698.000   1663304698.000    6.30000e+02       0.00      90.00   2.76500e+02   3.51500e+02     1515.5      128.6           nan           nan     2           1.73400e+01   2.78000e+00  
     2022         9        16         5        12        46         84       7100       5362 1663305166.000   1663305166.000    6.30000e+02     180.00      45.00   2.76500e+02   3.51500e+02     1417.4      142.6  -3.60200e+01   8.62700e-01     2           1.33900e+01   2.53800e+00  
     2022         9        16         8         1        22         85       7100       5362 1663315282.000   1663315282.000    6.30000e+02      90.00      45.00   2.45500e+02   3.20500e+02     1522.9      157.6   5.87800e+01   1.27640e+00     2           1.31000e+01   2.54500e+00  
     2022         9        16         8         3        46         86       7100       5362 1663315426.000   1663315426.000    6.30000e+02     180.00      45.00   2.45500e+02   3.20500e+02     1307.2      102.4   8.04800e+01   1.40400e+00     2           1.76600e+01   2.64700e+00  
     2022         9        16         8         6        46         87       7100       5362 1663315606.000   1663315606.000    6.30000e+02     -90.00      45.00   2.45500e+02   3.20500e+02     1446.1      101.9   5.03400e+01   8.34300e-01     2           2.24400e+01   3.01000e+00  
     2022         9        16         8         9        10         88       7100       5362 1663315750.000   1663315750.000    6.30000e+02       0.00      90.00   2.45500e+02   3.20500e+02     1347.0       74.1           nan           nan     2           3.08700e+01   3.27200e+00  
     2022         9        16         8        11        34         89       7100       5362 1663315894.000   1663315894.000    6.30000e+02       0.00      45.00   2.45500e+02   3.20500e+02     1379.6       86.0   4.45400e+01   6.80800e-01     2           2.70700e+01   3.22300e+00  
     2022         9        16         8        13        58         90       7100       5362 1663316038.000   1663316038.000    6.30000e+02      90.00      45.00   2.45500e+02   3.20500e+02     1413.7       96.2  -2.25500e+01   3.61100e-01     2           2.31800e+01   3.00800e+00  
     2022         9        16         8        16        22         91       7100       5362 1663316182.000   1663316182.000    6.30000e+02     180.00      45.00   2.45500e+02   3.20500e+02     1385.9      102.3   3.65100e+01   6.11000e-01     2           2.05200e+01   2.88600e+00  
     2022         9        16         8        18        46         92       7100       5362 1663316326.000   1663316326.000    6.30000e+02     -90.00      45.00   2.45500e+02   3.20500e+02     1521.7      128.0   6.03000e+01   1.10590e+00     2           2.07900e+01   3.27800e+00  
