   YEAR     MONTH      DAY       HOUR      MIN       SEC       RECNO     KINDAT      KINST       UT1_UNIX        UT2_UNIX        WAVLEN        AZM        ELM         ALTB          ALTE         TN         DTN        VNHLU         DVNHLU     FPI_DATAQUAL      RLE           DRLE     
     2022         9         9        22        12        46          0       7100       5362 1662761566.000   1662761566.000    6.30000e+02      90.00      45.00   2.14500e+02   2.89500e+02     1488.6       20.4  -4.72400e+01   1.52300e-01     2           4.15910e+02   1.10770e+01  
     2022         9         9        22        28        22          1       7100       5362 1662762502.000   1662762502.000    6.30000e+02      90.00      45.00   2.14500e+02   2.89500e+02     1499.5       24.5   3.58600e+01   1.30700e-01     2           3.70680e+02   1.15670e+01  
     2022         9         9        22        36        10          2       7100       5362 1662762970.000   1662762970.000    6.30000e+02       0.00      90.00   2.14500e+02   2.89500e+02     1361.8       15.9           nan           nan     2           3.20420e+02   7.76100e+00  
     2022         9         9        22        40        58          3       7100       5362 1662763258.000   1662763258.000    6.30000e+02      90.00      45.00   2.14500e+02   2.89500e+02     1527.5       29.5   7.33000e+01   3.04700e-01     2           3.35700e+02   1.22150e+01  
     2022         9         9        22        43        22          4       7100       5362 1662763402.000   1662763402.000    6.30000e+02     180.00      45.00   2.14500e+02   2.89500e+02     1344.0       17.2   3.24500e+01   1.00500e-01     2           2.90290e+02   7.62200e+00  
     2022         9         9        22        52        22          5       7100       5362 1662763942.000   1662763942.000    6.30000e+02       0.00      90.00   2.14500e+02   2.89500e+02     1359.5       18.0           nan           nan     2           2.84230e+02   7.66700e+00  
     2022         9         9        22        59        34          6       7100       5362 1662764374.000   1662764374.000    6.30000e+02     180.00      45.00   2.22500e+02   2.97500e+02     1334.1       19.3   2.67000e+01   9.30000e-02     2           2.46350e+02   7.24800e+00  
     2022         9         9        23         4        22          7       7100       5362 1662764662.000   1662764662.000    6.30000e+02       0.00      90.00   2.22500e+02   2.97500e+02     1330.0       18.7           nan           nan     2           2.66570e+02   7.59600e+00  
     2022         9         9        23         7        22          8       7100       5362 1662764842.000   1662764842.000    6.30000e+02       0.00      45.00   2.22500e+02   2.97500e+02     1331.8       13.6   8.80000e+00   2.66000e-02     2           4.19140e+02   8.85500e+00  
     2022         9         9        23        12        10          9       7100       5362 1662765130.000   1662765130.000    6.30000e+02     180.00      45.00   2.22500e+02   2.97500e+02     1321.5       19.9   3.71900e+01   1.38600e-01     2           2.31460e+02   7.06900e+00  
     2022         9         9        23        20        34         10       7100       5362 1662765634.000   1662765634.000    6.30000e+02       0.00      90.00   2.22500e+02   2.97500e+02     1317.1       20.9           nan           nan     2           2.37710e+02   7.53700e+00  
     2022         9         9        23        22        58         11       7100       5362 1662765778.000   1662765778.000    6.30000e+02       0.00      45.00   2.22500e+02   2.97500e+02     1305.7       14.4   7.47000e+00   2.51000e-02     2           3.98810e+02   9.01400e+00  
     2022         9         9        23        28        22         12       7100       5362 1662766102.000   1662766102.000    6.30000e+02     180.00      45.00   2.22500e+02   2.97500e+02     1313.0       20.9   3.25200e+01   1.32000e-01     2           2.20270e+02   7.05300e+00  
     2022         9         9        23        30        46         13       7100       5362 1662766246.000   1662766246.000    6.30000e+02     -90.00      45.00   2.22500e+02   2.97500e+02     1300.1       13.5  -7.08100e+01   2.36400e-01     2           3.46790e+02   7.63300e+00  
     2022         9         9        23        33        10         14       7100       5362 1662766390.000   1662766390.000    6.30000e+02       0.00      90.00   2.22500e+02   2.97500e+02     1306.4       22.0           nan           nan     2           2.30350e+02   7.69600e+00  
     2022         9         9        23        35        34         15       7100       5362 1662766534.000   1662766534.000    6.30000e+02       0.00      45.00   2.22500e+02   2.97500e+02     1313.2       15.6   2.26400e+01   8.26000e-02     2           3.85530e+02   9.26400e+00  
     2022         9         9        23        40        58         16       7100       5362 1662766858.000   1662766858.000    6.30000e+02     180.00      45.00   2.22500e+02   2.97500e+02     1321.7       22.7   1.60400e+01   7.04000e-02     2           2.04930e+02   7.02500e+00  
     2022         9         9        23        43        22         17       7100       5362 1662767002.000   1662767002.000    6.30000e+02     -90.00      45.00   2.22500e+02   2.97500e+02     1286.9       13.5  -6.67900e+01   2.33800e-01     2           3.47680e+02   7.69200e+00  
     2022         9         9        23        49        22         18       7100       5362 1662767362.000   1662767362.000    6.30000e+02       0.00      90.00   2.22500e+02   2.97500e+02     1318.1       24.0           nan           nan     2           2.23370e+02   7.97200e+00  
     2022         9         9        23        56        34         19       7100       5362 1662767794.000   1662767794.000    6.30000e+02     180.00      45.00   2.22500e+02   2.97500e+02     1301.2       24.9   1.29400e+01   6.44000e-02     2           1.80190e+02   6.82700e+00  
     2022         9         9        23        58        58         20       7100       5362 1662767938.000   1662767938.000    6.30000e+02     -90.00      45.00   2.31500e+02   3.06500e+02     1287.3       14.5  -6.34600e+01   2.51500e-01     2           3.17390e+02   7.50200e+00  
     2022         9        10         0         1        58         21       7100       5362 1662768118.000   1662768118.000    6.30000e+02       0.00      90.00   2.31500e+02   3.06500e+02     1349.6       27.4           nan           nan     2           2.05070e+02   8.07500e+00  
     2022         9        10         0         4        22         22       7100       5362 1662768262.000   1662768262.000    6.30000e+02       0.00      45.00   2.31500e+02   3.06500e+02     1396.0       22.6   2.29900e+01   1.14800e-01     2           3.70940e+02   1.15380e+01  
     2022         9        10         0         9        10         23       7100       5362 1662768550.000   1662768550.000    6.30000e+02     180.00      45.00   2.31500e+02   3.06500e+02     1306.3       26.9   1.25100e+01   7.02000e-02     2           1.65970e+02   6.73600e+00  
     2022         9        10         0        11        34         24       7100       5362 1662768694.000   1662768694.000    6.30000e+02     -90.00      45.00   2.31500e+02   3.06500e+02     1285.6       15.9  -4.93200e+01   2.24000e-01     2           2.80200e+02   7.22400e+00  
     2022         9        10         0        17        34         25       7100       5362 1662769054.000   1662769054.000    6.30000e+02       0.00      90.00   2.31500e+02   3.06500e+02     1403.5       33.5           nan           nan     2           1.80490e+02   8.23400e+00  
     2022         9        10         0        20        34         26       7100       5362 1662769234.000   1662769234.000    6.30000e+02       0.00      45.00   2.31500e+02   3.06500e+02     1402.1       27.5   4.26000e+01   2.57600e-01     2           3.35590e+02   1.24140e+01  
     2022         9        10         0        25        22         27       7100       5362 1662769522.000   1662769522.000    6.30000e+02     180.00      45.00   2.31500e+02   3.06500e+02     1311.7       29.6  -8.54000e+00   5.47000e-02     2           1.50070e+02   6.61700e+00  
     2022         9        10         0        27        46         28       7100       5362 1662769666.000   1662769666.000    6.30000e+02     -90.00      45.00   2.31500e+02   3.06500e+02     1286.6       17.9  -6.47300e+01   3.41400e-01     2           2.46740e+02   7.03100e+00  
     2022         9        10         0        30        10         29       7100       5362 1662769810.000   1662769810.000    6.30000e+02       0.00      90.00   2.31500e+02   3.06500e+02     1398.9       37.6           nan           nan     2           1.61500e+02   8.23800e+00  
     2022         9        10         0        37        58         30       7100       5362 1662770278.000   1662770278.000    6.30000e+02     180.00      45.00   2.31500e+02   3.06500e+02     1338.4       33.9  -8.31000e+00   6.15000e-02     2           1.32680e+02   6.51700e+00  
     2022         9        10         0        40        22         31       7100       5362 1662770422.000   1662770422.000    6.30000e+02     -90.00      45.00   2.31500e+02   3.06500e+02     1279.4       19.6  -5.75600e+01   3.52000e-01     2           2.23320e+02   6.93100e+00  
     2022         9        10         0        46        22         32       7100       5362 1662770782.000   1662770782.000    6.30000e+02       0.00      90.00   2.31500e+02   3.06500e+02     1458.2       47.4           nan           nan     2           1.39210e+02   8.48500e+00  
     2022         9        10         0        53        34         33       7100       5362 1662771214.000   1662771214.000    6.30000e+02     180.00      45.00   2.31500e+02   3.06500e+02     1373.7       42.1  -2.03300e+01   1.75600e-01     2           1.09510e+02   6.41300e+00  
     2022         9        10         0        56        34         34       7100       5362 1662771394.000   1662771394.000    6.30000e+02     -90.00      45.00   2.31500e+02   3.06500e+02     1305.2       25.4  -4.18700e+01   2.96200e-01     2           1.91070e+02   7.29900e+00  
     2022         9        10         1         1        22         35       7100       5362 1662771682.000   1662771682.000    6.30000e+02       0.00      45.00   2.40500e+02   3.15500e+02     1397.3       36.1   5.11700e+01   4.21100e-01     2           2.13440e+02   1.03690e+01  
     2022         9        10         1         6        10         36       7100       5362 1662771970.000   1662771970.000    6.30000e+02     180.00      45.00   2.40500e+02   3.15500e+02     1349.7       43.6  -3.75400e+01   3.36100e-01     2           1.04200e+02   6.42400e+00  
     2022         9        10         1         8        34         37       7100       5362 1662772114.000   1662772114.000    6.30000e+02     -90.00      45.00   2.40500e+02   3.15500e+02     1274.2       24.4  -5.28400e+01   3.72000e-01     2           1.83780e+02   6.95500e+00  
     2022         9        10         1        17        34         38       7100       5362 1662772654.000   1662772654.000    6.30000e+02       0.00      45.00   2.40500e+02   3.15500e+02     1384.9       34.4   3.89900e+01   3.14500e-01     2           2.11910e+02   9.94900e+00  
     2022         9        10         1        22        22         39       7100       5362 1662772942.000   1662772942.000    6.30000e+02     180.00      45.00   2.40500e+02   3.15500e+02     1295.9       40.2  -5.90400e+01   5.14600e-01     2           1.06560e+02   6.33100e+00  
     2022         9        10         1        24        46         40       7100       5362 1662773086.000   1662773086.000    6.30000e+02     -90.00      45.00   2.40500e+02   3.15500e+02     1271.6       24.8  -6.77600e+01   4.83700e-01     2           1.84120e+02   7.08900e+00  
     2022         9        10         1        34        58         41       7100       5362 1662773698.000   1662773698.000    6.30000e+02     180.00      45.00   2.40500e+02   3.15500e+02     1358.3       47.3  -3.68700e+01   3.51300e-01     2           9.91300e+01   6.54000e+00  
     2022         9        10         1        37        22         42       7100       5362 1662773842.000   1662773842.000    6.30000e+02     -90.00      45.00   2.40500e+02   3.15500e+02     1356.0       35.0  -5.85000e+01   4.76800e-01     2           1.75870e+02   8.61100e+00  
     2022         9        10         1        45        46         43       7100       5362 1662774346.000   1662774346.000    6.30000e+02       0.00      45.00   2.40500e+02   3.15500e+02     1338.9       33.7   5.01700e+01   4.07600e-01     2           2.01630e+02   9.58600e+00  
     2022         9        10         1        53        34         44       7100       5362 1662774814.000   1662774814.000    6.30000e+02     -90.00      45.00   2.40500e+02   3.15500e+02     1361.2       37.1  -5.59600e+01   4.68800e-01     2           1.70720e+02   8.80800e+00  
     2022         9        10         1        58        22         45       7100       5362 1662775102.000   1662775102.000    6.30000e+02       0.00      45.00   2.40500e+02   3.15500e+02     1386.8       36.5   4.24700e+01   3.54000e-01     2           1.97000e+02   9.75900e+00  
     2022         9        10         2         6        10         46       7100       5362 1662775570.000   1662775570.000    6.30000e+02     -90.00      45.00   2.50500e+02   3.25500e+02     1290.6       32.0  -5.55700e+01   4.46000e-01     2           1.72380e+02   8.18200e+00  
     2022         9        10         2        16        58         47       7100       5362 1662776218.000   1662776218.000    6.30000e+02      90.00      45.00   2.50500e+02   3.25500e+02     1366.0       44.7   8.06200e+01   7.49000e-01     2           1.30700e+02   8.04800e+00  
     2022         9        10         2        21        46         48       7100       5362 1662776506.000   1662776506.000    6.30000e+02     -90.00      45.00   2.50500e+02   3.25500e+02     1360.1       40.8  -5.11200e+01   4.53000e-01     2           1.60330e+02   9.04700e+00  
     2022         9        10         2        29        34         49       7100       5362 1662776974.000   1662776974.000    6.30000e+02      90.00      45.00   2.50500e+02   3.25500e+02     1313.6       37.5   8.00400e+01   6.94400e-01     2           1.45680e+02   7.89700e+00  
     2022         9        10         2        31        58         50       7100       5362 1662777118.000   1662777118.000    6.30000e+02     180.00      45.00   2.50500e+02   3.25500e+02     1403.5       56.1  -2.82100e+01   2.93000e-01     2           9.06500e+01   6.80000e+00  
     2022         9        10         2        45        46         51       7100       5362 1662777946.000   1662777946.000    6.30000e+02      90.00      45.00   2.50500e+02   3.25500e+02     1317.6       34.9   8.76700e+01   7.34000e-01     2           1.63890e+02   8.26900e+00  
     2022         9        10         2        48        10         52       7100       5362 1662778090.000   1662778090.000    6.30000e+02     180.00      45.00   2.50500e+02   3.25500e+02     1383.2       49.8   2.47000e+00   2.42000e-02     2           9.85300e+01   6.70700e+00  
     2022         9        10         3         0        46         53       7100       5362 1662778846.000   1662778846.000    6.30000e+02     180.00      45.00   2.59500e+02   3.34500e+02     1405.5       49.4  -1.06200e+01   1.03500e-01     2           1.07500e+02   7.11700e+00  
     2022         9        10         3        13        58         54       7100       5362 1662779638.000   1662779638.000    6.30000e+02      90.00      45.00   2.59500e+02   3.34500e+02     1282.7       31.3   7.62800e+01   6.11500e-01     2           1.47170e+02   6.94700e+00  
     2022         9        10         3        16        58         55       7100       5362 1662779818.000   1662779818.000    6.30000e+02     180.00      45.00   2.59500e+02   3.34500e+02     1347.6       42.1   2.21600e+01   2.01400e-01     2           1.18310e+02   7.03000e+00  
     2022         9        10         4        13        58         56       7100       5362 1662783238.000   1662783238.000    6.30000e+02     180.00      45.00   2.69500e+02   3.44500e+02     1411.7       53.5  -4.35900e+01   4.49500e-01     2           9.59000e+01   6.83900e+00  
     2022         9        10         4        49        58         57       7100       5362 1662785398.000   1662785398.000    6.30000e+02       0.00      45.00   2.69500e+02   3.44500e+02     1530.1       51.0  -2.63200e+01   2.60600e-01     2           1.33650e+02   8.33100e+00  
     2022         9        10         5         6        10         58       7100       5362 1662786370.000   1662786370.000    6.30000e+02       0.00      45.00   2.70500e+02   3.45500e+02     1461.6       43.4  -2.65700e+01   2.48100e-01     2           1.46960e+02   8.24000e+00  
     2022         9        10         5        18        10         59       7100       5362 1662787090.000   1662787090.000    6.30000e+02       0.00      45.00   2.70500e+02   3.45500e+02     1436.7       39.1  -3.33400e+01   2.97300e-01     2           1.57490e+02   8.12600e+00  
     2022         9        10         5        21        10         60       7100       5362 1662787270.000   1662787270.000    6.30000e+02      90.00      45.00   2.70500e+02   3.45500e+02     1430.2       49.5   1.68000e+01   1.68300e-01     2           9.94900e+01   6.52800e+00  
     2022         9        10         5        23        34         61       7100       5362 1662787414.000   1662787414.000    6.30000e+02     180.00      45.00   2.70500e+02   3.45500e+02     1404.4       43.0   4.26300e+01   4.02100e-01     2           1.24450e+02   7.23300e+00  
     2022         9        10         5        34        58         62       7100       5362 1662788098.000   1662788098.000    6.30000e+02       0.00      45.00   2.70500e+02   3.45500e+02     1381.5       39.0  -3.62400e+01   3.27900e-01     2           1.45460e+02   7.80300e+00  
     2022         9        10         5        37        22         63       7100       5362 1662788242.000   1662788242.000    6.30000e+02      90.00      45.00   2.70500e+02   3.45500e+02     1411.7       46.1   5.12200e+01   4.92900e-01     2           9.89300e+01   6.16600e+00  
     2022         9        10         5        39        46         64       7100       5362 1662788386.000   1662788386.000    6.30000e+02     180.00      45.00   2.70500e+02   3.45500e+02     1428.0       42.9   6.32400e+01   5.90800e-01     2           1.29570e+02   7.38700e+00  
     2022         9        10         5        44        34         65       7100       5362 1662788674.000   1662788674.000    6.30000e+02       0.00      90.00   2.70500e+02   3.45500e+02     1382.8       49.2           nan           nan     2           9.24000e+01   6.24000e+00  
     2022         9        10         5        49        58         66       7100       5362 1662788998.000   1662788998.000    6.30000e+02      90.00      45.00   2.70500e+02   3.45500e+02     1415.4       51.4   3.23900e+01   3.30800e-01     2           8.56900e+01   5.91600e+00  
     2022         9        10         6         6        10         67       7100       5362 1662789970.000   1662789970.000    6.30000e+02      90.00      45.00   2.65500e+02   3.40500e+02     1483.8       65.0   3.19500e+01   3.63100e-01     2           6.87600e+01   5.66600e+00  
     2022         9        10         6        18        10         68       7100       5362 1662790690.000   1662790690.000    6.30000e+02      90.00      45.00   2.65500e+02   3.40500e+02     1486.8       74.8   3.18700e+01   3.88400e-01     2           5.35300e+01   5.05800e+00  
     2022         9        10         6        34        22         69       7100       5362 1662791662.000   1662791662.000    6.30000e+02      90.00      45.00   2.65500e+02   3.40500e+02     1532.6       90.7  -2.55700e+01   3.37100e-01     2           3.83600e+01   4.26400e+00  
     2022         9        10         8        10        22         70       7100       5362 1662797422.000   1662797422.000    6.30000e+02       0.00      45.00   2.38500e+02   3.13500e+02     1571.2       72.9  -3.82260e+02   3.77100e+00     2           6.17700e+01   5.38300e+00  
     2022         9        10         8        12        46         71       7100       5362 1662797566.000   1662797566.000    6.30000e+02      90.00      45.00   2.38500e+02   3.13500e+02     1364.2       58.4  -9.97000e+00   9.29000e-02     2           5.79800e+01   4.73600e+00  
     2022         9        10         8        15        10         72       7100       5362 1662797710.000   1662797710.000    6.30000e+02     180.00      45.00   2.38500e+02   3.13500e+02     1330.8       45.6   1.95000e+00   1.54000e-02     2           8.01600e+01   5.28400e+00  
     2022         9        10         8        17        34         73       7100       5362 1662797854.000   1662797854.000    6.30000e+02     -90.00      45.00   2.38500e+02   3.13500e+02     1478.0       61.7  -1.78000e+00   1.67000e-02     2           7.75700e+01   6.08700e+00  
     2022         9        10         8        23        34         74       7100       5362 1662798214.000   1662798214.000    6.30000e+02       0.00      90.00   2.38500e+02   3.13500e+02     1331.6       29.3           nan           nan     2           2.08110e+02   8.77700e+00  
     2022         9        10         8        25        58         75       7100       5362 1662798358.000   1662798358.000    6.30000e+02       0.00      45.00   2.38500e+02   3.13500e+02     1465.8       38.6   8.00000e+00   5.62000e-02     2           1.98430e+02   9.81000e+00  
     2022         9        10         8        28        58         76       7100       5362 1662798538.000   1662798538.000    6.30000e+02      90.00      45.00   2.38500e+02   3.13500e+02     1487.5       25.3   3.33800e+01   1.89800e-01     2           5.00570e+02   1.59330e+01  
