   YEAR     MONTH      DAY       HOUR      MIN       SEC       RECNO     KINDAT      KINST       UT1_UNIX        UT2_UNIX        WAVLEN        AZM        ELM         ALTB          ALTE         TN         DTN        VNHLU         DVNHLU     FPI_DATAQUAL      RLE           DRLE     
     2022         9        23         4        25        22          0       7100       5362 1663907122.000   1663907122.000    6.30000e+02       0.00      45.00   2.77500e+02   3.52500e+02     1371.5       38.4  -2.07000e+01   1.44800e-01     2           8.95400e+01   4.93100e+00  
     2022         9        23         4        32        34          1       7100       5362 1663907554.000   1663907554.000    6.30000e+02     -90.00      45.00   2.77500e+02   3.52500e+02     1306.7       31.7  -1.93800e+01   1.25600e-01     2           9.53100e+01   4.65000e+00  
     2022         9        23         5        22        22          2       7100       5362 1663910542.000   1663910542.000    6.30000e+02       0.00      45.00   2.77500e+02   3.52500e+02     1311.2       34.4  -3.24000e+00   2.18000e-02     2           8.44100e+01   4.44700e+00  
     2022         9        23         5        38        34          3       7100       5362 1663911514.000   1663911514.000    6.30000e+02       0.00      45.00   2.77500e+02   3.52500e+02     1300.9       40.8  -5.49000e+00   4.06000e-02     2           6.84400e+01   4.24700e+00  
     2022         9        23         5        40        58          4       7100       5362 1663911658.000   1663911658.000    6.30000e+02      90.00      45.00   2.77500e+02   3.52500e+02     1261.1       32.4   2.88900e+01   1.90400e-01     2           6.75200e+01   3.59200e+00  
     2022         9        23         5        43        22          5       7100       5362 1663911802.000   1663911802.000    6.30000e+02     180.00      45.00   2.77500e+02   3.52500e+02     1239.5       31.4   2.36300e+01   1.54800e-01     2           7.02200e+01   3.68100e+00  
     2022         9        23         5        45        46          6       7100       5362 1663911946.000   1663911946.000    6.30000e+02     -90.00      45.00   2.77500e+02   3.52500e+02     1363.6       56.6   1.07100e+01   9.25000e-02     2           5.11500e+01   4.10500e+00  
     2022         9        23         5        48        10          7       7100       5362 1663912090.000   1663912090.000    6.30000e+02       0.00      90.00   2.77500e+02   3.52500e+02     1304.1       43.0           nan           nan     1           5.46500e+01   3.60800e+00  
     2022         9        23         5        50        34          8       7100       5362 1663912234.000   1663912234.000    6.30000e+02       0.00      45.00   2.77500e+02   3.52500e+02     1346.3       56.6   1.57800e+01   1.35800e-01     2           4.93100e+01   4.00900e+00  
     2022         9        23         5        53        34          9       7100       5362 1663912414.000   1663912414.000    6.30000e+02      90.00      45.00   2.77500e+02   3.52500e+02     1289.0       47.0   3.09000e+01   2.32500e-01     1           4.56900e+01   3.32800e+00  
     2022         9        23         5        58        22         10       7100       5362 1663912702.000   1663912702.000    6.30000e+02     -90.00      45.00   2.77500e+02   3.52500e+02     1439.2       77.0  -5.60000e-01   5.40000e-03     2           3.72400e+01   3.79900e+00  
     2022         9        23         6         4        22         11       7100       5362 1663913062.000   1663913062.000    6.30000e+02       0.00      90.00   2.74500e+02   3.49500e+02     1237.9       29.8           nan           nan     2           6.58200e+01   3.35300e+00  
     2022         9        23         6         9        10         12       7100       5362 1663913350.000   1663913350.000    6.30000e+02      90.00      45.00   2.74500e+02   3.49500e+02     1262.6       42.2   3.00100e+01   2.05000e-01     1           4.56700e+01   3.10800e+00  
     2022         9        23         6        12        10         13       7100       5362 1663913530.000   1663913530.000    6.30000e+02     180.00      45.00   2.74500e+02   3.49500e+02     1220.5       26.2   2.99200e+01   1.67000e-01     2           7.65900e+01   3.52100e+00  
     2022         9        23         6        14        34         14       7100       5362 1663913674.000   1663913674.000    6.30000e+02     -90.00      45.00   2.74500e+02   3.49500e+02     1308.2       51.0  -1.25400e+01   1.00500e-01     2           5.01400e+01   3.82500e+00  
     2022         9        23         6        16        58         15       7100       5362 1663913818.000   1663913818.000    6.30000e+02       0.00      90.00   2.74500e+02   3.49500e+02     1237.6       41.8           nan           nan     1           4.76800e+01   3.26000e+00  
     2022         9        23         6        19        22         16       7100       5362 1663913962.000   1663913962.000    6.30000e+02       0.00      45.00   2.74500e+02   3.49500e+02     1436.8       81.8   4.18700e+01   4.63800e-01     2           3.64800e+01   3.93600e+00  
     2022         9        23         6        21        46         17       7100       5362 1663914106.000   1663914106.000    6.30000e+02      90.00      45.00   2.74500e+02   3.49500e+02     1247.0       39.3   4.02400e+01   2.90100e-01     2           4.88900e+01   3.15600e+00  
     2022         9        23         6        24        10         18       7100       5362 1663914250.000   1663914250.000    6.30000e+02     180.00      45.00   2.74500e+02   3.49500e+02     1304.3       45.4   6.92100e+01   5.27900e-01     1           4.58000e+01   3.21500e+00  
     2022         9        23         6        27        10         19       7100       5362 1663914430.000   1663914430.000    6.30000e+02     -90.00      45.00   2.74500e+02   3.49500e+02     1311.1       51.3  -1.50100e+01   1.21600e-01     2           4.98600e+01   3.81800e+00  
     2022         9        23         6        33        10         20       7100       5362 1663914790.000   1663914790.000    6.30000e+02       0.00      90.00   2.74500e+02   3.49500e+02     1243.5       39.4           nan           nan     2           4.85300e+01   3.14800e+00  
     2022         9        23         6        35        34         21       7100       5362 1663914934.000   1663914934.000    6.30000e+02       0.00      45.00   2.74500e+02   3.49500e+02     1201.7       46.9   4.43000e+00   3.47000e-02     2           4.58100e+01   3.53200e+00  
     2022         9        23         6        37        58         22       7100       5362 1663915078.000   1663915078.000    6.30000e+02      90.00      45.00   2.74500e+02   3.49500e+02     1266.1       47.1   4.26300e+01   3.20600e-01     1           4.09500e+01   3.06400e+00  
     2022         9        23         6        40        22         23       7100       5362 1663915222.000   1663915222.000    6.30000e+02     180.00      45.00   2.74500e+02   3.49500e+02     1235.0       33.8   2.49000e+01   1.56600e-01     2           5.46800e+01   3.13000e+00  
     2022         9        23         6        42        46         24       7100       5362 1663915366.000   1663915366.000    6.30000e+02     -90.00      45.00   2.74500e+02   3.49500e+02     1220.4       31.0  -4.65800e+01   2.81500e-01     2           6.36200e+01   3.38200e+00  
     2022         9        23         6        45        46         25       7100       5362 1663915546.000   1663915546.000    6.30000e+02       0.00      90.00   2.74500e+02   3.49500e+02     1219.3       37.8           nan           nan     2           4.32000e+01   2.80200e+00  
     2022         9        23         6        48        10         26       7100       5362 1663915690.000   1663915690.000    6.30000e+02       0.00      45.00   2.74500e+02   3.49500e+02     1232.1       37.2   2.23600e+01   1.49600e-01     2           5.12800e+01   3.18800e+00  
     2022         9        23         6        50        34         27       7100       5362 1663915834.000   1663915834.000    6.30000e+02      90.00      45.00   2.74500e+02   3.49500e+02     1210.4       37.9   4.46700e+01   3.06800e-01     1           4.48200e+01   2.91200e+00  
     2022         9        23         6        52        58         28       7100       5362 1663915978.000   1663915978.000    6.30000e+02     180.00      45.00   2.74500e+02   3.49500e+02     1245.3       35.9   2.08000e+01   1.39300e-01     2           4.99200e+01   3.00600e+00  
     2022         9        23         6        55        22         29       7100       5362 1663916122.000   1663916122.000    6.30000e+02     -90.00      45.00   2.74500e+02   3.49500e+02     1253.1       38.1  -3.39200e+01   2.40400e-01     2           5.20300e+01   3.24600e+00  
     2022         9        23         7         1        22         30       7100       5362 1663916482.000   1663916482.000    6.30000e+02       0.00      90.00   2.61500e+02   3.36500e+02     1238.0       44.7           nan           nan     1           3.69600e+01   2.73700e+00  
     2022         9        23         7         4        22         31       7100       5362 1663916662.000   1663916662.000    6.30000e+02       0.00      45.00   2.61500e+02   3.36500e+02     1204.8       40.1   2.22400e+01   1.70000e-01     1           4.20400e+01   2.88200e+00  
     2022         9        23         7         6        46         32       7100       5362 1663916806.000   1663916806.000    6.30000e+02      90.00      45.00   2.61500e+02   3.36500e+02     1196.7       42.5   5.28000e+01   4.17700e-01     1           3.77300e+01   2.75500e+00  
     2022         9        23         7         9        10         33       7100       5362 1663916950.000   1663916950.000    6.30000e+02     180.00      45.00   2.61500e+02   3.36500e+02     1220.8       39.2   1.02000e+01   7.71000e-02     1           4.21200e+01   2.81200e+00  
     2022         9        23         7        11        34         34       7100       5362 1663917094.000   1663917094.000    6.30000e+02     -90.00      45.00   2.61500e+02   3.36500e+02     1205.5       42.6  -3.19000e+01   2.56400e-01     1           4.11500e+01   2.96500e+00  
     2022         9        23         7        13        58         35       7100       5362 1663917238.000   1663917238.000    6.30000e+02       0.00      90.00   2.61500e+02   3.36500e+02     1218.5       47.0           nan           nan     1           3.19700e+01   2.53600e+00  
     2022         9        23         7        16        22         36       7100       5362 1663917382.000   1663917382.000    6.30000e+02       0.00      45.00   2.61500e+02   3.36500e+02     1251.8       44.7   4.05900e+01   3.33000e-01     1           3.81400e+01   2.78700e+00  
     2022         9        23         7        18        46         37       7100       5362 1663917526.000   1663917526.000    6.30000e+02      90.00      45.00   2.61500e+02   3.36500e+02     1210.1       44.0   5.76700e+01   4.79500e-01     1           3.54000e+01   2.64900e+00  
     2022         9        23         7        21        46         38       7100       5362 1663917706.000   1663917706.000    6.30000e+02     180.00      45.00   2.61500e+02   3.36500e+02     1221.6       44.2   1.91900e+01   1.61400e-01     1           3.67700e+01   2.72900e+00  
     2022         9        23         7        24        10         39       7100       5362 1663917850.000   1663917850.000    6.30000e+02     -90.00      45.00   2.61500e+02   3.36500e+02     1275.7       54.4  -3.50900e+01   3.30300e-01     1           3.63400e+01   3.07500e+00  
     2022         9        23         7        30        10         40       7100       5362 1663918210.000   1663918210.000    6.30000e+02       0.00      90.00   2.61500e+02   3.36500e+02     1234.7       53.0           nan           nan     1           2.93300e+01   2.54800e+00  
     2022         9        23         7        32        34         41       7100       5362 1663918354.000   1663918354.000    6.30000e+02       0.00      45.00   2.61500e+02   3.36500e+02     1244.0       51.0   2.52600e+01   2.32600e-01     1           3.53500e+01   2.90400e+00  
     2022         9        23         7        34        58         42       7100       5362 1663918498.000   1663918498.000    6.30000e+02      90.00      45.00   2.61500e+02   3.36500e+02     1206.2       41.2   6.25700e+01   5.14200e-01     1           3.94300e+01   2.77900e+00  
     2022         9        23         7        37        22         43       7100       5362 1663918642.000   1663918642.000    6.30000e+02     180.00      45.00   2.61500e+02   3.36500e+02     1215.4       42.4  -3.28800e+01   2.67900e-01     1           3.64100e+01   2.63100e+00  
     2022         9        23         7        40        22         44       7100       5362 1663918822.000   1663918822.000    6.30000e+02     -90.00      45.00   2.61500e+02   3.36500e+02     1282.2       48.8  -5.10500e+01   4.37700e-01     1           3.66100e+01   2.82300e+00  
     2022         9        23         7        42        46         45       7100       5362 1663918966.000   1663918966.000    6.30000e+02       0.00      90.00   2.61500e+02   3.36500e+02     1224.0       48.2           nan           nan     1           3.05100e+01   2.47400e+00  
     2022         9        23         7        47        34         46       7100       5362 1663919254.000   1663919254.000    6.30000e+02      90.00      45.00   2.61500e+02   3.36500e+02     1191.7       34.0   5.13400e+01   3.50900e-01     1           6.17500e+01   3.60100e+00  
     2022         9        23         7        49        58         47       7100       5362 1663919398.000   1663919398.000    6.30000e+02     180.00      45.00   2.61500e+02   3.36500e+02     1218.1       34.8  -2.01500e+01   1.33000e-01     2           5.06000e+01   3.02100e+00  
     2022         9        23         7        52        22         48       7100       5362 1663919542.000   1663919542.000    6.30000e+02     -90.00      45.00   2.61500e+02   3.36500e+02     1289.4       42.7  -5.23800e+01   3.59400e-01     1           4.54200e+01   3.06800e+00  
     2022         9        23         7        58        58         49       7100       5362 1663919938.000   1663919938.000    6.30000e+02       0.00      90.00   2.44500e+02   3.19500e+02     1217.8       30.3           nan           nan     2           6.08500e+01   3.20500e+00  
     2022         9        23         8         1        22         50       7100       5362 1663920082.000   1663920082.000    6.30000e+02       0.00      45.00   2.44500e+02   3.19500e+02     1228.5       23.9   4.81100e+01   2.28500e-01     2           9.66400e+01   3.99400e+00  
     2022         9        23         8         8        34         51       7100       5362 1663920514.000   1663920514.000    6.30000e+02     -90.00      45.00   2.44500e+02   3.19500e+02     1279.8       27.6  -3.06600e+01   1.56100e-01     2           1.14060e+02   4.98000e+00  
