   YEAR     MONTH      DAY       HOUR      MIN       SEC       RECNO     KINDAT      KINST       UT1_UNIX        UT2_UNIX        WAVLEN        AZM        ELM         ALTB          ALTE         TN         DTN        VNHLU         DVNHLU     FPI_DATAQUAL      RLE           DRLE     
     2022         3         1        21        59        34          0       7100       5362 1646171974.000   1646171974.000    6.30000e+02       0.00      45.00   2.05500e+02   2.80500e+02     1049.9        5.5   9.97000e+00   1.60000e-02     2           1.04627e+03   1.22200e+01  
     2022         3         1        22         1        58          1       7100       5362 1646172118.000   1646172118.000    6.30000e+02      90.00      45.00   2.05500e+02   2.80500e+02     1020.6        5.9   6.67700e+01   1.11000e-01     1           7.60140e+02   9.96200e+00  
     2022         3         1        22         9        46          2       7100       5362 1646172586.000   1646172586.000    6.30000e+02       0.00      90.00   2.05500e+02   2.80500e+02     1020.5        5.9           nan           nan     1           6.15610e+02   8.42700e+00  
     2022         3         1        22        14        34          3       7100       5362 1646172874.000   1646172874.000    6.30000e+02      90.00      45.00   2.05500e+02   2.80500e+02      989.6        5.9   7.36500e+01   1.25200e-01     1           5.71470e+02   8.07100e+00  
     2022         3         1        22        16        58          4       7100       5362 1646173018.000   1646173018.000    6.30000e+02     180.00      45.00   2.05500e+02   2.80500e+02      993.8        5.4   1.69400e+01   2.77000e-02     1           6.80810e+02   8.76700e+00  
     2022         3         1        22        25        58          5       7100       5362 1646173558.000   1646173558.000    6.30000e+02       0.00      90.00   2.05500e+02   2.80500e+02      998.2        6.6           nan           nan     1           4.74840e+02   7.43600e+00  
     2022         3         1        22        28        22          6       7100       5362 1646173702.000   1646173702.000    6.30000e+02       0.00      45.00   2.05500e+02   2.80500e+02      994.7        9.0   2.14100e+01   4.88000e-02     1           3.76240e+02   7.45800e+00  
     2022         3         1        22        30        46          7       7100       5362 1646173846.000   1646173846.000    6.30000e+02      90.00      45.00   2.05500e+02   2.80500e+02      981.5        6.6   5.54400e+01   1.05700e-01     1           4.75480e+02   7.52500e+00  
     2022         3         1        22        33        10          8       7100       5362 1646173990.000   1646173990.000    6.30000e+02     180.00      45.00   2.05500e+02   2.80500e+02      976.0        8.2   2.32300e+01   5.03000e-02     1           3.41540e+02   6.59000e+00  
     2022         3         1        22        35        34          9       7100       5362 1646174134.000   1646174134.000    6.30000e+02     -90.00      45.00   2.05500e+02   2.80500e+02      996.5        6.8  -4.54000e+01   8.82000e-02     1           5.16340e+02   8.09100e+00  
     2022         3         1        22        37        58         10       7100       5362 1646174278.000   1646174278.000    6.30000e+02       0.00      90.00   2.05500e+02   2.80500e+02      986.0        6.8           nan           nan     1           4.49710e+02   7.28800e+00  
     2022         3         1        22        40        58         11       7100       5362 1646174458.000   1646174458.000    6.30000e+02       0.00      45.00   2.05500e+02   2.80500e+02      978.5        7.1   1.98900e+01   3.99000e-02     1           4.83760e+02   7.94500e+00  
     2022         3         1        22        43        22         12       7100       5362 1646174602.000   1646174602.000    6.30000e+02      90.00      45.00   2.05500e+02   2.80500e+02      968.5        7.0   4.84200e+01   9.53000e-02     1           4.29530e+02   7.20600e+00  
     2022         3         1        22        45        46         13       7100       5362 1646174746.000   1646174746.000    6.30000e+02     180.00      45.00   2.05500e+02   2.80500e+02      968.4        6.8   1.73700e+01   3.36000e-02     1           4.52160e+02   7.37800e+00  
     2022         3         1        22        48        10         14       7100       5362 1646174890.000   1646174890.000    6.30000e+02     -90.00      45.00   2.05500e+02   2.80500e+02      989.2        5.5  -6.95800e+01   1.20200e-01     1           6.45740e+02   8.58800e+00  
     2022         3         1        22        54        10         15       7100       5362 1646175250.000   1646175250.000    6.30000e+02       0.00      90.00   2.05500e+02   2.80500e+02      962.4        6.3           nan           nan     1           4.70920e+02   7.33100e+00  
     2022         3         1        22        59        34         16       7100       5362 1646175574.000   1646175574.000    6.30000e+02      90.00      45.00   2.17500e+02   2.92500e+02      964.8        7.1   3.73800e+01   7.33000e-02     1           4.15430e+02   7.11700e+00  
     2022         3         1        23         1        58         17       7100       5362 1646175718.000   1646175718.000    6.30000e+02     180.00      45.00   2.17500e+02   2.92500e+02      944.2        6.0  -5.06000e+00   9.10000e-03     1           4.98080e+02   7.51400e+00  
     2022         3         1        23         6        46         18       7100       5362 1646176006.000   1646176006.000    6.30000e+02       0.00      90.00   2.17500e+02   2.92500e+02      956.6        6.3           nan           nan     1           4.59750e+02   7.24200e+00  
     2022         3         1        23         9        10         19       7100       5362 1646176150.000   1646176150.000    6.30000e+02       0.00      45.00   2.17500e+02   2.92500e+02      951.3        8.2  -1.12500e+01   2.46000e-02     1           3.93360e+02   7.50400e+00  
     2022         3         1        23        11        34         20       7100       5362 1646176294.000   1646176294.000    6.30000e+02      90.00      45.00   2.17500e+02   2.92500e+02      949.2        6.1   9.22300e+01   1.74100e-01     1           4.93690e+02   7.54300e+00  
     2022         3         1        23        14        34         21       7100       5362 1646176474.000   1646176474.000    6.30000e+02     180.00      45.00   2.17500e+02   2.92500e+02      951.0        7.5  -2.68000e+00   5.70000e-03     1           3.73060e+02   6.77500e+00  
     2022         3         1        23        16        58         22       7100       5362 1646176618.000   1646176618.000    6.30000e+02     -90.00      45.00   2.17500e+02   2.92500e+02      955.7        8.3  -1.32400e+01   3.01000e-02     1           3.57990e+02   6.96000e+00  
     2022         3         1        23        22        58         23       7100       5362 1646176978.000   1646176978.000    6.30000e+02       0.00      90.00   2.17500e+02   2.92500e+02      949.8        7.6           nan           nan     1           3.69360e+02   6.79000e+00  
     2022         3         1        23        27        46         24       7100       5362 1646177266.000   1646177266.000    6.30000e+02      90.00      45.00   2.17500e+02   2.92500e+02      934.0        6.0   9.52800e+01   1.89300e-01     1           4.83890e+02   7.40200e+00  
     2022         3         1        23        30        10         25       7100       5362 1646177410.000   1646177410.000    6.30000e+02     180.00      45.00   2.17500e+02   2.92500e+02      940.6        6.9  -1.05000e+01   2.21000e-02     1           3.96420e+02   6.83400e+00  
     2022         3         1        23        33        10         26       7100       5362 1646177590.000   1646177590.000    6.30000e+02     -90.00      45.00   2.17500e+02   2.92500e+02      952.8        5.9  -7.01200e+01   1.36400e-01     1           5.63680e+02   8.20200e+00  
     2022         3         1        23        35        34         27       7100       5362 1646177734.000   1646177734.000    6.30000e+02       0.00      90.00   2.17500e+02   2.92500e+02      947.9        7.2           nan           nan     1           3.82360e+02   6.79800e+00  
     2022         3         1        23        37        58         28       7100       5362 1646177878.000   1646177878.000    6.30000e+02       0.00      45.00   2.17500e+02   2.92500e+02      935.0        6.5   2.90000e+01   5.94000e-02     1           4.94970e+02   7.90100e+00  
     2022         3         1        23        40        22         29       7100       5362 1646178022.000   1646178022.000    6.30000e+02      90.00      45.00   2.17500e+02   2.92500e+02      941.6        7.3   4.47900e+01   9.74000e-02     1           3.74630e+02   6.76200e+00  
     2022         3         1        23        42        46         30       7100       5362 1646178166.000   1646178166.000    6.30000e+02     180.00      45.00   2.17500e+02   2.92500e+02      932.6       10.6   1.63800e+01   4.42000e-02     1           2.09300e+02   5.34100e+00  
     2022         3         1        23        45        10         31       7100       5362 1646178310.000   1646178310.000    6.30000e+02     -90.00      45.00   2.17500e+02   2.92500e+02      942.9        5.6  -8.23800e+01   1.58800e-01     1           5.90420e+02   8.29200e+00  
     2022         3         1        23        51        10         32       7100       5362 1646178670.000   1646178670.000    6.30000e+02       0.00      90.00   2.17500e+02   2.92500e+02      927.7        7.5           nan           nan     1           3.38380e+02   6.39800e+00  
     2022         3         1        23        53        34         33       7100       5362 1646178814.000   1646178814.000    6.30000e+02       0.00      45.00   2.17500e+02   2.92500e+02      963.3       15.0   8.65000e+00   3.17000e-02     1           1.84450e+02   5.96500e+00  
     2022         3         1        23        56        34         34       7100       5362 1646178994.000   1646178994.000    6.30000e+02      90.00      45.00   2.17500e+02   2.92500e+02      933.2       12.4   1.86800e+01   6.43000e-02     1           1.71310e+02   5.00200e+00  
     2022         3         1        23        58        58         35       7100       5362 1646179138.000   1646179138.000    6.30000e+02     180.00      45.00   2.25500e+02   3.00500e+02      950.5       19.9   1.62000e+01   7.80000e-02     1           8.87400e+01   3.93700e+00  
     2022         3         2         0         1        22         36       7100       5362 1646179282.000   1646179282.000    6.30000e+02     -90.00      45.00   2.25500e+02   3.00500e+02      955.8       18.1   7.87000e+00   3.81000e-02     1           1.25200e+02   4.93500e+00  
     2022         3         2         0         3        46         37       7100       5362 1646179426.000   1646179426.000    6.30000e+02       0.00      90.00   2.25500e+02   3.00500e+02      947.6       14.2           nan           nan     1           1.44420e+02   4.71200e+00  
     2022         3         2         0         6        10         38       7100       5362 1646179570.000   1646179570.000    6.30000e+02       0.00      45.00   2.25500e+02   3.00500e+02     1075.8       56.1   3.99700e+01   4.45500e-01     2           4.65000e+01   4.61500e+00  
     2022         3         2         0         8        34         39       7100       5362 1646179714.000   1646179714.000    6.30000e+02      90.00      45.00   2.25500e+02   3.00500e+02      922.7       26.3   2.19100e+01   1.41600e-01     1           5.85900e+01   3.45400e+00  
     2022         3         2         0        10        58         40       7100       5362 1646179858.000   1646179858.000    6.30000e+02     180.00      45.00   2.25500e+02   3.00500e+02      954.3       25.7   4.06500e+01   2.51700e-01     1           6.23100e+01   3.48400e+00  
     2022         3         2         0        13        58         41       7100       5362 1646180038.000   1646180038.000    6.30000e+02     -90.00      45.00   2.25500e+02   3.00500e+02     1033.5       44.7   2.72600e+01   2.53300e-01     2           4.89900e+01   4.11700e+00  
     2022         3         2         0        19        58         42       7100       5362 1646180398.000   1646180398.000    6.30000e+02       0.00      90.00   2.25500e+02   3.00500e+02      936.0       14.0           nan           nan     1           1.52710e+02   4.93100e+00  
     2022         3         2         0        22        22         43       7100       5362 1646180542.000   1646180542.000    6.30000e+02       0.00      45.00   2.25500e+02   3.00500e+02      972.0       20.6   3.70800e+01   1.96200e-01     1           1.23410e+02   5.30300e+00  
     2022         3         2         0        24        46         44       7100       5362 1646180686.000   1646180686.000    6.30000e+02      90.00      45.00   2.25500e+02   3.00500e+02      912.0       15.1   1.77800e+01   7.58000e-02     1           1.24930e+02   4.47200e+00  
     2022         3         2         0        27        10         45       7100       5362 1646180830.000   1646180830.000    6.30000e+02     180.00      45.00   2.25500e+02   3.00500e+02      911.9       12.6   2.32000e+00   8.50000e-03     1           1.54760e+02   4.72700e+00  
     2022         3         2         0        29        34         46       7100       5362 1646180974.000   1646180974.000    6.30000e+02     -90.00      45.00   2.25500e+02   3.00500e+02      916.9       12.0  -1.28900e+01   4.49000e-02     1           1.98750e+02   5.62500e+00  
     2022         3         2         0        31        58         47       7100       5362 1646181118.000   1646181118.000    6.30000e+02       0.00      90.00   2.25500e+02   3.00500e+02      928.6        9.6           nan           nan     0           2.21830e+02   5.26300e+00  
     2022         3         2         0        34        22         48       7100       5362 1646181262.000   1646181262.000    6.30000e+02       0.00      45.00   2.25500e+02   3.00500e+02      922.2        9.2   4.17400e+01   1.19100e-01     1           2.90210e+02   6.42200e+00  
     2022         3         2         0        37        22         49       7100       5362 1646181442.000   1646181442.000    6.30000e+02      90.00      45.00   2.25500e+02   3.00500e+02      928.1        9.1   6.01300e+01   1.68300e-01     0           2.46170e+02   5.56200e+00  
     2022         3         2         0        39        46         50       7100       5362 1646181586.000   1646181586.000    6.30000e+02     180.00      45.00   2.25500e+02   3.00500e+02      933.0       12.2  -2.15500e+01   7.12000e-02     1           1.66510e+02   4.84000e+00  
     2022         3         2         0        42        10         51       7100       5362 1646181730.000   1646181730.000    6.30000e+02     -90.00      45.00   2.25500e+02   3.00500e+02      929.2       11.0  -3.01300e+01   9.42000e-02     1           2.16710e+02   5.65300e+00  
     2022         3         2         0        48        10         52       7100       5362 1646182090.000   1646182090.000    6.30000e+02       0.00      90.00   2.25500e+02   3.00500e+02      937.8        9.6           nan           nan     0           2.31510e+02   5.41500e+00  
     2022         3         2         0        50        34         53       7100       5362 1646182234.000   1646182234.000    6.30000e+02       0.00      45.00   2.25500e+02   3.00500e+02      905.4        6.5   7.70500e+01   1.89200e-01     1           4.06870e+02   6.86800e+00  
     2022         3         2         0        52        58         54       7100       5362 1646182378.000   1646182378.000    6.30000e+02      90.00      45.00   2.25500e+02   3.00500e+02      942.5       13.2   2.09400e+01   7.32000e-02     1           1.49600e+02   4.63100e+00  
     2022         3         2         0        55        22         55       7100       5362 1646182522.000   1646182522.000    6.30000e+02     180.00      45.00   2.25500e+02   3.00500e+02      939.6       12.2  -4.57800e+01   1.55100e-01     0           1.55700e+02   4.56900e+00  
     2022         3         2         0        57        46         56       7100       5362 1646182666.000   1646182666.000    6.30000e+02     -90.00      45.00   2.25500e+02   3.00500e+02      937.6        7.0  -8.30600e+01   2.17700e-01     1           3.92490e+02   6.84600e+00  
     2022         3         2         1         0        46         57       7100       5362 1646182846.000   1646182846.000    6.30000e+02       0.00      90.00   2.30500e+02   3.05500e+02      949.4       10.9           nan           nan     0           1.81300e+02   4.78800e+00  
     2022         3         2         1         3        10         58       7100       5362 1646182990.000   1646182990.000    6.30000e+02       0.00      45.00   2.30500e+02   3.05500e+02      925.4        7.3   8.56200e+01   2.35800e-01     1           3.51150e+02   6.45500e+00  
     2022         3         2         1         5        34         59       7100       5362 1646183134.000   1646183134.000    6.30000e+02      90.00      45.00   2.30500e+02   3.05500e+02      939.0       12.4   8.82300e+01   3.16500e-01     0           1.46920e+02   4.39800e+00  
     2022         3         2         1         7        58         60       7100       5362 1646183278.000   1646183278.000    6.30000e+02     180.00      45.00   2.30500e+02   3.05500e+02      942.8       13.7  -5.28800e+01   2.02300e-01     0           1.26310e+02   4.14200e+00  
     2022         3         2         1        10        22         61       7100       5362 1646183422.000   1646183422.000    6.30000e+02     -90.00      45.00   2.30500e+02   3.05500e+02      937.3        7.4  -7.18700e+01   2.08500e-01     1           3.68690e+02   6.74500e+00  
     2022         3         2         1        16        58         62       7100       5362 1646183818.000   1646183818.000    6.30000e+02       0.00      90.00   2.30500e+02   3.05500e+02      922.2       12.6           nan           nan     0           1.36750e+02   4.23900e+00  
     2022         3         2         1        19        22         63       7100       5362 1646183962.000   1646183962.000    6.30000e+02       0.00      45.00   2.30500e+02   3.05500e+02      913.1        8.4   1.01930e+02   3.26400e-01     1           2.70630e+02   5.74800e+00  
     2022         3         2         1        21        46         64       7100       5362 1646184106.000   1646184106.000    6.30000e+02      90.00      45.00   2.30500e+02   3.05500e+02      931.6       14.6   9.20100e+01   3.86200e-01     0           1.09310e+02   3.85100e+00  
     2022         3         2         1        24        10         65       7100       5362 1646184250.000   1646184250.000    6.30000e+02     180.00      45.00   2.30500e+02   3.05500e+02      932.1       15.2  -5.09300e+01   2.19500e-01     0           1.03190e+02   3.77800e+00  
     2022         3         2         1        26        34         66       7100       5362 1646184394.000   1646184394.000    6.30000e+02     -90.00      45.00   2.30500e+02   3.05500e+02      935.5        7.6  -6.82300e+01   2.13800e-01     1           3.31210e+02   6.30000e+00  
     2022         3         2         1        28        58         67       7100       5362 1646184538.000   1646184538.000    6.30000e+02       0.00      90.00   2.30500e+02   3.05500e+02      926.7       13.3           nan           nan     0           1.33450e+02   4.29600e+00  
     2022         3         2         1        31        22         68       7100       5362 1646184682.000   1646184682.000    6.30000e+02       0.00      45.00   2.30500e+02   3.05500e+02      926.0       10.5   9.98200e+01   3.70600e-01     1           2.11750e+02   5.38700e+00  
     2022         3         2         1        34        22         69       7100       5362 1646184862.000   1646184862.000    6.30000e+02      90.00      45.00   2.30500e+02   3.05500e+02      932.8       17.3   7.67000e+01   3.67200e-01     0           8.48500e+01   3.48300e+00  
     2022         3         2         1        36        46         70       7100       5362 1646185006.000   1646185006.000    6.30000e+02     180.00      45.00   2.30500e+02   3.05500e+02      933.8       16.0  -4.17700e+01   1.94500e-01     0           1.03870e+02   3.91300e+00  
     2022         3         2         1        39        10         71       7100       5362 1646185150.000   1646185150.000    6.30000e+02     -90.00      45.00   2.30500e+02   3.05500e+02      934.9        8.4  -6.24600e+01   2.20500e-01     1           2.80810e+02   5.83400e+00  
     2022         3         2         1        45        10         72       7100       5362 1646185510.000   1646185510.000    6.30000e+02       0.00      90.00   2.30500e+02   3.05500e+02      927.6       15.9           nan           nan     0           9.52900e+01   3.65000e+00  
     2022         3         2         1        47        34         73       7100       5362 1646185654.000   1646185654.000    6.30000e+02       0.00      45.00   2.30500e+02   3.05500e+02      932.5       10.7   1.22390e+02   5.03100e-01     0           1.84330e+02   4.84300e+00  
     2022         3         2         1        49        58         74       7100       5362 1646185798.000   1646185798.000    6.30000e+02      90.00      45.00   2.30500e+02   3.05500e+02      949.9       22.1   6.37400e+01   3.78500e-01     0           6.21200e+01   3.12800e+00  
     2022         3         2         1        52        22         75       7100       5362 1646185942.000   1646185942.000    6.30000e+02     180.00      45.00   2.30500e+02   3.05500e+02      941.5       20.3  -8.35900e+01   4.78100e-01     0           6.89700e+01   3.24600e+00  
     2022         3         2         1        54        46         76       7100       5362 1646186086.000   1646186086.000    6.30000e+02     -90.00      45.00   2.30500e+02   3.05500e+02      944.1       12.4  -8.55100e+01   3.85300e-01     0           1.54670e+02   4.58000e+00  
     2022         3         2         1        57        46         77       7100       5362 1646186266.000   1646186266.000    6.30000e+02       0.00      90.00   2.30500e+02   3.05500e+02      924.4       17.5           nan           nan     0           8.08100e+01   3.39800e+00  
     2022         3         2         2         0        10         78       7100       5362 1646186410.000   1646186410.000    6.30000e+02       0.00      45.00   2.34500e+02   3.09500e+02      921.4       11.2   1.13350e+02   5.04000e-01     0           1.71790e+02   4.73100e+00  
     2022         3         2         2         2        34         79       7100       5362 1646186554.000   1646186554.000    6.30000e+02      90.00      45.00   2.34500e+02   3.09500e+02      960.3       24.2   3.77800e+01   2.45200e-01     0           5.34900e+01   2.91500e+00  
     2022         3         2         2         4        58         80       7100       5362 1646186698.000   1646186698.000    6.30000e+02     180.00      45.00   2.34500e+02   3.09500e+02      920.5       23.4  -1.62440e+02   1.10450e+00     1           5.56200e+01   3.03400e+00  
     2022         3         2         2         7        22         81       7100       5362 1646186842.000   1646186842.000    6.30000e+02     -90.00      45.00   2.34500e+02   3.09500e+02      939.2       11.7  -6.40200e+01   2.96700e-01     0           1.66000e+02   4.68300e+00  
     2022         3         2         2        13        22         82       7100       5362 1646187202.000   1646187202.000    6.30000e+02       0.00      90.00   2.34500e+02   3.09500e+02      926.0       19.5           nan           nan     0           6.76000e+01   3.14400e+00  
     2022         3         2         2        15        46         83       7100       5362 1646187346.000   1646187346.000    6.30000e+02       0.00      45.00   2.34500e+02   3.09500e+02      917.9       10.8   1.20870e+02   5.62300e-01     0           1.77360e+02   4.75500e+00  
     2022         3         2         2        18        10         84       7100       5362 1646187490.000   1646187490.000    6.30000e+02      90.00      45.00   2.34500e+02   3.09500e+02      931.2       23.8   5.45700e+01   3.66100e-01     0           5.25500e+01   2.90200e+00  
     2022         3         2         2        20        34         85       7100       5362 1646187634.000   1646187634.000    6.30000e+02     180.00      45.00   2.34500e+02   3.09500e+02      962.2       24.6  -7.56700e+01   5.12000e-01     0           5.36300e+01   2.95500e+00  
     2022         3         2         2        23        34         86       7100       5362 1646187814.000   1646187814.000    6.30000e+02     -90.00      45.00   2.34500e+02   3.09500e+02      929.8       10.9  -5.93000e+01   2.78700e-01     0           1.80410e+02   4.83000e+00  
     2022         3         2         2        25        58         87       7100       5362 1646187958.000   1646187958.000    6.30000e+02       0.00      90.00   2.34500e+02   3.09500e+02      900.6       19.4           nan           nan     0           6.42700e+01   3.06000e+00  
     2022         3         2         2        28        22         88       7100       5362 1646188102.000   1646188102.000    6.30000e+02       0.00      45.00   2.34500e+02   3.09500e+02      914.1       11.7   1.10530e+02   5.31700e-01     0           1.55620e+02   4.51100e+00  
     2022         3         2         2        30        46         89       7100       5362 1646188246.000   1646188246.000    6.30000e+02      90.00      45.00   2.34500e+02   3.09500e+02      940.0       22.0   5.79700e+01   3.70700e-01     0           5.92700e+01   3.02500e+00  
     2022         3         2         2        33        10         90       7100       5362 1646188390.000   1646188390.000    6.30000e+02     180.00      45.00   2.34500e+02   3.09500e+02      916.4       21.9  -8.59100e+01   5.42300e-01     0           5.93100e+01   3.07100e+00  
     2022         3         2         2        35        34         91       7100       5362 1646188534.000   1646188534.000    6.30000e+02     -90.00      45.00   2.34500e+02   3.09500e+02      913.4       10.1  -5.30900e+01   2.30600e-01     0           2.01710e+02   5.09500e+00  
     2022         3         2         2        41        34         92       7100       5362 1646188894.000   1646188894.000    6.30000e+02       0.00      90.00   2.34500e+02   3.09500e+02      893.2       16.7           nan           nan     0           7.99600e+01   3.34500e+00  
     2022         3         2         2        43        58         93       7100       5362 1646189038.000   1646189038.000    6.30000e+02       0.00      45.00   2.34500e+02   3.09500e+02      921.4       11.3   9.16600e+01   3.93300e-01     0           1.62720e+02   4.56100e+00  
     2022         3         2         2        46        58         94       7100       5362 1646189218.000   1646189218.000    6.30000e+02      90.00      45.00   2.34500e+02   3.09500e+02      910.3       18.2   5.21700e+01   2.78200e-01     0           7.48400e+01   3.30400e+00  
     2022         3         2         2        49        22         95       7100       5362 1646189362.000   1646189362.000    6.30000e+02     180.00      45.00   2.34500e+02   3.09500e+02      893.1       17.9  -6.05900e+01   3.18300e-01     0           7.67200e+01   3.37400e+00  
     2022         3         2         2        51        46         96       7100       5362 1646189506.000   1646189506.000    6.30000e+02     -90.00      45.00   2.34500e+02   3.09500e+02      894.8        9.8  -4.30600e+01   1.66200e-01     0           2.02340e+02   5.06700e+00  
     2022         3         2         2        54        10         97       7100       5362 1646189650.000   1646189650.000    6.30000e+02       0.00      90.00   2.34500e+02   3.09500e+02      900.3       14.5           nan           nan     0           1.01860e+02   3.69800e+00  
     2022         3         2         2        56        34         98       7100       5362 1646189794.000   1646189794.000    6.30000e+02       0.00      45.00   2.34500e+02   3.09500e+02      919.3        9.4   9.09200e+01   3.30800e-01     0           2.17990e+02   5.18000e+00  
     2022         3         2         2        58        58         99       7100       5362 1646189938.000   1646189938.000    6.30000e+02      90.00      45.00   2.37500e+02   3.12500e+02      907.6       15.6   4.77600e+01   2.19000e-01     0           9.48200e+01   3.64100e+00  
     2022         3         2         3         1        22        100       7100       5362 1646190082.000   1646190082.000    6.30000e+02     180.00      45.00   2.37500e+02   3.12500e+02      896.6       15.6  -7.20100e+01   3.25300e-01     0           9.28900e+01   3.61200e+00  
     2022         3         2         3         4        22        101       7100       5362 1646190262.000   1646190262.000    6.30000e+02     -90.00      45.00   2.37500e+02   3.12500e+02      892.3        8.3  -5.25200e+01   1.73300e-01     1           2.69060e+02   5.78300e+00  
     2022         3         2         3        10        22        102       7100       5362 1646190622.000   1646190622.000    6.30000e+02       0.00      90.00   2.37500e+02   3.12500e+02      900.6       11.9           nan           nan     0           1.45320e+02   4.36400e+00  
     2022         3         2         3        12        46        103       7100       5362 1646190766.000   1646190766.000    6.30000e+02       0.00      45.00   2.37500e+02   3.12500e+02      899.4        7.6   7.11000e+01   2.13900e-01     1           2.98510e+02   5.94200e+00  
     2022         3         2         3        15        10        104       7100       5362 1646190910.000   1646190910.000    6.30000e+02      90.00      45.00   2.37500e+02   3.12500e+02      879.7       12.8   4.53900e+01   1.73800e-01     0           1.18080e+02   3.91100e+00  
     2022         3         2         3        17        34        105       7100       5362 1646191054.000   1646191054.000    6.30000e+02     180.00      45.00   2.37500e+02   3.12500e+02      904.0       13.6  -6.14600e+01   2.38500e-01     0           1.15690e+02   3.93000e+00  
     2022         3         2         3        19        58        106       7100       5362 1646191198.000   1646191198.000    6.30000e+02     -90.00      45.00   2.37500e+02   3.12500e+02      893.9        7.5  -5.40900e+01   1.56400e-01     1           3.09420e+02   6.05600e+00  
     2022         3         2         3        22        58        107       7100       5362 1646191378.000   1646191378.000    6.30000e+02       0.00      90.00   2.37500e+02   3.12500e+02      879.3       10.9           nan           nan     0           1.54830e+02   4.40300e+00  
     2022         3         2         3        25        22        108       7100       5362 1646191522.000   1646191522.000    6.30000e+02       0.00      45.00   2.37500e+02   3.12500e+02      876.1        6.7   6.88400e+01   1.87600e-01     1           3.55070e+02   6.40600e+00  
     2022         3         2         3        27        46        109       7100       5362 1646191666.000   1646191666.000    6.30000e+02      90.00      45.00   2.37500e+02   3.12500e+02      875.0       10.8   4.65100e+01   1.55900e-01     0           1.57430e+02   4.46200e+00  
     2022         3         2         3        30        10        110       7100       5362 1646191810.000   1646191810.000    6.30000e+02     180.00      45.00   2.37500e+02   3.12500e+02      883.4       11.4  -3.74400e+01   1.26500e-01     0           1.49870e+02   4.39700e+00  
     2022         3         2         3        32        34        111       7100       5362 1646191954.000   1646191954.000    6.30000e+02     -90.00      45.00   2.37500e+02   3.12500e+02      885.8        7.5  -3.47000e+01   9.48000e-02     1           3.07050e+02   6.06700e+00  
     2022         3         2         3        38        34        112       7100       5362 1646192314.000   1646192314.000    6.30000e+02       0.00      90.00   2.37500e+02   3.12500e+02      868.4        9.4           nan           nan     0           1.89830e+02   4.80300e+00  
     2022         3         2         3        40        58        113       7100       5362 1646192458.000   1646192458.000    6.30000e+02       0.00      45.00   2.37500e+02   3.12500e+02      877.6        6.2   6.15500e+01   1.51300e-01     1           4.01550e+02   6.77700e+00  
     2022         3         2         3        43        58        114       7100       5362 1646192638.000   1646192638.000    6.30000e+02      90.00      45.00   2.37500e+02   3.12500e+02      876.8        9.9   5.23000e+01   1.58300e-01     0           1.81510e+02   4.75000e+00  
     2022         3         2         3        46        22        115       7100       5362 1646192782.000   1646192782.000    6.30000e+02     180.00      45.00   2.37500e+02   3.12500e+02      875.0       10.0  -3.77800e+01   1.14600e-01     0           1.76300e+02   4.66400e+00  
     2022         3         2         3        48        46        116       7100       5362 1646192926.000   1646192926.000    6.30000e+02     -90.00      45.00   2.37500e+02   3.12500e+02      871.9        7.5  -4.67400e+01   1.22500e-01     1           2.99830e+02   5.98800e+00  
     2022         3         2         3        51        10        117       7100       5362 1646193070.000   1646193070.000    6.30000e+02       0.00      90.00   2.37500e+02   3.12500e+02      875.2        9.2           nan           nan     0           2.02130e+02   4.93200e+00  
     2022         3         2         3        53        34        118       7100       5362 1646193214.000   1646193214.000    6.30000e+02       0.00      45.00   2.37500e+02   3.12500e+02      870.0        6.1   5.13700e+01   1.22800e-01     1           4.04560e+02   6.78300e+00  
     2022         3         2         3        55        58        119       7100       5362 1646193358.000   1646193358.000    6.30000e+02      90.00      45.00   2.37500e+02   3.12500e+02      879.8        9.6   4.07500e+01   1.19100e-01     0           1.90260e+02   4.81500e+00  
     2022         3         2         3        58        22        120       7100       5362 1646193502.000   1646193502.000    6.30000e+02     180.00      45.00   2.37500e+02   3.12500e+02      871.2       10.0  -4.56600e+01   1.37000e-01     0           1.77670e+02   4.71000e+00  
     2022         3         2         4         0        46        121       7100       5362 1646193646.000   1646193646.000    6.30000e+02     -90.00      45.00   2.36500e+02   3.11500e+02      869.5        7.6  -4.51900e+01   1.18100e-01     1           2.87930e+02   5.89600e+00  
     2022         3         2         4         6        46        122       7100       5362 1646194006.000   1646194006.000    6.30000e+02       0.00      90.00   2.36500e+02   3.11500e+02      865.5        8.8           nan           nan     0           2.06860e+02   4.94000e+00  
     2022         3         2         4         9        46        123       7100       5362 1646194186.000   1646194186.000    6.30000e+02       0.00      45.00   2.36500e+02   3.11500e+02      872.9        6.5   5.62800e+01   1.36300e-01     1           3.69010e+02   6.51700e+00  
     2022         3         2         4        12        10        124       7100       5362 1646194330.000   1646194330.000    6.30000e+02      90.00      45.00   2.36500e+02   3.11500e+02      874.3        9.1   4.01200e+01   1.13500e-01     0           2.08210e+02   5.02800e+00  
     2022         3         2         4        14        34        125       7100       5362 1646194474.000   1646194474.000    6.30000e+02     180.00      45.00   2.36500e+02   3.11500e+02      866.6        9.5  -2.89800e+01   8.44000e-02     0           1.87880e+02   4.79300e+00  
     2022         3         2         4        16        58        126       7100       5362 1646194618.000   1646194618.000    6.30000e+02     -90.00      45.00   2.36500e+02   3.11500e+02      866.8        7.0  -2.90900e+01   7.29000e-02     1           3.23770e+02   6.16000e+00  
     2022         3         2         4        19        22        127       7100       5362 1646194762.000   1646194762.000    6.30000e+02       0.00      90.00   2.36500e+02   3.11500e+02      862.6        8.9           nan           nan     0           2.05490e+02   4.95400e+00  
     2022         3         2         4        21        46        128       7100       5362 1646194906.000   1646194906.000    6.30000e+02       0.00      45.00   2.36500e+02   3.11500e+02      878.5        6.7   5.06000e+01   1.24800e-01     1           3.49550e+02   6.34200e+00  
     2022         3         2         4        24        10        129       7100       5362 1646195050.000   1646195050.000    6.30000e+02      90.00      45.00   2.36500e+02   3.11500e+02      890.9        9.1   4.03500e+01   1.14300e-01     0           2.11870e+02   5.04400e+00  
     2022         3         2         4        27        10        130       7100       5362 1646195230.000   1646195230.000    6.30000e+02     180.00      45.00   2.36500e+02   3.11500e+02      875.3        9.3  -2.18600e+01   6.30000e-02     0           1.98350e+02   4.91800e+00  
     2022         3         2         4        29        34        131       7100       5362 1646195374.000   1646195374.000    6.30000e+02     -90.00      45.00   2.36500e+02   3.11500e+02      875.5        6.9  -3.36100e+01   8.40000e-02     1           3.37320e+02   6.27900e+00  
     2022         3         2         4        35        34        132       7100       5362 1646195734.000   1646195734.000    6.30000e+02       0.00      90.00   2.36500e+02   3.11500e+02      871.0        9.0           nan           nan     0           2.04050e+02   4.94700e+00  
     2022         3         2         4        37        58        133       7100       5362 1646195878.000   1646195878.000    6.30000e+02       0.00      45.00   2.36500e+02   3.11500e+02      876.9        6.9   4.25400e+01   1.08000e-01     1           3.33720e+02   6.21900e+00  
     2022         3         2         4        40        22        134       7100       5362 1646196022.000   1646196022.000    6.30000e+02      90.00      45.00   2.36500e+02   3.11500e+02      878.4        9.1   2.05900e+01   5.97000e-02     0           2.05900e+02   4.96000e+00  
     2022         3         2         4        42        46        135       7100       5362 1646196166.000   1646196166.000    6.30000e+02     180.00      45.00   2.36500e+02   3.11500e+02      864.4        9.2  -1.83700e+01   5.41000e-02     0           2.00540e+02   4.93700e+00  
     2022         3         2         4        45        10        136       7100       5362 1646196310.000   1646196310.000    6.30000e+02     -90.00      45.00   2.36500e+02   3.11500e+02      873.8        6.7  -2.84900e+01   7.30000e-02     1           3.49470e+02   6.36400e+00  
     2022         3         2         4        47        34        137       7100       5362 1646196454.000   1646196454.000    6.30000e+02       0.00      90.00   2.36500e+02   3.11500e+02      848.8        9.5           nan           nan     0           1.77030e+02   4.62200e+00  
     2022         3         2         4        50        34        138       7100       5362 1646196634.000   1646196634.000    6.30000e+02       0.00      45.00   2.36500e+02   3.11500e+02      858.8        7.2   3.72300e+01   1.00500e-01     1           2.97970e+02   5.91500e+00  
     2022         3         2         4        52        58        139       7100       5362 1646196778.000   1646196778.000    6.30000e+02      90.00      45.00   2.36500e+02   3.11500e+02      858.3        9.2   1.98000e+01   5.96000e-02     0           1.94050e+02   4.83100e+00  
     2022         3         2         4        55        22        140       7100       5362 1646196922.000   1646196922.000    6.30000e+02     180.00      45.00   2.36500e+02   3.11500e+02      852.0        9.0  -1.62100e+01   4.86000e-02     0           1.98750e+02   4.89300e+00  
     2022         3         2         4        57        46        141       7100       5362 1646197066.000   1646197066.000    6.30000e+02     -90.00      45.00   2.36500e+02   3.11500e+02      863.7        6.8  -2.78200e+01   7.38000e-02     1           3.32120e+02   6.20600e+00  
     2022         3         2         5         3        46        142       7100       5362 1646197426.000   1646197426.000    6.30000e+02       0.00      90.00   2.35500e+02   3.10500e+02      849.4        9.8           nan           nan     0           1.66330e+02   4.48500e+00  
     2022         3         2         5         6        10        143       7100       5362 1646197570.000   1646197570.000    6.30000e+02       0.00      45.00   2.35500e+02   3.10500e+02      852.4        7.9   2.12300e+01   6.08000e-02     1           2.49700e+02   5.43900e+00  
     2022         3         2         5         8        34        144       7100       5362 1646197714.000   1646197714.000    6.30000e+02      90.00      45.00   2.35500e+02   3.10500e+02      849.8       10.1   1.50100e+01   4.84000e-02     0           1.62610e+02   4.47200e+00  
     2022         3         2         5        10        58        145       7100       5362 1646197858.000   1646197858.000    6.30000e+02     180.00      45.00   2.35500e+02   3.10500e+02      850.6        9.5  -3.22000e+00   1.01000e-02     0           1.83860e+02   4.75500e+00  
     2022         3         2         5        13        58        146       7100       5362 1646198038.000   1646198038.000    6.30000e+02     -90.00      45.00   2.35500e+02   3.10500e+02      853.8        7.2  -2.09900e+01   5.81000e-02     1           3.02600e+02   5.96700e+00  
     2022         3         2         5        16        22        147       7100       5362 1646198182.000   1646198182.000    6.30000e+02       0.00      90.00   2.35500e+02   3.10500e+02      859.4       10.2           nan           nan     0           1.59940e+02   4.40300e+00  
     2022         3         2         5        18        46        148       7100       5362 1646198326.000   1646198326.000    6.30000e+02       0.00      45.00   2.35500e+02   3.10500e+02      859.0        8.5   1.91200e+01   5.72000e-02     0           2.29000e+02   5.26000e+00  
     2022         3         2         5        21        10        149       7100       5362 1646198470.000   1646198470.000    6.30000e+02      90.00      45.00   2.35500e+02   3.10500e+02      856.6       10.4   1.84100e+01   6.15000e-02     0           1.55770e+02   4.38800e+00  
     2022         3         2         5        23        34        150       7100       5362 1646198614.000   1646198614.000    6.30000e+02     180.00      45.00   2.35500e+02   3.10500e+02      846.3        9.8  -1.26800e+01   4.13000e-02     0           1.74390e+02   4.64900e+00  
     2022         3         2         5        25        58        151       7100       5362 1646198758.000   1646198758.000    6.30000e+02     -90.00      45.00   2.35500e+02   3.10500e+02      854.7        7.4  -1.05000e+01   3.03000e-02     1           2.85070e+02   5.80500e+00  
     2022         3         2         5        31        58        152       7100       5362 1646199118.000   1646199118.000    6.30000e+02       0.00      90.00   2.35500e+02   3.10500e+02      861.8       10.9           nan           nan     0           1.46370e+02   4.26900e+00  
     2022         3         2         5        34        22        153       7100       5362 1646199262.000   1646199262.000    6.30000e+02       0.00      45.00   2.35500e+02   3.10500e+02      848.0        8.9   9.65000e+00   3.09000e-02     0           2.00860e+02   4.93000e+00  
     2022         3         2         5        37        22        154       7100       5362 1646199442.000   1646199442.000    6.30000e+02      90.00      45.00   2.35500e+02   3.10500e+02      851.2       11.0   2.19500e+01   7.78000e-02     0           1.41540e+02   4.22300e+00  
     2022         3         2         5        39        46        155       7100       5362 1646199586.000   1646199586.000    6.30000e+02     180.00      45.00   2.35500e+02   3.10500e+02      845.1       10.1  -2.60000e-01   9.00000e-04     0           1.63620e+02   4.51300e+00  
     2022         3         2         5        42        10        156       7100       5362 1646199730.000   1646199730.000    6.30000e+02     -90.00      45.00   2.35500e+02   3.10500e+02      863.6        7.8  -1.29000e+01   3.86000e-02     0           2.68920e+02   5.65600e+00  
     2022         3         2         5        44        34        157       7100       5362 1646199874.000   1646199874.000    6.30000e+02       0.00      90.00   2.35500e+02   3.10500e+02      834.5       10.7           nan           nan     0           1.41860e+02   4.20700e+00  
     2022         3         2         5        46        58        158       7100       5362 1646200018.000   1646200018.000    6.30000e+02       0.00      45.00   2.35500e+02   3.10500e+02      837.4        9.1   5.94000e+00   1.95000e-02     0           1.89970e+02   4.81900e+00  
     2022         3         2         5        49        22        159       7100       5362 1646200162.000   1646200162.000    6.30000e+02      90.00      45.00   2.35500e+02   3.10500e+02      845.1       11.4   1.84600e+01   6.77000e-02     0           1.34540e+02   4.14400e+00  
     2022         3         2         5        51        46        160       7100       5362 1646200306.000   1646200306.000    6.30000e+02     180.00      45.00   2.35500e+02   3.10500e+02      837.7       10.7   1.45900e+01   5.24000e-02     0           1.49530e+02   4.37100e+00  
     2022         3         2         5        54        10        161       7100       5362 1646200450.000   1646200450.000    6.30000e+02     -90.00      45.00   2.35500e+02   3.10500e+02      847.1        8.3  -1.76000e+01   5.63000e-02     0           2.31410e+02   5.27400e+00  
     2022         3         2         6         0        46        162       7100       5362 1646200846.000   1646200846.000    6.30000e+02       0.00      90.00   2.34500e+02   3.09500e+02      830.2       11.6           nan           nan     0           1.23080e+02   3.95200e+00  
     2022         3         2         6         3        10        163       7100       5362 1646200990.000   1646200990.000    6.30000e+02       0.00      45.00   2.34500e+02   3.09500e+02      835.3        9.5  -7.90000e-01   2.80000e-03     0           1.74130e+02   4.60800e+00  
     2022         3         2         6         5        34        164       7100       5362 1646201134.000   1646201134.000    6.30000e+02      90.00      45.00   2.34500e+02   3.09500e+02      831.5       12.1   2.01400e+01   8.10000e-02     0           1.17370e+02   3.90500e+00  
     2022         3         2         6         7        58        165       7100       5362 1646201278.000   1646201278.000    6.30000e+02     180.00      45.00   2.34500e+02   3.09500e+02      831.2       11.4   1.19800e+01   4.70000e-02     0           1.33400e+02   4.16400e+00  
     2022         3         2         6        10        22        166       7100       5362 1646201422.000   1646201422.000    6.30000e+02     -90.00      45.00   2.34500e+02   3.09500e+02      845.2        9.6  -1.28200e+01   4.66000e-02     0           1.84470e+02   4.82100e+00  
     2022         3         2         6        13        22        167       7100       5362 1646201602.000   1646201602.000    6.30000e+02       0.00      90.00   2.34500e+02   3.09500e+02      850.3       13.0           nan           nan     0           1.09950e+02   3.81100e+00  
     2022         3         2         6        15        46        168       7100       5362 1646201746.000   1646201746.000    6.30000e+02       0.00      45.00   2.34500e+02   3.09500e+02      839.0       10.6   1.93000e+00   7.50000e-03     0           1.49140e+02   4.33500e+00  
     2022         3         2         6        18        10        169       7100       5362 1646201890.000   1646201890.000    6.30000e+02      90.00      45.00   2.34500e+02   3.09500e+02      847.4       13.4   2.14800e+01   9.48000e-02     0           1.03890e+02   3.72600e+00  
     2022         3         2         6        20        34        170       7100       5362 1646202034.000   1646202034.000    6.30000e+02     180.00      45.00   2.34500e+02   3.09500e+02      843.3       12.3   5.85000e+00   2.52000e-02     0           1.20780e+02   4.00600e+00  
     2022         3         2         6        22        58        171       7100       5362 1646202178.000   1646202178.000    6.30000e+02     -90.00      45.00   2.34500e+02   3.09500e+02      838.1       10.6  -3.12300e+01   1.27100e-01     0           1.51520e+02   4.39400e+00  
     2022         3         2         6        28        58        172       7100       5362 1646202538.000   1646202538.000    6.30000e+02       0.00      90.00   2.34500e+02   3.09500e+02      838.1       14.7           nan           nan     0           8.52200e+01   3.38500e+00  
     2022         3         2         6        31        22        173       7100       5362 1646202682.000   1646202682.000    6.30000e+02       0.00      45.00   2.34500e+02   3.09500e+02      835.8       13.5  -8.96000e+00   4.32000e-02     0           9.90500e+01   3.63500e+00  
     2022         3         2         6        33        46        174       7100       5362 1646202826.000   1646202826.000    6.30000e+02      90.00      45.00   2.34500e+02   3.09500e+02      846.6       15.5   3.48400e+01   1.83500e-01     0           8.31500e+01   3.40100e+00  
     2022         3         2         6        36        46        175       7100       5362 1646203006.000   1646203006.000    6.30000e+02     180.00      45.00   2.34500e+02   3.09500e+02      845.3       13.8   2.82100e+01   1.43700e-01     0           1.00630e+02   3.69500e+00  
     2022         3         2         6        39        10        176       7100       5362 1646203150.000   1646203150.000    6.30000e+02     -90.00      45.00   2.34500e+02   3.09500e+02      855.1       13.9  -2.49800e+01   1.30400e-01     0           1.05140e+02   3.82400e+00  
     2022         3         2         6        41        34        177       7100       5362 1646203294.000   1646203294.000    6.30000e+02       0.00      90.00   2.34500e+02   3.09500e+02      838.3       18.4           nan           nan     0           6.17000e+01   2.99300e+00  
     2022         3         2         6        43        58        178       7100       5362 1646203438.000   1646203438.000    6.30000e+02       0.00      45.00   2.34500e+02   3.09500e+02      842.5       17.1   1.15400e+01   7.02000e-02     0           7.32500e+01   3.27700e+00  
     2022         3         2         6        46        22        179       7100       5362 1646203582.000   1646203582.000    6.30000e+02      90.00      45.00   2.34500e+02   3.09500e+02      849.4       18.3   3.84400e+01   2.46400e-01     0           6.75100e+01   3.18700e+00  
     2022         3         2         6        48        46        180       7100       5362 1646203726.000   1646203726.000    6.30000e+02     180.00      45.00   2.34500e+02   3.09500e+02      846.9       17.0   3.18500e+01   2.01900e-01     0           7.48600e+01   3.31500e+00  
     2022         3         2         6        51        10        181       7100       5362 1646203870.000   1646203870.000    6.30000e+02     -90.00      45.00   2.34500e+02   3.09500e+02      836.8       20.6  -1.10100e+01   7.94000e-02     0           6.71500e+01   3.48800e+00  
     2022         3         2         6        57        10        182       7100       5362 1646204230.000   1646204230.000    6.30000e+02       0.00      90.00   2.34500e+02   3.09500e+02      827.8       22.9           nan           nan     0           4.64000e+01   2.76300e+00  
     2022         3         2         7         0        10        183       7100       5362 1646204410.000   1646204410.000    6.30000e+02       0.00      45.00   2.34500e+02   3.09500e+02      878.6       30.9   8.65000e+00   8.13000e-02     1           4.92300e+01   3.48900e+00  
     2022         3         2         7         2        34        184       7100       5362 1646204554.000   1646204554.000    6.30000e+02      90.00      45.00   2.34500e+02   3.09500e+02      836.8       22.6   4.27800e+01   3.41300e-01     0           5.25500e+01   3.02000e+00  
     2022         3         2         7         4        58        185       7100       5362 1646204698.000   1646204698.000    6.30000e+02     180.00      45.00   2.34500e+02   3.09500e+02      801.2       19.5   2.09400e+01   1.60300e-01     0           5.74600e+01   3.03000e+00  
     2022         3         2         7         7        22        186       7100       5362 1646204842.000   1646204842.000    6.30000e+02     -90.00      45.00   2.34500e+02   3.09500e+02      860.7       19.1  -6.47000e+00   4.81000e-02     0           6.89100e+01   3.31300e+00  
     2022         3         2         7         9        46        187       7100       5362 1646204986.000   1646204986.000    6.30000e+02       0.00      90.00   2.34500e+02   3.09500e+02      846.1       24.5           nan           nan     0           5.15100e+01   3.12600e+00  
     2022         3         2         7        12        10        188       7100       5362 1646205130.000   1646205130.000    6.30000e+02       0.00      45.00   2.34500e+02   3.09500e+02      831.6       19.5   2.30000e+00   1.75000e-02     0           5.79100e+01   2.96800e+00  
     2022         3         2         7        14        34        189       7100       5362 1646205274.000   1646205274.000    6.30000e+02      90.00      45.00   2.34500e+02   3.09500e+02      845.9       23.0   2.46000e+01   2.01500e-01     0           5.10700e+01   2.95900e+00  
     2022         3         2         7        17        34        190       7100       5362 1646205454.000   1646205454.000    6.30000e+02     180.00      45.00   2.34500e+02   3.09500e+02      850.1       22.9   2.15200e+01   1.75400e-01     0           5.35600e+01   3.06100e+00  
     2022         3         2         7        19        58        191       7100       5362 1646205598.000   1646205598.000    6.30000e+02     -90.00      45.00   2.34500e+02   3.09500e+02      854.1       20.0  -1.98300e+01   1.51000e-01     0           6.24300e+01   3.16100e+00  
     2022         3         2         7        25        58        192       7100       5362 1646205958.000   1646205958.000    6.30000e+02       0.00      90.00   2.34500e+02   3.09500e+02      822.8       24.0           nan           nan     0           4.20000e+01   2.63700e+00  
     2022         3         2         7        28        22        193       7100       5362 1646206102.000   1646206102.000    6.30000e+02       0.00      45.00   2.34500e+02   3.09500e+02      829.3       22.2  -2.30600e+01   1.87300e-01     0           4.73300e+01   2.74500e+00  
     2022         3         2         7        30        46        194       7100       5362 1646206246.000   1646206246.000    6.30000e+02      90.00      45.00   2.34500e+02   3.09500e+02      834.3       22.1   2.17500e+01   1.76300e-01     0           5.03100e+01   2.87100e+00  
     2022         3         2         7        33        10        195       7100       5362 1646206390.000   1646206390.000    6.30000e+02     180.00      45.00   2.34500e+02   3.09500e+02      856.5       20.9   1.74400e+01   1.37900e-01     0           5.48500e+01   2.91500e+00  
     2022         3         2         7        35        34        196       7100       5362 1646206534.000   1646206534.000    6.30000e+02     -90.00      45.00   2.34500e+02   3.09500e+02      863.3       20.8  -2.25400e+01   1.78200e-01     0           5.76100e+01   3.01000e+00  
     2022         3         2         7        37        58        197       7100       5362 1646206678.000   1646206678.000    6.30000e+02       0.00      90.00   2.34500e+02   3.09500e+02      835.6       26.3           nan           nan     0           3.76400e+01   2.53100e+00  
     2022         3         2         7        40        58        198       7100       5362 1646206858.000   1646206858.000    6.30000e+02       0.00      45.00   2.34500e+02   3.09500e+02      821.7       24.0  -2.39200e+01   2.08300e-01     0           4.23200e+01   2.65800e+00  
     2022         3         2         7        43        22        199       7100       5362 1646207002.000   1646207002.000    6.30000e+02      90.00      45.00   2.34500e+02   3.09500e+02      842.0       23.8   6.51000e+00   5.68000e-02     0           4.95900e+01   2.97500e+00  
     2022         3         2         7        45        46        200       7100       5362 1646207146.000   1646207146.000    6.30000e+02     180.00      45.00   2.34500e+02   3.09500e+02      855.7       21.8   2.40500e+01   2.02200e-01     0           5.52800e+01   3.02300e+00  
     2022         3         2         7        48        10        201       7100       5362 1646207290.000   1646207290.000    6.30000e+02     -90.00      45.00   2.34500e+02   3.09500e+02      880.2       22.7  -2.96600e+01   2.55200e-01     0           5.67500e+01   3.12100e+00  
     2022         3         2         7        54        10        202       7100       5362 1646207650.000   1646207650.000    6.30000e+02       0.00      90.00   2.34500e+02   3.09500e+02      887.1       29.8           nan           nan     0           4.00400e+01   2.80200e+00  
     2022         3         2         7        56        34        203       7100       5362 1646207794.000   1646207794.000    6.30000e+02       0.00      45.00   2.34500e+02   3.09500e+02      870.2       28.0  -2.08500e+01   2.15600e-01     1           4.96800e+01   3.27300e+00  
     2022         3         2         7        58        58        204       7100       5362 1646207938.000   1646207938.000    6.30000e+02      90.00      45.00   2.33500e+02   3.08500e+02      937.3       26.0   2.80700e+01   2.92700e-01     2           9.60000e+01   5.25800e+00  
     2022         3         2         8         1        22        205       7100       5362 1646208082.000   1646208082.000    6.30000e+02     180.00      45.00   2.33500e+02   3.08500e+02      910.8       28.0   3.59400e+01   4.06600e-01     2           8.23800e+01   4.98200e+00  
     2022         3         2         8         4        22        206       7100       5362 1646208262.000   1646208262.000    6.30000e+02     -90.00      45.00   2.33500e+02   3.08500e+02     1004.2       36.7  -2.85000e+01   3.68200e-01     2           6.83600e+01   4.86000e+00  
     2022         3         2         8         6        46        207       7100       5362 1646208406.000   1646208406.000    6.30000e+02       0.00      90.00   2.33500e+02   3.08500e+02     1083.7       43.6           nan           nan     2           7.38100e+01   5.66300e+00  
