   YEAR     MONTH      DAY       HOUR      MIN       SEC       RECNO     KINDAT      KINST       UT1_UNIX        UT2_UNIX        WAVLEN        AZM        ELM         ALTB          ALTE         TN         DTN        VNHLU         DVNHLU     FPI_DATAQUAL      RLE           DRLE     
     2022         3        15        21        44        34          0       7100       5362 1647380674.000   1647380674.000    6.30000e+02       0.00      90.00   2.00500e+02   2.75500e+02     1397.8       53.0           nan           nan     2           7.11900e+01   5.16600e+00  
     2022         3        15        21        46        58          1       7100       5362 1647380818.000   1647380818.000    6.30000e+02       0.00      45.00   2.00500e+02   2.75500e+02     1503.0       59.9  -1.48100e+01   2.21100e-01     2           8.33100e+01   6.24400e+00  
     2022         3        15        21        49        22          2       7100       5362 1647380962.000   1647380962.000    6.30000e+02      90.00      45.00   2.00500e+02   2.75500e+02     1332.9       50.9   9.71000e+00   1.33100e-01     2           5.34300e+01   3.98500e+00  
     2022         3        15        21        51        46          3       7100       5362 1647381106.000   1647381106.000    6.30000e+02     180.00      45.00   2.00500e+02   2.75500e+02     1293.8       46.9   1.41300e+01   1.85100e-01     2           6.08700e+01   4.30200e+00  
     2022         3        15        21        54        10          4       7100       5362 1647381250.000   1647381250.000    6.30000e+02     -90.00      45.00   2.00500e+02   2.75500e+02     1289.6       38.5  -5.64000e+00   6.74000e-02     2           9.60100e+01   5.56400e+00  
     2022         3        15        21        57        10          5       7100       5362 1647381430.000   1647381430.000    6.30000e+02       0.00      90.00   2.00500e+02   2.75500e+02     1280.5       45.7           nan           nan     2           6.39400e+01   4.44500e+00  
     2022         3        15        21        59        34          6       7100       5362 1647381574.000   1647381574.000    6.30000e+02       0.00      45.00   2.14500e+02   2.89500e+02     1257.5       46.7  -2.33200e+01   3.01900e-01     2           6.52500e+01   4.68800e+00  
     2022         3        15        22         1        58          7       7100       5362 1647381718.000   1647381718.000    6.30000e+02      90.00      45.00   2.14500e+02   2.89500e+02     1191.9       47.7   2.00400e+01   2.58800e-01     2           4.62500e+01   3.63700e+00  
     2022         3        15        22         4        22          8       7100       5362 1647381862.000   1647381862.000    6.30000e+02     180.00      45.00   2.14500e+02   2.89500e+02     1179.5       38.7   1.93400e+01   2.21100e-01     1           6.49400e+01   4.21100e+00  
     2022         3        15        22         6        46          9       7100       5362 1647382006.000   1647382006.000    6.30000e+02     -90.00      45.00   2.14500e+02   2.89500e+02     1147.1       26.2  -9.92000e+00   9.47000e-02     1           1.26220e+02   5.73800e+00  
     2022         3        15        22        12        46         10       7100       5362 1647382366.000   1647382366.000    6.30000e+02       0.00      90.00   2.14500e+02   2.89500e+02     1166.0       35.4           nan           nan     1           7.58000e+01   4.55000e+00  
     2022         3        15        22        15        10         11       7100       5362 1647382510.000   1647382510.000    6.30000e+02       0.00      45.00   2.14500e+02   2.89500e+02     1175.1       34.6  -1.70200e+01   1.67900e-01     2           8.55700e+01   4.96000e+00  
     2022         3        15        22        17        34         12       7100       5362 1647382654.000   1647382654.000    6.30000e+02      90.00      45.00   2.14500e+02   2.89500e+02     1183.2       41.6   2.22300e+01   2.30900e-01     1           5.60800e+01   3.90000e+00  
     2022         3        15        22        20        34         13       7100       5362 1647382834.000   1647382834.000    6.30000e+02     180.00      45.00   2.14500e+02   2.89500e+02     1088.3       23.7   1.76600e+01   1.33300e-01     1           1.12100e+02   4.96800e+00  
     2022         3        15        22        22        58         14       7100       5362 1647382978.000   1647382978.000    6.30000e+02     -90.00      45.00   2.14500e+02   2.89500e+02     1059.5       15.0  -1.03900e+01   6.11000e-02     1           2.30550e+02   6.75500e+00  
     2022         3        15        22        25        22         15       7100       5362 1647383122.000   1647383122.000    6.30000e+02       0.00      90.00   2.14500e+02   2.89500e+02     1094.3       22.0           nan           nan     1           1.30690e+02   5.34100e+00  
     2022         3        15        22        27        46         16       7100       5362 1647383266.000   1647383266.000    6.30000e+02       0.00      45.00   2.14500e+02   2.89500e+02     1108.1       22.9  -1.17600e+01   7.48000e-02     1           1.31710e+02   5.50900e+00  
     2022         3        15        22        30        10         17       7100       5362 1647383410.000   1647383410.000    6.30000e+02      90.00      45.00   2.14500e+02   2.89500e+02     1119.2       28.9   2.17900e+01   1.52500e-01     1           8.52500e+01   4.44300e+00  
     2022         3        15        22        32        34         18       7100       5362 1647383554.000   1647383554.000    6.30000e+02     180.00      45.00   2.14500e+02   2.89500e+02     1053.2       15.8   1.75600e+01   8.44000e-02     1           1.89120e+02   5.93000e+00  
     2022         3        15        22        34        58         19       7100       5362 1647383698.000   1647383698.000    6.30000e+02     -90.00      45.00   2.14500e+02   2.89500e+02     1023.1       11.6  -8.33000e+00   3.30000e-02     1           3.11530e+02   7.45700e+00  
     2022         3        15        22        40        58         20       7100       5362 1647384058.000   1647384058.000    6.30000e+02       0.00      90.00   2.14500e+02   2.89500e+02     1020.4       10.9           nan           nan     1           3.15530e+02   7.22800e+00  
     2022         3        15        22        43        58         21       7100       5362 1647384238.000   1647384238.000    6.30000e+02       0.00      45.00   2.14500e+02   2.89500e+02     1026.1       13.0  -1.14400e+01   4.02000e-02     1           2.40580e+02   6.47100e+00  
     2022         3        15        22        46        22         22       7100       5362 1647384382.000   1647384382.000    6.30000e+02      90.00      45.00   2.14500e+02   2.89500e+02     1042.9       14.9   9.77000e+00   3.64000e-02     1           1.99300e+02   5.99200e+00  
     2022         3        15        22        48        46         23       7100       5362 1647384526.000   1647384526.000    6.30000e+02     180.00      45.00   2.14500e+02   2.89500e+02     1009.7       10.7   1.70400e+01   5.23000e-02     1           3.36850e+02   7.56400e+00  
     2022         3        15        22        51        10         24       7100       5362 1647384670.000   1647384670.000    6.30000e+02     -90.00      45.00   2.14500e+02   2.89500e+02     1002.4        9.6  -1.83900e+01   5.29000e-02     2           4.14040e+02   8.44400e+00  
     2022         3        15        22        53        34         25       7100       5362 1647384814.000   1647384814.000    6.30000e+02       0.00      90.00   2.14500e+02   2.89500e+02      980.3        8.9           nan           nan     2           4.23600e+02   8.30300e+00  
     2022         3        15        22        55        58         26       7100       5362 1647384958.000   1647384958.000    6.30000e+02       0.00      45.00   2.14500e+02   2.89500e+02     1000.6       11.4   1.42000e+00   4.50000e-03     2           3.30520e+02   7.85500e+00  
     2022         3        15        22        58        22         27       7100       5362 1647385102.000   1647385102.000    6.30000e+02      90.00      45.00   2.14500e+02   2.89500e+02      984.1       10.2   2.23500e+01   6.71000e-02     2           3.74310e+02   8.15200e+00  
     2022         3        15        23         1        22         28       7100       5362 1647385282.000   1647385282.000    6.30000e+02     180.00      45.00   2.24500e+02   2.99500e+02      991.2       10.2   2.35200e+01   7.14000e-02     2           3.61130e+02   7.88500e+00  
     2022         3        15        23         3        46         29       7100       5362 1647385426.000   1647385426.000    6.30000e+02     -90.00      45.00   2.24500e+02   2.99500e+02      991.2       10.1  -1.69500e+01   5.22000e-02     2           3.91210e+02   8.41200e+00  
     2022         3        15        23         9        46         30       7100       5362 1647385786.000   1647385786.000    6.30000e+02       0.00      90.00   2.24500e+02   2.99500e+02      977.8       10.3           nan           nan     2           3.85730e+02   8.52500e+00  
     2022         3        15        23        14        34         31       7100       5362 1647386074.000   1647386074.000    6.30000e+02      90.00      45.00   2.24500e+02   2.99500e+02     1016.8       11.9   3.63300e+01   1.24900e-01     2           3.86560e+02   9.24500e+00  
     2022         3        15        23        16        58         32       7100       5362 1647386218.000   1647386218.000    6.30000e+02     180.00      45.00   2.24500e+02   2.99500e+02      979.2       11.0   1.88800e+01   6.16000e-02     2           3.35360e+02   7.87400e+00  
     2022         3        15        23        19        22         33       7100       5362 1647386362.000   1647386362.000    6.30000e+02     -90.00      45.00   2.24500e+02   2.99500e+02      968.7        8.9  -3.73700e+01   1.08600e-01     2           4.41150e+02   8.62500e+00  
     2022         3        15        23        21        46         34       7100       5362 1647386506.000   1647386506.000    6.30000e+02       0.00      90.00   2.24500e+02   2.99500e+02      949.8        9.7           nan           nan     2           3.54290e+02   7.74800e+00  
     2022         3        15        23        27        10         35       7100       5362 1647386830.000   1647386830.000    6.30000e+02      90.00      45.00   2.24500e+02   2.99500e+02     1012.9       13.8   3.74800e+01   1.39500e-01     2           3.36150e+02   9.17200e+00  
     2022         3        15        23        29        34         36       7100       5362 1647386974.000   1647386974.000    6.30000e+02     180.00      45.00   2.24500e+02   2.99500e+02      937.5       10.5   2.46400e+01   7.83000e-02     1           2.80850e+02   6.76400e+00  
     2022         3        15        23        31        58         37       7100       5362 1647387118.000   1647387118.000    6.30000e+02     -90.00      45.00   2.24500e+02   2.99500e+02      956.1        9.2  -4.58100e+01   1.35800e-01     2           4.10110e+02   8.38200e+00  
     2022         3        15        23        37        58         38       7100       5362 1647387478.000   1647387478.000    6.30000e+02       0.00      90.00   2.24500e+02   2.99500e+02      936.9        9.9           nan           nan     1           3.00650e+02   6.85800e+00  
     2022         3        15        23        40        22         39       7100       5362 1647387622.000   1647387622.000    6.30000e+02       0.00      45.00   2.24500e+02   2.99500e+02      986.5        9.9   2.94000e+00   9.30000e-03     2           5.57280e+02   1.13430e+01  
     2022         3        15        23        42        46         40       7100       5362 1647387766.000   1647387766.000    6.30000e+02      90.00      45.00   2.24500e+02   2.99500e+02      942.7       11.4   8.07000e+01   2.74600e-01     1           2.62700e+02   6.73400e+00  
     2022         3        15        23        45        10         41       7100       5362 1647387910.000   1647387910.000    6.30000e+02     180.00      45.00   2.24500e+02   2.99500e+02      960.2       12.3   9.98000e+00   3.59000e-02     1           2.47390e+02   6.68900e+00  
     2022         3        15        23        47        34         42       7100       5362 1647388054.000   1647388054.000    6.30000e+02     -90.00      45.00   2.24500e+02   2.99500e+02      951.4       10.2  -3.96300e+01   1.30500e-01     2           3.67160e+02   8.25000e+00  
     2022         3        15        23        50        34         43       7100       5362 1647388234.000   1647388234.000    6.30000e+02       0.00      90.00   2.24500e+02   2.99500e+02      921.5       10.7           nan           nan     1           2.65930e+02   6.63700e+00  
     2022         3        15        23        55        22         44       7100       5362 1647388522.000   1647388522.000    6.30000e+02      90.00      45.00   2.24500e+02   2.99500e+02      956.7       12.8   6.40100e+01   2.45900e-01     2           2.49630e+02   6.94600e+00  
     2022         3        15        23        57        46         45       7100       5362 1647388666.000   1647388666.000    6.30000e+02     180.00      45.00   2.24500e+02   2.99500e+02      968.7       13.7   2.84000e+00   1.14000e-02     1           2.21580e+02   6.54200e+00  
     2022         3        16         0         0        10         46       7100       5362 1647388810.000   1647388810.000    6.30000e+02     -90.00      45.00   2.32500e+02   3.07500e+02      938.2        9.3  -5.00300e+01   1.67600e-01     2           3.80320e+02   8.03400e+00  
     2022         3        16         0         6        10         47       7100       5362 1647389170.000   1647389170.000    6.30000e+02       0.00      90.00   2.32500e+02   3.07500e+02      936.9       12.4           nan           nan     1           2.31850e+02   6.48300e+00  
     2022         3        16         0         8        34         48       7100       5362 1647389314.000   1647389314.000    6.30000e+02       0.00      45.00   2.32500e+02   3.07500e+02      974.3       10.6   1.64800e+01   6.22000e-02     2           4.74110e+02   1.04420e+01  
     2022         3        16         0        10        58         49       7100       5362 1647389458.000   1647389458.000    6.30000e+02      90.00      45.00   2.32500e+02   3.07500e+02      960.9       15.0   5.56000e+01   2.52100e-01     2           2.06370e+02   6.61300e+00  
     2022         3        16         0        13        58         50       7100       5362 1647389638.000   1647389638.000    6.30000e+02     180.00      45.00   2.32500e+02   3.07500e+02      974.7       15.7   7.24000e+00   3.40000e-02     1           1.94640e+02   6.42600e+00  
     2022         3        16         0        16        22         51       7100       5362 1647389782.000   1647389782.000    6.30000e+02     -90.00      45.00   2.32500e+02   3.07500e+02      952.3       10.7  -4.09300e+01   1.61700e-01     2           3.32700e+02   7.81800e+00  
     2022         3        16         0        18        46         52       7100       5362 1647389926.000   1647389926.000    6.30000e+02       0.00      90.00   2.32500e+02   3.07500e+02      954.5       14.4           nan           nan     2           2.18090e+02   6.76000e+00  
     2022         3        16         0        21        10         53       7100       5362 1647390070.000   1647390070.000    6.30000e+02       0.00      45.00   2.32500e+02   3.07500e+02      988.6       12.9   1.59400e+01   7.25000e-02     2           4.01220e+02   1.04420e+01  
     2022         3        16         0        23        34         54       7100       5362 1647390214.000   1647390214.000    6.30000e+02      90.00      45.00   2.32500e+02   3.07500e+02      965.4       17.0   5.63300e+01   3.00700e-01     2           1.79810e+02   6.41300e+00  
     2022         3        16         0        25        58         55       7100       5362 1647390358.000   1647390358.000    6.30000e+02     180.00      45.00   2.32500e+02   3.07500e+02      995.9       18.2  -7.41000e+00   4.13000e-02     2           1.82720e+02   6.69800e+00  
     2022         3        16         0        28        58         56       7100       5362 1647390538.000   1647390538.000    6.30000e+02     -90.00      45.00   2.32500e+02   3.07500e+02      997.9       14.8  -3.34800e+01   1.72100e-01     2           2.52420e+02   7.60900e+00  
     2022         3        16         0        34        58         57       7100       5362 1647390898.000   1647390898.000    6.30000e+02       0.00      90.00   2.32500e+02   3.07500e+02     1005.3       18.9           nan           nan     2           1.90920e+02   7.13300e+00  
     2022         3        16         0        37        22         58       7100       5362 1647391042.000   1647391042.000    6.30000e+02       0.00      45.00   2.32500e+02   3.07500e+02     1164.2       21.4   2.30400e+01   1.49400e-01     2           3.31390e+02   1.16520e+01  
     2022         3        16         0        39        46         59       7100       5362 1647391186.000   1647391186.000    6.30000e+02      90.00      45.00   2.32500e+02   3.07500e+02     1059.0       22.7   3.80000e+01   2.61500e-01     2           1.65470e+02   6.97900e+00  
     2022         3        16         0        42        10         60       7100       5362 1647391330.000   1647391330.000    6.30000e+02     180.00      45.00   2.32500e+02   3.07500e+02     1044.9       22.9   1.87000e+00   1.32000e-02     2           1.49940e+02   6.50200e+00  
     2022         3        16         0        45        10         61       7100       5362 1647391510.000   1647391510.000    6.30000e+02     -90.00      45.00   2.32500e+02   3.07500e+02     1000.6       16.3  -2.01200e+01   1.24000e-01     2           2.21760e+02   7.28300e+00  
     2022         3        16         0        47        34         62       7100       5362 1647391654.000   1647391654.000    6.30000e+02       0.00      90.00   2.32500e+02   3.07500e+02     1038.5       22.7           nan           nan     2           1.62560e+02   6.99400e+00  
     2022         3        16         0        52        22         63       7100       5362 1647391942.000   1647391942.000    6.30000e+02      90.00      45.00   2.32500e+02   3.07500e+02     1089.2       26.8   4.55200e+01   3.71300e-01     2           1.46130e+02   6.99300e+00  
     2022         3        16         0        54        46         64       7100       5362 1647392086.000   1647392086.000    6.30000e+02     180.00      45.00   2.32500e+02   3.07500e+02     1040.8       25.4   2.36100e+01   1.93600e-01     2           1.28090e+02   6.16100e+00  
     2022         3        16         0        57        10         65       7100       5362 1647392230.000   1647392230.000    6.30000e+02     -90.00      45.00   2.32500e+02   3.07500e+02      977.9       14.4  -3.20500e+01   2.09300e-01     2           2.23570e+02   6.79500e+00  
     2022         3        16         1         3        10         66       7100       5362 1647392590.000   1647392590.000    6.30000e+02       0.00      90.00   2.40500e+02   3.15500e+02     1100.2       29.1           nan           nan     2           1.35580e+02   6.94000e+00  
     2022         3        16         1         7        58         67       7100       5362 1647392878.000   1647392878.000    6.30000e+02      90.00      45.00   2.40500e+02   3.15500e+02     1164.4       35.5   4.38200e+01   4.51900e-01     2           1.12890e+02   6.60700e+00  
     2022         3        16         1        10        58         68       7100       5362 1647393058.000   1647393058.000    6.30000e+02     180.00      45.00   2.40500e+02   3.15500e+02     1082.7       31.7  -1.46500e+01   1.43900e-01     2           9.84100e+01   5.61900e+00  
     2022         3        16         1        13        22         69       7100       5362 1647393202.000   1647393202.000    6.30000e+02     -90.00      45.00   2.40500e+02   3.15500e+02     1012.6       18.3  -2.88600e+01   2.27900e-01     2           1.81170e+02   6.59800e+00  
     2022         3        16         1        15        46         70       7100       5362 1647393346.000   1647393346.000    6.30000e+02       0.00      90.00   2.40500e+02   3.15500e+02     1116.6       32.0           nan           nan     2           1.24030e+02   6.83700e+00  
     2022         3        16         1        20        34         71       7100       5362 1647393634.000   1647393634.000    6.30000e+02      90.00      45.00   2.40500e+02   3.15500e+02     1291.6       47.6  -7.57000e+00   9.18000e-02     2           1.03570e+02   7.19300e+00  
     2022         3        16         1        22        58         72       7100       5362 1647393778.000   1647393778.000    6.30000e+02     180.00      45.00   2.40500e+02   3.15500e+02     1203.3       43.4  -7.35000e+00   8.84000e-02     2           8.94300e+01   6.14300e+00  
     2022         3        16         1        25        22         73       7100       5362 1647393922.000   1647393922.000    6.30000e+02     -90.00      45.00   2.40500e+02   3.15500e+02     1289.6       42.8  -2.54800e+01   2.96900e-01     2           1.24860e+02   7.82000e+00  
     2022         3        16         3         1        58         74       7100       5362 1647399718.000   1647399718.000    6.30000e+02      90.00      45.00   2.48500e+02   3.23500e+02     1247.1       76.7   1.66700e+01   3.18600e-01     2           3.61800e+01   4.20500e+00  
     2022         3        16         3        25        22         75       7100       5362 1647401122.000   1647401122.000    6.30000e+02       0.00      90.00   2.48500e+02   3.23500e+02     1215.7       54.1           nan           nan     2           6.26000e+01   5.28800e+00  
     2022         3        16         3        28        22         76       7100       5362 1647401302.000   1647401302.000    6.30000e+02       0.00      45.00   2.48500e+02   3.23500e+02     1258.7       55.2  -1.75000e+00   2.87000e-02     2           6.96000e+01   5.76900e+00  
     2022         3        16         3        30        46         77       7100       5362 1647401446.000   1647401446.000    6.30000e+02      90.00      45.00   2.48500e+02   3.23500e+02     1223.5       63.9   5.72000e+00   9.94000e-02     2           4.71400e+01   4.66800e+00  
     2022         3        16         3        33        10         78       7100       5362 1647401590.000   1647401590.000    6.30000e+02     180.00      45.00   2.48500e+02   3.23500e+02     1180.2       50.8   1.75100e+01   2.69800e-01     2           5.88700e+01   4.84800e+00  
     2022         3        16         3        35        34         79       7100       5362 1647401734.000   1647401734.000    6.30000e+02     -90.00      45.00   2.48500e+02   3.23500e+02     1119.4       29.9  -1.98700e+01   2.36000e-01     2           1.37700e+02   7.09700e+00  
     2022         3        16         3        37        58         80       7100       5362 1647401878.000   1647401878.000    6.30000e+02       0.00      90.00   2.48500e+02   3.23500e+02     1193.0       43.5           nan           nan     2           8.36900e+01   5.83900e+00  
     2022         3        16         3        40        22         81       7100       5362 1647402022.000   1647402022.000    6.30000e+02       0.00      45.00   2.48500e+02   3.23500e+02     1221.5       40.5  -2.48300e+01   3.10900e-01     2           9.89300e+01   6.28000e+00  
     2022         3        16         3        42        46         82       7100       5362 1647402166.000   1647402166.000    6.30000e+02      90.00      45.00   2.48500e+02   3.23500e+02     1127.5       38.0   1.38400e+01   1.65700e-01     2           8.54100e+01   5.56100e+00  
     2022         3        16         3        45        46         83       7100       5362 1647402346.000   1647402346.000    6.30000e+02     180.00      45.00   2.48500e+02   3.23500e+02     1170.7       39.3   5.35000e+00   6.14000e-02     2           8.88100e+01   5.73400e+00  
     2022         3        16         3        48        10         84       7100       5362 1647402490.000   1647402490.000    6.30000e+02     -90.00      45.00   2.48500e+02   3.23500e+02     1246.2       44.8   5.46000e+00   6.39000e-02     2           9.10400e+01   6.23100e+00  
     2022         3        16         3        54        10         85       7100       5362 1647402850.000   1647402850.000    6.30000e+02       0.00      90.00   2.48500e+02   3.23500e+02     1046.3       24.3           nan           nan     2           1.37700e+02   6.30600e+00  
     2022         3        16         3        56        34         86       7100       5362 1647402994.000   1647402994.000    6.30000e+02       0.00      45.00   2.48500e+02   3.23500e+02     1102.9       24.5  -1.45000e+00   1.10000e-02     2           1.68760e+02   7.33100e+00  
     2022         3        16         3        58        58         87       7100       5362 1647403138.000   1647403138.000    6.30000e+02      90.00      45.00   2.44500e+02   3.19500e+02     1103.3       30.7  -1.39300e+01   1.17800e-01     2           1.12490e+02   6.09000e+00  
     2022         3        16         4         1        22         88       7100       5362 1647403282.000   1647403282.000    6.30000e+02     180.00      45.00   2.44500e+02   3.19500e+02      985.8       22.0  -8.15000e+00   5.69000e-02     1           1.21430e+02   5.44600e+00  
     2022         3        16         4         3        46         89       7100       5362 1647403426.000   1647403426.000    6.30000e+02     -90.00      45.00   2.44500e+02   3.19500e+02     1036.1       22.1  -3.17100e+01   2.18300e-01     2           1.75700e+02   7.33800e+00  
     2022         3        16         4         6        10         90       7100       5362 1647403570.000   1647403570.000    6.30000e+02       0.00      90.00   2.44500e+02   3.19500e+02      940.9       18.2           nan           nan     1           1.43380e+02   5.65500e+00  
     2022         3        16         4         9        10         91       7100       5362 1647403750.000   1647403750.000    6.30000e+02       0.00      45.00   2.44500e+02   3.19500e+02     1000.2       18.9   6.68000e+00   4.15000e-02     2           1.83260e+02   6.92300e+00  
     2022         3        16         4        11        34         92       7100       5362 1647403894.000   1647403894.000    6.30000e+02      90.00      45.00   2.44500e+02   3.19500e+02      966.0       18.7   3.76900e+01   2.32100e-01     1           1.43560e+02   5.64800e+00  
     2022         3        16         4        13        58         93       7100       5362 1647404038.000   1647404038.000    6.30000e+02     180.00      45.00   2.44500e+02   3.19500e+02      977.1       19.7  -9.10000e+00   5.76000e-02     1           1.37330e+02   5.60600e+00  
     2022         3        16         4        16        22         94       7100       5362 1647404182.000   1647404182.000    6.30000e+02     -90.00      45.00   2.44500e+02   3.19500e+02     1024.6       19.6  -3.96200e+01   2.49300e-01     2           1.80420e+02   6.88300e+00  
     2022         3        16         4        22        22         95       7100       5362 1647404542.000   1647404542.000    6.30000e+02       0.00      90.00   2.44500e+02   3.19500e+02      968.7       18.8           nan           nan     1           1.52440e+02   5.98700e+00  
     2022         3        16         4        24        46         96       7100       5362 1647404686.000   1647404686.000    6.30000e+02       0.00      45.00   2.44500e+02   3.19500e+02      985.8       19.4   7.20000e+00   4.59000e-02     2           1.61950e+02   6.39100e+00  
     2022         3        16         4        27        10         97       7100       5362 1647404830.000   1647404830.000    6.30000e+02      90.00      45.00   2.44500e+02   3.19500e+02      959.7       18.7   4.76600e+01   2.98400e-01     1           1.41880e+02   5.62500e+00  
     2022         3        16         4        29        34         98       7100       5362 1647404974.000   1647404974.000    6.30000e+02     180.00      45.00   2.44500e+02   3.19500e+02      920.6       18.9  -1.39000e+00   8.80000e-03     1           1.20330e+02   5.07400e+00  
     2022         3        16         4        32        34         99       7100       5362 1647405154.000   1647405154.000    6.30000e+02     -90.00      45.00   2.44500e+02   3.19500e+02     1014.9       21.7  -1.96600e+01   1.33900e-01     2           1.47220e+02   6.27400e+00  
     2022         3        16         4        34        58        100       7100       5362 1647405298.000   1647405298.000    6.30000e+02       0.00      90.00   2.44500e+02   3.19500e+02      973.8       19.3           nan           nan     1           1.40170e+02   5.63800e+00  
     2022         3        16         4        37        22        101       7100       5362 1647405442.000   1647405442.000    6.30000e+02       0.00      45.00   2.44500e+02   3.19500e+02     1061.4       24.9   5.51000e+00   4.04000e-02     2           1.35640e+02   6.26600e+00  
     2022         3        16         4        39        46        102       7100       5362 1647405586.000   1647405586.000    6.30000e+02      90.00      45.00   2.44500e+02   3.19500e+02      955.9       18.5   4.63700e+01   2.99500e-01     1           1.36220e+02   5.40300e+00  
     2022         3        16         4        42        10        103       7100       5362 1647405730.000   1647405730.000    6.30000e+02     180.00      45.00   2.44500e+02   3.19500e+02      968.5       20.5   1.94400e+01   1.33700e-01     1           1.21410e+02   5.23500e+00  
     2022         3        16         4        44        34        104       7100       5362 1647405874.000   1647405874.000    6.30000e+02     -90.00      45.00   2.44500e+02   3.19500e+02     1094.7       24.2  -2.55000e+01   1.87600e-01     2           1.62370e+02   7.02800e+00  
     2022         3        16         4        50        34        105       7100       5362 1647406234.000   1647406234.000    6.30000e+02       0.00      90.00   2.44500e+02   3.19500e+02      993.0       22.2           nan           nan     1           1.25180e+02   5.60900e+00  
     2022         3        16         4        52        58        106       7100       5362 1647406378.000   1647406378.000    6.30000e+02       0.00      45.00   2.44500e+02   3.19500e+02     1008.5       20.8   1.05500e+01   7.50000e-02     2           1.51510e+02   6.23400e+00  
     2022         3        16         4        55        22        107       7100       5362 1647406522.000   1647406522.000    6.30000e+02      90.00      45.00   2.44500e+02   3.19500e+02      932.9       17.7   5.80100e+01   3.86600e-01     1           1.35260e+02   5.27800e+00  
     2022         3        16         4        58        22        108       7100       5362 1647406702.000   1647406702.000    6.30000e+02     180.00      45.00   2.44500e+02   3.19500e+02      975.7       22.3   2.89500e+01   2.13400e-01     1           1.06540e+02   4.94400e+00  
     2022         3        16         5         0        46        109       7100       5362 1647406846.000   1647406846.000    6.30000e+02     -90.00      45.00   2.41500e+02   3.16500e+02     1038.4       24.4   3.52000e+00   2.72000e-02     2           1.32200e+02   6.12600e+00  
     2022         3        16         5         3        10        110       7100       5362 1647406990.000   1647406990.000    6.30000e+02       0.00      90.00   2.41500e+02   3.16500e+02     1012.9       22.5           nan           nan     1           1.23560e+02   5.50600e+00  
     2022         3        16         5         5        34        111       7100       5362 1647407134.000   1647407134.000    6.30000e+02       0.00      45.00   2.41500e+02   3.16500e+02      987.8       20.7   2.23900e+01   1.59900e-01     1           1.35350e+02   5.72400e+00  
     2022         3        16         5         7        58        112       7100       5362 1647407278.000   1647407278.000    6.30000e+02      90.00      45.00   2.41500e+02   3.16500e+02      952.3       20.1   5.06900e+01   3.57700e-01     1           1.17240e+02   5.05700e+00  
     2022         3        16         5        10        22        113       7100       5362 1647407422.000   1647407422.000    6.30000e+02     180.00      45.00   2.41500e+02   3.16500e+02      973.8       23.0   2.15600e+01   1.62300e-01     1           1.01370e+02   4.85400e+00  
     2022         3        16         5        12        46        114       7100       5362 1647407566.000   1647407566.000    6.30000e+02     -90.00      45.00   2.41500e+02   3.16500e+02     1075.5       24.3  -2.29100e+01   1.73900e-01     2           1.44440e+02   6.44300e+00  
     2022         3        16         5        18        46        115       7100       5362 1647407926.000   1647407926.000    6.30000e+02       0.00      90.00   2.41500e+02   3.16500e+02     1009.5       22.3           nan           nan     1           1.20770e+02   5.38500e+00  
     2022         3        16         5        21        46        116       7100       5362 1647408106.000   1647408106.000    6.30000e+02       0.00      45.00   2.41500e+02   3.16500e+02      997.3       20.2   1.58400e+01   1.11300e-01     1           1.42950e+02   5.83100e+00  
     2022         3        16         5        24        10        117       7100       5362 1647408250.000   1647408250.000    6.30000e+02      90.00      45.00   2.41500e+02   3.16500e+02      953.5       22.8   1.92500e+01   1.46700e-01     1           9.80200e+01   4.75700e+00  
     2022         3        16         5        26        34        118       7100       5362 1647408394.000   1647408394.000    6.30000e+02     180.00      45.00   2.41500e+02   3.16500e+02      981.7       24.4   1.14800e+01   9.00000e-02     1           9.37000e+01   4.70000e+00  
     2022         3        16         5        28        58        119       7100       5362 1647408538.000   1647408538.000    6.30000e+02     -90.00      45.00   2.41500e+02   3.16500e+02     1018.0       26.2   4.75000e+00   3.88000e-02     1           9.35900e+01   4.82900e+00  
     2022         3        16         5        31        22        120       7100       5362 1647408682.000   1647408682.000    6.30000e+02       0.00      90.00   2.41500e+02   3.16500e+02      990.9       23.9           nan           nan     1           9.53100e+01   4.66200e+00  
     2022         3        16         5        33        46        121       7100       5362 1647408826.000   1647408826.000    6.30000e+02       0.00      45.00   2.41500e+02   3.16500e+02      976.4       22.4   1.47700e+01   1.11600e-01     1           1.08400e+02   5.02700e+00  
     2022         3        16         5        36        10        122       7100       5362 1647408970.000   1647408970.000    6.30000e+02      90.00      45.00   2.41500e+02   3.16500e+02      966.1       25.4   1.56300e+01   1.25700e-01     1           7.76300e+01   4.15400e+00  
     2022         3        16         5        39        10        123       7100       5362 1647409150.000   1647409150.000    6.30000e+02     180.00      45.00   2.41500e+02   3.16500e+02      968.9       23.2   1.59800e+01   1.20000e-01     1           8.96400e+01   4.39300e+00  
     2022         3        16         5        41        34        124       7100       5362 1647409294.000   1647409294.000    6.30000e+02     -90.00      45.00   2.41500e+02   3.16500e+02      995.3       19.7  -2.13700e+01   1.46900e-01     1           1.41700e+02   5.69900e+00  
     2022         3        16         5        47        34        125       7100       5362 1647409654.000   1647409654.000    6.30000e+02       0.00      90.00   2.41500e+02   3.16500e+02      980.7       21.5           nan           nan     1           1.05390e+02   4.74100e+00  
     2022         3        16         5        49        58        126       7100       5362 1647409798.000   1647409798.000    6.30000e+02       0.00      45.00   2.41500e+02   3.16500e+02      957.5       18.6   7.29000e+00   4.70000e-02     1           1.23450e+02   4.96600e+00  
     2022         3        16         5        52        22        127       7100       5362 1647409942.000   1647409942.000    6.30000e+02      90.00      45.00   2.41500e+02   3.16500e+02      926.5       21.1   1.82400e+01   1.24800e-01     1           9.16100e+01   4.30800e+00  
     2022         3        16         5        54        46        128       7100       5362 1647410086.000   1647410086.000    6.30000e+02     180.00      45.00   2.41500e+02   3.16500e+02      973.6       21.5   6.19000e+00   4.10000e-02     1           1.01730e+02   4.62300e+00  
     2022         3        16         5        57        10        129       7100       5362 1647410230.000   1647410230.000    6.30000e+02     -90.00      45.00   2.41500e+02   3.16500e+02      983.2       17.6  -3.63100e+01   2.12700e-01     1           1.64680e+02   6.00900e+00  
     2022         3        16         5        59        34        130       7100       5362 1647410374.000   1647410374.000    6.30000e+02       0.00      90.00   2.39500e+02   3.14500e+02      949.4       17.3           nan           nan     1           1.22630e+02   4.69800e+00  
     2022         3        16         6         2        34        131       7100       5362 1647410554.000   1647410554.000    6.30000e+02       0.00      45.00   2.39500e+02   3.14500e+02      899.4       13.0   2.35800e+01   1.18000e-01     1           1.64030e+02   5.11300e+00  
     2022         3        16         6         4        58        132       7100       5362 1647410698.000   1647410698.000    6.30000e+02      90.00      45.00   2.39500e+02   3.14500e+02      926.6       17.8   1.98500e+01   1.15500e-01     1           1.09310e+02   4.43100e+00  
     2022         3        16         6         7        22        133       7100       5362 1647410842.000   1647410842.000    6.30000e+02     180.00      45.00   2.39500e+02   3.14500e+02      951.8       20.7  -6.72000e+00   4.28000e-02     1           1.07760e+02   4.80300e+00  
     2022         3        16         6         9        46        134       7100       5362 1647410986.000   1647410986.000    6.30000e+02     -90.00      45.00   2.39500e+02   3.14500e+02      961.2       17.3  -2.91300e+01   1.68800e-01     1           1.47620e+02   5.48200e+00  
     2022         3        16         6        15        46        135       7100       5362 1647411346.000   1647411346.000    6.30000e+02       0.00      90.00   2.39500e+02   3.14500e+02      923.1       17.9           nan           nan     1           9.77400e+01   4.05500e+00  
     2022         3        16         6        18        10        136       7100       5362 1647411490.000   1647411490.000    6.30000e+02       0.00      45.00   2.39500e+02   3.14500e+02      944.9       19.3  -2.21000e+00   1.40000e-02     1           1.10990e+02   4.70400e+00  
     2022         3        16         6        20        34        137       7100       5362 1647411634.000   1647411634.000    6.30000e+02      90.00      45.00   2.39500e+02   3.14500e+02      914.9       19.8   2.39400e+01   1.57400e-01     1           8.74800e+01   3.98700e+00  
     2022         3        16         6        22        58        138       7100       5362 1647411778.000   1647411778.000    6.30000e+02     180.00      45.00   2.39500e+02   3.14500e+02      949.2       21.3  -1.52500e+01   1.05400e-01     1           9.17700e+01   4.27300e+00  
     2022         3        16         6        25        58        139       7100       5362 1647411958.000   1647411958.000    6.30000e+02     -90.00      45.00   2.39500e+02   3.14500e+02      955.2       17.0  -3.37800e+01   2.12800e-01     1           1.31130e+02   4.90900e+00  
     2022         3        16         6        28        22        140       7100       5362 1647412102.000   1647412102.000    6.30000e+02       0.00      90.00   2.39500e+02   3.14500e+02      957.4       21.6           nan           nan     1           8.83500e+01   4.14600e+00  
     2022         3        16         6        30        46        141       7100       5362 1647412246.000   1647412246.000    6.30000e+02       0.00      45.00   2.39500e+02   3.14500e+02      932.1       19.8   7.06000e+00   5.09000e-02     1           9.63200e+01   4.27800e+00  
     2022         3        16         6        33        10        142       7100       5362 1647412390.000   1647412390.000    6.30000e+02      90.00      45.00   2.39500e+02   3.14500e+02      949.4       29.1   2.57000e+01   2.31600e-01     1           5.00700e+01   3.17800e+00  
     2022         3        16         6        35        34        143       7100       5362 1647412534.000   1647412534.000    6.30000e+02     180.00      45.00   2.39500e+02   3.14500e+02      884.0       33.0   3.44800e+01   3.57400e-01     1           3.70800e+01   2.84100e+00  
     2022         3        16         6        37        58        144       7100       5362 1647412678.000   1647412678.000    6.30000e+02     -90.00      45.00   2.39500e+02   3.14500e+02      973.4       27.3   2.51100e+01   2.32200e-01     1           6.17500e+01   3.57600e+00  
     2022         3        16         6        43        58        145       7100       5362 1647413038.000   1647413038.000    6.30000e+02       0.00      90.00   2.39500e+02   3.14500e+02      934.3       32.1           nan           nan     1           4.22300e+01   2.98400e+00  
     2022         3        16         6        46        22        146       7100       5362 1647413182.000   1647413182.000    6.30000e+02       0.00      45.00   2.39500e+02   3.14500e+02      924.7       32.6   2.15500e+01   2.29800e-01     1           4.09100e+01   2.96200e+00  
     2022         3        16         6        48        46        147       7100       5362 1647413326.000   1647413326.000    6.30000e+02      90.00      45.00   2.39500e+02   3.14500e+02      946.3       37.2   2.09700e+01   2.36200e-01     1           3.29200e+01   2.65700e+00  
     2022         3        16         6        51        46        148       7100       5362 1647413506.000   1647413506.000    6.30000e+02     180.00      45.00   2.39500e+02   3.14500e+02      929.2       33.0   3.51700e+01   3.59300e-01     1           3.66700e+01   2.70100e+00  
     2022         3        16         6        54        10        149       7100       5362 1647413650.000   1647413650.000    6.30000e+02     -90.00      45.00   2.39500e+02   3.14500e+02      916.9       30.6   2.25100e+01   2.18800e-01     1           4.33100e+01   2.99000e+00  
     2022         3        16         6        56        34        150       7100       5362 1647413794.000   1647413794.000    6.30000e+02       0.00      90.00   2.39500e+02   3.14500e+02      914.4       24.6           nan           nan     1           5.52000e+01   3.14000e+00  
     2022         3        16         6        58        58        151       7100       5362 1647413938.000   1647413938.000    6.30000e+02       0.00      45.00   2.37500e+02   3.12500e+02      917.0       27.2   1.97600e+01   1.72000e-01     1           5.09000e+01   3.14900e+00  
     2022         3        16         7         1        22        152       7100       5362 1647414082.000   1647414082.000    6.30000e+02      90.00      45.00   2.37500e+02   3.12500e+02      890.1       23.9   3.74500e+01   3.00600e-01     1           5.47300e+01   3.11100e+00  
     2022         3        16         7         3        46        153       7100       5362 1647414226.000   1647414226.000    6.30000e+02     180.00      45.00   2.37500e+02   3.12500e+02      889.7       20.8   3.38200e+01   2.49200e-01     1           6.32300e+01   3.19000e+00  
     2022         3        16         7         6        46        154       7100       5362 1647414406.000   1647414406.000    6.30000e+02     -90.00      45.00   2.37500e+02   3.12500e+02      895.6       17.3   8.60000e-01   5.80000e-03     1           9.46100e+01   3.94100e+00  
     2022         3        16         7        12        46        155       7100       5362 1647414766.000   1647414766.000    6.30000e+02       0.00      90.00   2.37500e+02   3.12500e+02      852.8       20.5           nan           nan     1           5.68900e+01   2.97800e+00  
     2022         3        16         7        15        10        156       7100       5362 1647414910.000   1647414910.000    6.30000e+02       0.00      45.00   2.37500e+02   3.12500e+02      884.5       23.2   9.18000e+00   7.04000e-02     1           5.60900e+01   3.13000e+00  
     2022         3        16         7        17        34        157       7100       5362 1647415054.000   1647415054.000    6.30000e+02      90.00      45.00   2.37500e+02   3.12500e+02      848.0       22.6   1.80600e+01   1.40300e-01     1           5.04200e+01   2.89100e+00  
     2022         3        16         7        19        58        158       7100       5362 1647415198.000   1647415198.000    6.30000e+02     180.00      45.00   2.37500e+02   3.12500e+02      873.8       26.3   1.81200e+01   1.53800e-01     1           4.11000e+01   2.64700e+00  
     2022         3        16         7        22        22        159       7100       5362 1647415342.000   1647415342.000    6.30000e+02     -90.00      45.00   2.37500e+02   3.12500e+02      883.0       21.4  -7.14000e+00   5.55000e-02     1           6.19800e+01   3.22000e+00  
     2022         3        16         7        24        46        160       7100       5362 1647415486.000   1647415486.000    6.30000e+02       0.00      90.00   2.37500e+02   3.12500e+02      864.4       24.9           nan           nan     1           4.53400e+01   2.78600e+00  
     2022         3        16         7        27        10        161       7100       5362 1647415630.000   1647415630.000    6.30000e+02       0.00      45.00   2.37500e+02   3.12500e+02      887.4       30.3  -8.80000e-01   8.30000e-03     1           3.69900e+01   2.64800e+00  
     2022         3        16         7        30        10        162       7100       5362 1647415810.000   1647415810.000    6.30000e+02      90.00      45.00   2.37500e+02   3.12500e+02      853.7       34.5   1.69600e+01   1.75600e-01     1           2.76700e+01   2.33100e+00  
     2022         3        16         7        32        34        163       7100       5362 1647415954.000   1647415954.000    6.30000e+02     180.00      45.00   2.37500e+02   3.12500e+02      876.9       34.9   2.03700e+01   2.09400e-01     1           2.73200e+01   2.28000e+00  
     2022         3        16         7        34        58        164       7100       5362 1647416098.000   1647416098.000    6.30000e+02     -90.00      45.00   2.37500e+02   3.12500e+02      855.7       25.2   1.24500e+01   1.07100e-01     1           4.70200e+01   2.92300e+00  
     2022         3        16         7        40        58        165       7100       5362 1647416458.000   1647416458.000    6.30000e+02       0.00      90.00   2.37500e+02   3.12500e+02      856.2       23.8           nan           nan     1           4.59600e+01   2.74900e+00  
     2022         3        16         7        43        22        166       7100       5362 1647416602.000   1647416602.000    6.30000e+02       0.00      45.00   2.37500e+02   3.12500e+02      830.5       28.4   1.24200e+01   1.16300e-01     1           3.74900e+01   2.68500e+00  
     2022         3        16         7        45        46        167       7100       5362 1647416746.000   1647416746.000    6.30000e+02      90.00      45.00   2.37500e+02   3.12500e+02      843.7       26.7   9.83000e+00   8.85000e-02     1           3.86800e+01   2.60300e+00  
     2022         3        16         7        48        10        168       7100       5362 1647416890.000   1647416890.000    6.30000e+02     180.00      45.00   2.37500e+02   3.12500e+02      866.0       34.2   4.80800e+01   5.00800e-01     1           2.89200e+01   2.37900e+00  
     2022         3        16         7        50        34        169       7100       5362 1647417034.000   1647417034.000    6.30000e+02     -90.00      45.00   2.37500e+02   3.12500e+02      875.0       32.9  -1.14800e+01   1.19100e-01     1           3.35300e+01   2.61000e+00  
     2022         3        16         7        53        34        170       7100       5362 1647417214.000   1647417214.000    6.30000e+02       0.00      90.00   2.37500e+02   3.12500e+02      856.3       26.0           nan           nan     1           4.60600e+01   2.93900e+00  
     2022         3        16         7        55        58        171       7100       5362 1647417358.000   1647417358.000    6.30000e+02       0.00      45.00   2.37500e+02   3.12500e+02      838.2       33.9   7.88000e+00   8.74000e-02     1           3.02400e+01   2.52400e+00  
     2022         3        16         7        58        22        172       7100       5362 1647417502.000   1647417502.000    6.30000e+02      90.00      45.00   2.37500e+02   3.12500e+02      886.7       33.1   9.90000e+00   1.08100e-01     1           3.66200e+01   2.80500e+00  
     2022         3        16         8         0        46        173       7100       5362 1647417646.000   1647417646.000    6.30000e+02     180.00      45.00   2.36500e+02   3.11500e+02      863.5       31.8  -3.30000e+00   3.69000e-02     1           3.66900e+01   2.78300e+00  
     2022         3        16         8         3        10        174       7100       5362 1647417790.000   1647417790.000    6.30000e+02     -90.00      45.00   2.36500e+02   3.11500e+02      860.6       34.8  -1.23000e+01   1.52400e-01     1           3.56100e+01   2.91600e+00  
     2022         3        16         8         9        10        175       7100       5362 1647418150.000   1647418150.000    6.30000e+02       0.00      90.00   2.36500e+02   3.11500e+02      935.7       37.0           nan           nan     2           4.85800e+01   3.79100e+00  
     2022         3        16         8        11        34        176       7100       5362 1647418294.000   1647418294.000    6.30000e+02       0.00      45.00   2.36500e+02   3.11500e+02     1037.8       48.7  -1.43200e+01   2.16600e-01     2           4.61200e+01   4.17400e+00  
     2022         3        16         8        13        58        177       7100       5362 1647418438.000   1647418438.000    6.30000e+02      90.00      45.00   2.36500e+02   3.11500e+02     1054.5       54.5  -1.74300e+01   2.76100e-01     2           4.62400e+01   4.55900e+00  
