   YEAR     MONTH      DAY       HOUR      MIN       SEC       RECNO     KINDAT      KINST       UT1_UNIX        UT2_UNIX        WAVLEN        AZM        ELM         ALTB          ALTE         TN         DTN        VNHLU         DVNHLU     FPI_DATAQUAL      RLE           DRLE     
     2022         3        17        22        15        46          0       7100       5362 1647555346.000   1647555346.000    6.30000e+02      90.00      45.00   2.11500e+02   2.86500e+02      972.5        7.6   7.43300e+01   1.78800e-01     2           4.98340e+02   8.54700e+00  
     2022         3        17        22        28        22          1       7100       5362 1647556102.000   1647556102.000    6.30000e+02      90.00      45.00   2.11500e+02   2.86500e+02      977.1        8.9   8.88200e+01   2.32900e-01     2           4.21830e+02   8.25300e+00  
     2022         3        17        22        39        46          2       7100       5362 1647556786.000   1647556786.000    6.30000e+02       0.00      90.00   2.11500e+02   2.86500e+02      966.1        8.5           nan           nan     2           3.34770e+02   6.65200e+00  
     2022         3        17        22        44        34          3       7100       5362 1647557074.000   1647557074.000    6.30000e+02      90.00      45.00   2.11500e+02   2.86500e+02      991.1       11.3   8.95600e+01   2.76200e-01     2           3.35960e+02   7.99700e+00  
     2022         3        17        22        46        58          4       7100       5362 1647557218.000   1647557218.000    6.30000e+02     180.00      45.00   2.11500e+02   2.86500e+02      956.1        8.8   2.51800e+01   6.71000e-02     2           3.23280e+02   6.65300e+00  
     2022         3        17        22        51        46          5       7100       5362 1647557506.000   1647557506.000    6.30000e+02       0.00      90.00   2.11500e+02   2.86500e+02      946.7        9.2           nan           nan     2           2.89930e+02   6.30700e+00  
     2022         3        17        22        57        10          6       7100       5362 1647557830.000   1647557830.000    6.30000e+02      90.00      45.00   2.11500e+02   2.86500e+02     1003.8       13.2   9.22900e+01   3.26000e-01     2           2.93290e+02   7.90900e+00  
     2022         3        17        22        59        34          7       7100       5362 1647557974.000   1647557974.000    6.30000e+02     180.00      45.00   2.21500e+02   2.96500e+02      939.8        9.5   2.41900e+01   7.19000e-02     2           2.80480e+02   6.31600e+00  
     2022         3        17        23         7        58          8       7100       5362 1647558478.000   1647558478.000    6.30000e+02       0.00      90.00   2.21500e+02   2.96500e+02      957.1       10.8           nan           nan     2           2.40410e+02   5.95000e+00  
     2022         3        17        23        10        22          9       7100       5362 1647558622.000   1647558622.000    6.30000e+02       0.00      45.00   2.21500e+02   2.96500e+02      943.8        7.9   3.01000e+00   8.70000e-03     2           4.15500e+02   7.70400e+00  
     2022         3        17        23        12        46         10       7100       5362 1647558766.000   1647558766.000    6.30000e+02      90.00      45.00   2.21500e+02   2.96500e+02     1030.6       16.4   8.40000e+01   3.61200e-01     2           2.49830e+02   7.96700e+00  
     2022         3        17        23        15        10         11       7100       5362 1647558910.000   1647558910.000    6.30000e+02     180.00      45.00   2.21500e+02   2.96500e+02      942.6       11.2   1.42000e+01   4.97000e-02     2           2.27000e+02   5.88800e+00  
     2022         3        17        23        19        58         12       7100       5362 1647559198.000   1647559198.000    6.30000e+02       0.00      90.00   2.21500e+02   2.96500e+02      929.2       11.7           nan           nan     2           2.11080e+02   5.75000e+00  
     2022         3        17        23        22        58         13       7100       5362 1647559378.000   1647559378.000    6.30000e+02       0.00      45.00   2.21500e+02   2.96500e+02      929.5        8.3   8.97000e+00   2.87000e-02     2           3.84040e+02   7.53400e+00  
     2022         3        17        23        25        22         14       7100       5362 1647559522.000   1647559522.000    6.30000e+02      90.00      45.00   2.21500e+02   2.96500e+02     1034.8       19.4   7.68900e+01   3.90200e-01     2           2.15860e+02   7.97400e+00  
     2022         3        17        23        27        46         15       7100       5362 1647559666.000   1647559666.000    6.30000e+02     180.00      45.00   2.21500e+02   2.96500e+02      951.5       12.8   1.63000e+01   6.56000e-02     2           1.93010e+02   5.59900e+00  
     2022         3        17        23        30        10         16       7100       5362 1647559810.000   1647559810.000    6.30000e+02     -90.00      45.00   2.21500e+02   2.96500e+02      923.3        7.9  -7.68000e+01   2.52800e-01     2           3.57150e+02   6.91300e+00  
     2022         3        17        23        36        10         17       7100       5362 1647560170.000   1647560170.000    6.30000e+02       0.00      90.00   2.21500e+02   2.96500e+02      935.8       13.8           nan           nan     2           1.71550e+02   5.39500e+00  
     2022         3        17        23        38        34         18       7100       5362 1647560314.000   1647560314.000    6.30000e+02       0.00      45.00   2.21500e+02   2.96500e+02      911.4        8.9   3.35000e+01   1.23200e-01     2           3.47300e+02   7.35400e+00  
     2022         3        17        23        40        58         19       7100       5362 1647560458.000   1647560458.000    6.30000e+02      90.00      45.00   2.21500e+02   2.96500e+02     1116.6       25.5   7.57700e+01   4.74500e-01     2           1.85530e+02   8.17400e+00  
     2022         3        17        23        43        22         20       7100       5362 1647560602.000   1647560602.000    6.30000e+02     180.00      45.00   2.21500e+02   2.96500e+02      950.6       14.5   8.42000e+00   3.93000e-02     2           1.64180e+02   5.33000e+00  
     2022         3        17        23        46        22         21       7100       5362 1647560782.000   1647560782.000    6.30000e+02     -90.00      45.00   2.21500e+02   2.96500e+02      920.8        8.3  -6.71300e+01   2.46000e-01     2           3.33540e+02   6.73500e+00  
     2022         3        17        23        48        46         22       7100       5362 1647560926.000   1647560926.000    6.30000e+02       0.00      90.00   2.21500e+02   2.96500e+02      949.5       15.3           nan           nan     2           1.56890e+02   5.32600e+00  
     2022         3        17        23        51        10         23       7100       5362 1647561070.000   1647561070.000    6.30000e+02       0.00      45.00   2.21500e+02   2.96500e+02      923.3        9.6   3.31200e+01   1.32400e-01     2           3.30690e+02   7.36400e+00  
     2022         3        17        23        53        34         24       7100       5362 1647561214.000   1647561214.000    6.30000e+02      90.00      45.00   2.21500e+02   2.96500e+02     1153.9       29.8   4.83000e+01   3.42900e-01     2           1.68070e+02   8.29300e+00  
     2022         3        17        23        55        58         25       7100       5362 1647561358.000   1647561358.000    6.30000e+02     180.00      45.00   2.21500e+02   2.96500e+02      940.9       16.2  -1.91300e+01   9.83000e-02     2           1.46200e+02   5.25900e+00  
     2022         3        17        23        58        22         26       7100       5362 1647561502.000   1647561502.000    6.30000e+02     -90.00      45.00   2.21500e+02   2.96500e+02      931.1        8.4  -6.71100e+01   2.58600e-01     2           3.33130e+02   6.75100e+00  
     2022         3        18         0         4        58         27       7100       5362 1647561898.000   1647561898.000    6.30000e+02       0.00      90.00   2.29500e+02   3.04500e+02      948.4       16.5           nan           nan     2           1.48040e+02   5.36100e+00  
     2022         3        18         0         7        22         28       7100       5362 1647562042.000   1647562042.000    6.30000e+02       0.00      45.00   2.29500e+02   3.04500e+02      939.0       10.8   4.58600e+01   2.03100e-01     2           3.02770e+02   7.33600e+00  
     2022         3        18         0         9        46         29       7100       5362 1647562186.000   1647562186.000    6.30000e+02      90.00      45.00   2.29500e+02   3.04500e+02     1255.4       36.1   4.07400e+01   3.28200e-01     2           1.56360e+02   8.50700e+00  
     2022         3        18         0        12        10         30       7100       5362 1647562330.000   1647562330.000    6.30000e+02     180.00      45.00   2.29500e+02   3.04500e+02      968.0       18.3  -1.19900e+01   6.88000e-02     2           1.30040e+02   5.09500e+00  
     2022         3        18         0        14        34         31       7100       5362 1647562474.000   1647562474.000    6.30000e+02     -90.00      45.00   2.29500e+02   3.04500e+02      925.1        8.9  -5.68900e+01   2.41700e-01     2           3.05580e+02   6.56000e+00  
     2022         3        18         0        16        58         32       7100       5362 1647562618.000   1647562618.000    6.30000e+02       0.00      90.00   2.29500e+02   3.04500e+02      948.6       18.2           nan           nan     2           1.35830e+02   5.35100e+00  
     2022         3        18         0        19        58         33       7100       5362 1647562798.000   1647562798.000    6.30000e+02       0.00      45.00   2.29500e+02   3.04500e+02      936.7       11.5   4.43400e+01   2.14800e-01     2           2.88930e+02   7.39800e+00  
     2022         3        18         0        22        22         34       7100       5362 1647562942.000   1647562942.000    6.30000e+02      90.00      45.00   2.29500e+02   3.04500e+02     1211.6       37.5   3.76200e+01   3.24900e-01     2           1.43920e+02   8.41200e+00  
     2022         3        18         0        24        46         35       7100       5362 1647563086.000   1647563086.000    6.30000e+02     180.00      45.00   2.29500e+02   3.04500e+02      955.4       19.7  -2.53600e+01   1.59200e-01     2           1.15100e+02   4.88000e+00  
     2022         3        18         0        27        10         36       7100       5362 1647563230.000   1647563230.000    6.30000e+02     -90.00      45.00   2.29500e+02   3.04500e+02      912.6        9.3  -4.79100e+01   2.22600e-01     2           2.81510e+02   6.37400e+00  
     2022         3        18         0        33        10         37       7100       5362 1647563590.000   1647563590.000    6.30000e+02       0.00      90.00   2.29500e+02   3.04500e+02      944.4       19.8           nan           nan     2           1.24570e+02   5.32100e+00  
     2022         3        18         0        35        34         38       7100       5362 1647563734.000   1647563734.000    6.30000e+02       0.00      45.00   2.29500e+02   3.04500e+02      929.1       11.7   4.49300e+01   2.37400e-01     2           2.94910e+02   7.70600e+00  
     2022         3        18         0        40        22         39       7100       5362 1647564022.000   1647564022.000    6.30000e+02     180.00      45.00   2.29500e+02   3.04500e+02      971.2       22.6  -3.12000e+01   2.19300e-01     2           9.86000e+01   4.67000e+00  
     2022         3        18         0        42        46         40       7100       5362 1647564166.000   1647564166.000    6.30000e+02     -90.00      45.00   2.29500e+02   3.04500e+02      915.4        9.7  -3.67800e+01   1.81500e-01     2           2.67120e+02   6.26200e+00  
     2022         3        18         0        45        46         41       7100       5362 1647564346.000   1647564346.000    6.30000e+02       0.00      90.00   2.29500e+02   3.04500e+02      973.0       21.2           nan           nan     2           1.21670e+02   5.36300e+00  
     2022         3        18         0        48        10         42       7100       5362 1647564490.000   1647564490.000    6.30000e+02       0.00      45.00   2.29500e+02   3.04500e+02      941.2       12.4   5.04100e+01   2.78900e-01     2           2.91920e+02   7.87500e+00  
     2022         3        18         0        52        58         43       7100       5362 1647564778.000   1647564778.000    6.30000e+02     180.00      45.00   2.29500e+02   3.04500e+02      959.5       24.3  -2.92300e+01   2.21800e-01     2           8.94900e+01   4.58600e+00  
     2022         3        18         0        55        22         44       7100       5362 1647564922.000   1647564922.000    6.30000e+02     -90.00      45.00   2.29500e+02   3.04500e+02      907.3       10.4  -3.46800e+01   1.86700e-01     2           2.42230e+02   6.07000e+00  
     2022         3        18         1         1        22         45       7100       5362 1647565282.000   1647565282.000    6.30000e+02       0.00      90.00   2.35500e+02   3.10500e+02      974.8       23.7           nan           nan     2           1.11480e+02   5.40400e+00  
     2022         3        18         1         3        46         46       7100       5362 1647565426.000   1647565426.000    6.30000e+02       0.00      45.00   2.35500e+02   3.10500e+02      954.9       14.0   4.37400e+01   2.73800e-01     2           2.70520e+02   8.00600e+00  
     2022         3        18         1         9        10         47       7100       5362 1647565750.000   1647565750.000    6.30000e+02     180.00      45.00   2.35500e+02   3.10500e+02      967.1       26.3  -2.01900e+01   1.68600e-01     2           8.18600e+01   4.48200e+00  
     2022         3        18         1        11        34         48       7100       5362 1647565894.000   1647565894.000    6.30000e+02     -90.00      45.00   2.35500e+02   3.10500e+02      918.3       11.4  -3.79900e+01   2.23200e-01     2           2.17410e+02   5.83300e+00  
     2022         3        18         1        13        58         49       7100       5362 1647566038.000   1647566038.000    6.30000e+02       0.00      90.00   2.35500e+02   3.10500e+02     1001.4       25.5           nan           nan     2           1.08510e+02   5.47300e+00  
     2022         3        18         1        16        22         50       7100       5362 1647566182.000   1647566182.000    6.30000e+02       0.00      45.00   2.35500e+02   3.10500e+02      939.8       14.8   4.15300e+01   2.78700e-01     2           2.56480e+02   8.07800e+00  
     2022         3        18         1        18        46         51       7100       5362 1647566326.000   1647566326.000    6.30000e+02      90.00      45.00   2.35500e+02   3.10500e+02     1162.8       38.3   3.29300e+01   3.35700e-01     2           1.19590e+02   7.48100e+00  
     2022         3        18         1        21        10         52       7100       5362 1647566470.000   1647566470.000    6.30000e+02     180.00      45.00   2.35500e+02   3.10500e+02      956.3       25.6  -1.30700e+01   1.10400e-01     2           8.24000e+01   4.44400e+00  
     2022         3        18         1        24        10         53       7100       5362 1647566650.000   1647566650.000    6.30000e+02     -90.00      45.00   2.35500e+02   3.10500e+02      913.4       11.9  -2.56200e+01   1.59500e-01     2           2.07010e+02   5.79600e+00  
     2022         3        18         1        30        10         54       7100       5362 1647567010.000   1647567010.000    6.30000e+02       0.00      90.00   2.35500e+02   3.10500e+02      968.8       26.4           nan           nan     2           1.03050e+02   5.53500e+00  
     2022         3        18         1        32        34         55       7100       5362 1647567154.000   1647567154.000    6.30000e+02       0.00      45.00   2.35500e+02   3.10500e+02      930.9       16.0   5.08200e+01   3.69100e-01     2           2.44700e+02   8.33100e+00  
     2022         3        18         1        34        58         56       7100       5362 1647567298.000   1647567298.000    6.30000e+02      90.00      45.00   2.35500e+02   3.10500e+02     1088.3       34.9   7.92500e+01   7.95400e-01     2           1.14780e+02   7.02100e+00  
     2022         3        18         1        37        22         57       7100       5362 1647567442.000   1647567442.000    6.30000e+02     180.00      45.00   2.35500e+02   3.10500e+02      943.8       24.1  -9.73000e+00   8.33000e-02     2           8.73100e+01   4.51400e+00  
     2022         3        18         1        39        46         58       7100       5362 1647567586.000   1647567586.000    6.30000e+02     -90.00      45.00   2.35500e+02   3.10500e+02      906.4       12.0  -3.11000e+01   2.05400e-01     2           2.06640e+02   5.84400e+00  
     2022         3        18         1        42        46         59       7100       5362 1647567766.000   1647567766.000    6.30000e+02       0.00      90.00   2.35500e+02   3.10500e+02     1020.3       28.5           nan           nan     2           1.05280e+02   5.75700e+00  
     2022         3        18         1        45        10         60       7100       5362 1647567910.000   1647567910.000    6.30000e+02       0.00      45.00   2.35500e+02   3.10500e+02      950.8       17.3   5.19100e+01   4.02900e-01     2           2.42560e+02   8.68400e+00  
     2022         3        18         1        47        34         61       7100       5362 1647568054.000   1647568054.000    6.30000e+02      90.00      45.00   2.35500e+02   3.10500e+02     1012.7       31.6   7.39300e+01   7.48000e-01     2           1.11030e+02   6.66600e+00  
     2022         3        18         1        49        58         62       7100       5362 1647568198.000   1647568198.000    6.30000e+02     180.00      45.00   2.35500e+02   3.10500e+02      913.8       22.7  -6.50000e+00   5.65000e-02     2           8.90100e+01   4.48900e+00  
     2022         3        18         1        52        22         63       7100       5362 1647568342.000   1647568342.000    6.30000e+02     -90.00      45.00   2.35500e+02   3.10500e+02      900.5       11.7  -3.91800e+01   2.64900e-01     2           2.12800e+02   5.94400e+00  
     2022         3        18         1        58        58         64       7100       5362 1647568738.000   1647568738.000    6.30000e+02       0.00      90.00   2.40500e+02   3.15500e+02     1013.2       30.0           nan           nan     2           1.04600e+02   6.02200e+00  
     2022         3        18         2         1        22         65       7100       5362 1647568882.000   1647568882.000    6.30000e+02       0.00      45.00   2.40500e+02   3.15500e+02     1013.3       20.3   5.36300e+01   4.48700e-01     2           2.41530e+02   9.36100e+00  
     2022         3        18         2         3        46         66       7100       5362 1647569026.000   1647569026.000    6.30000e+02      90.00      45.00   2.40500e+02   3.15500e+02     1036.3       30.0   6.86700e+01   6.75400e-01     2           1.15320e+02   6.45300e+00  
     2022         3        18         2         6        10         67       7100       5362 1647569170.000   1647569170.000    6.30000e+02     180.00      45.00   2.40500e+02   3.15500e+02      912.1       21.8  -2.25500e+01   1.93300e-01     2           9.43600e+01   4.59800e+00  
     2022         3        18         2         8        34         68       7100       5362 1647569314.000   1647569314.000    6.30000e+02     -90.00      45.00   2.40500e+02   3.15500e+02      884.1       11.2  -3.79700e+01   2.55000e-01     2           2.25420e+02   6.10400e+00  
     2022         3        18         2        10        58         69       7100       5362 1647569458.000   1647569458.000    6.30000e+02       0.00      90.00   2.40500e+02   3.15500e+02      980.4       28.2           nan           nan     2           1.09660e+02   6.13000e+00  
     2022         3        18         2        13        58         70       7100       5362 1647569638.000   1647569638.000    6.30000e+02       0.00      45.00   2.40500e+02   3.15500e+02     1019.9       20.8   4.38700e+01   3.64400e-01     2           2.52480e+02   9.89300e+00  
     2022         3        18         2        16        22         71       7100       5362 1647569782.000   1647569782.000    6.30000e+02      90.00      45.00   2.40500e+02   3.15500e+02      948.7       26.4   9.03800e+01   8.45600e-01     2           1.09350e+02   5.95800e+00  
     2022         3        18         2        18        46         72       7100       5362 1647569926.000   1647569926.000    6.30000e+02     180.00      45.00   2.40500e+02   3.15500e+02      899.9       21.2   3.14000e+00   2.63000e-02     2           9.41800e+01   4.53400e+00  
     2022         3        18         2        21        10         73       7100       5362 1647570070.000   1647570070.000    6.30000e+02     -90.00      45.00   2.40500e+02   3.15500e+02      866.5       10.2  -4.09300e+01   2.65200e-01     2           2.51450e+02   6.36500e+00  
     2022         3        18         2        27        10         74       7100       5362 1647570430.000   1647570430.000    6.30000e+02       0.00      90.00   2.40500e+02   3.15500e+02      981.5       28.0           nan           nan     2           1.15250e+02   6.39000e+00  
     2022         3        18         2        29        34         75       7100       5362 1647570574.000   1647570574.000    6.30000e+02       0.00      45.00   2.40500e+02   3.15500e+02     1021.9       21.7   5.69800e+01   4.80600e-01     2           2.58810e+02   1.05160e+01  
     2022         3        18         2        32        34         76       7100       5362 1647570754.000   1647570754.000    6.30000e+02      90.00      45.00   2.40500e+02   3.15500e+02      923.3       22.7   1.07850e+02   9.32600e-01     2           1.14960e+02   5.61500e+00  
     2022         3        18         2        34        58         77       7100       5362 1647570898.000   1647570898.000    6.30000e+02     180.00      45.00   2.40500e+02   3.15500e+02      888.1       19.8  -1.83200e+01   1.48700e-01     2           1.00590e+02   4.61700e+00  
     2022         3        18         2        37        22         78       7100       5362 1647571042.000   1647571042.000    6.30000e+02     -90.00      45.00   2.40500e+02   3.15500e+02      850.1        8.6  -3.95800e+01   2.44800e-01     2           3.19540e+02   7.00900e+00  
     2022         3        18         2        39        46         79       7100       5362 1647571186.000   1647571186.000    6.30000e+02       0.00      90.00   2.40500e+02   3.15500e+02      976.9       27.4           nan           nan     2           1.20640e+02   6.56100e+00  
     2022         3        18         2        42        10         80       7100       5362 1647571330.000   1647571330.000    6.30000e+02       0.00      45.00   2.40500e+02   3.15500e+02     1064.4       24.1   4.73100e+01   4.12600e-01     2           2.58270e+02   1.10960e+01  
     2022         3        18         2        44        34         81       7100       5362 1647571474.000   1647571474.000    6.30000e+02      90.00      45.00   2.40500e+02   3.15500e+02      863.5       21.0   1.04090e+02   8.88200e-01     2           1.07620e+02   5.25300e+00  
     2022         3        18         2        47        34         82       7100       5362 1647571654.000   1647571654.000    6.30000e+02     180.00      45.00   2.40500e+02   3.15500e+02      873.0       18.7  -1.36800e+01   1.08700e-01     2           1.07110e+02   4.72000e+00  
     2022         3        18         2        49        58         83       7100       5362 1647571798.000   1647571798.000    6.30000e+02     -90.00      45.00   2.40500e+02   3.15500e+02      839.3        9.6  -4.79600e+01   3.04900e-01     2           2.69040e+02   6.62600e+00  
     2022         3        18         2        55        58         84       7100       5362 1647572158.000   1647572158.000    6.30000e+02       0.00      90.00   2.40500e+02   3.15500e+02      960.0       27.0           nan           nan     2           1.24620e+02   6.78700e+00  
     2022         3        18         3         0        46         85       7100       5362 1647572446.000   1647572446.000    6.30000e+02      90.00      45.00   2.43500e+02   3.18500e+02      896.3       22.4   1.09210e+02   9.42600e-01     2           9.89400e+01   4.97600e+00  
     2022         3        18         3         3        10         86       7100       5362 1647572590.000   1647572590.000    6.30000e+02     180.00      45.00   2.43500e+02   3.18500e+02      858.7       18.8  -2.31500e+01   1.87200e-01     2           1.02840e+02   4.64400e+00  
     2022         3        18         3         5        34         87       7100       5362 1647572734.000   1647572734.000    6.30000e+02     -90.00      45.00   2.43500e+02   3.18500e+02      845.8        9.3  -4.99800e+01   3.20400e-01     2           2.93140e+02   6.93000e+00  
     2022         3        18         3         7        58         88       7100       5362 1647572878.000   1647572878.000    6.30000e+02       0.00      90.00   2.43500e+02   3.18500e+02      985.4       28.3           nan           nan     2           1.24550e+02   6.90800e+00  
     2022         3        18         3        13        22         89       7100       5362 1647573202.000   1647573202.000    6.30000e+02      90.00      45.00   2.43500e+02   3.18500e+02      910.5       24.5   1.01880e+02   9.31100e-01     2           8.96300e+01   4.82200e+00  
     2022         3        18         3        15        46         90       7100       5362 1647573346.000   1647573346.000    6.30000e+02     180.00      45.00   2.43500e+02   3.18500e+02      889.2       20.4  -1.38500e+01   1.16800e-01     2           9.88000e+01   4.64700e+00  
     2022         3        18         3        18        10         91       7100       5362 1647573490.000   1647573490.000    6.30000e+02     -90.00      45.00   2.43500e+02   3.18500e+02      896.0       17.0  -6.45800e+01   5.08100e-01     2           1.46250e+02   5.67200e+00  
     2022         3        18         3        24        10         92       7100       5362 1647573850.000   1647573850.000    6.30000e+02       0.00      90.00   2.43500e+02   3.18500e+02      989.3       29.7           nan           nan     2           1.19970e+02   6.91800e+00  
     2022         3        18         3        26        34         93       7100       5362 1647573994.000   1647573994.000    6.30000e+02       0.00      45.00   2.43500e+02   3.18500e+02     1038.5       18.8   6.10200e+01   4.99600e-01     2           3.51950e+02   1.21960e+01  
     2022         3        18         3        28        58         94       7100       5362 1647574138.000   1647574138.000    6.30000e+02      90.00      45.00   2.43500e+02   3.18500e+02      934.0       27.8   9.55200e+01   9.37500e-01     2           7.70600e+01   4.57000e+00  
     2022         3        18         3        31        22         95       7100       5362 1647574282.000   1647574282.000    6.30000e+02     180.00      45.00   2.43500e+02   3.18500e+02      873.4       20.5  -4.21300e+01   3.69100e-01     2           9.53800e+01   4.57900e+00  
     2022         3        18         3        33        46         96       7100       5362 1647574426.000   1647574426.000    6.30000e+02     -90.00      45.00   2.43500e+02   3.18500e+02      858.1       11.8  -6.40100e+01   4.66600e-01     2           2.25490e+02   6.52200e+00  
     2022         3        18         3        36        46         97       7100       5362 1647574606.000   1647574606.000    6.30000e+02       0.00      90.00   2.43500e+02   3.18500e+02     1007.7       31.6           nan           nan     2           1.15280e+02   6.92800e+00  
     2022         3        18         3        39        10         98       7100       5362 1647574750.000   1647574750.000    6.30000e+02       0.00      45.00   2.43500e+02   3.18500e+02     1044.2       21.8   7.01400e+01   6.48800e-01     2           2.82160e+02   1.12180e+01  
     2022         3        18         3        41        34         99       7100       5362 1647574894.000   1647574894.000    6.30000e+02      90.00      45.00   2.43500e+02   3.18500e+02      930.3       28.5   1.06640e+02   1.15130e+00     2           7.30100e+01   4.44900e+00  
     2022         3        18         3        43        58        100       7100       5362 1647575038.000   1647575038.000    6.30000e+02     180.00      45.00   2.43500e+02   3.18500e+02      892.0       20.9  -2.45400e+01   2.40300e-01     2           9.68100e+01   4.63100e+00  
     2022         3        18         3        46        22        101       7100       5362 1647575182.000   1647575182.000    6.30000e+02     -90.00      45.00   2.43500e+02   3.18500e+02      855.1       11.7  -4.68100e+01   3.97300e-01     2           2.35670e+02   6.71500e+00  
     2022         3        18         3        52        22        102       7100       5362 1647575542.000   1647575542.000    6.30000e+02       0.00      90.00   2.43500e+02   3.18500e+02     1162.2       44.8           nan           nan     2           9.33000e+01   6.79900e+00  
     2022         3        18         3        54        46        103       7100       5362 1647575686.000   1647575686.000    6.30000e+02       0.00      45.00   2.43500e+02   3.18500e+02     1052.5       23.1   7.45000e+01   8.00100e-01     2           2.46020e+02   1.03260e+01  
     2022         3        18         3        57        10        104       7100       5362 1647575830.000   1647575830.000    6.30000e+02      90.00      45.00   2.43500e+02   3.18500e+02      995.5       30.7   1.03070e+02   1.18920e+00     2           7.13100e+01   4.37200e+00  
     2022         3        18         3        59        34        105       7100       5362 1647575974.000   1647575974.000    6.30000e+02     180.00      45.00   2.42500e+02   3.17500e+02      902.5       21.6  -2.36400e+01   2.30700e-01     2           9.41100e+01   4.58700e+00  
     2022         3        18         4         2        34        106       7100       5362 1647576154.000   1647576154.000    6.30000e+02     -90.00      45.00   2.42500e+02   3.17500e+02      884.3       14.3  -4.58400e+01   3.77500e-01     2           2.04080e+02   6.72800e+00  
     2022         3        18         4         4        58        107       7100       5362 1647576298.000   1647576298.000    6.30000e+02       0.00      90.00   2.42500e+02   3.17500e+02     1054.0       32.4           nan           nan     2           1.14260e+02   6.75400e+00  
     2022         3        18         4         9        46        108       7100       5362 1647576586.000   1647576586.000    6.30000e+02      90.00      45.00   2.42500e+02   3.17500e+02      970.1       33.6   8.16700e+01   9.66400e-01     2           6.06700e+01   4.16000e+00  
     2022         3        18         4        12        10        109       7100       5362 1647576730.000   1647576730.000    6.30000e+02     180.00      45.00   2.42500e+02   3.17500e+02      943.1       27.8  -4.80100e+01   5.33200e-01     2           7.42200e+01   4.37300e+00  
     2022         3        18         4        14        34        110       7100       5362 1647576874.000   1647576874.000    6.30000e+02     -90.00      45.00   2.42500e+02   3.17500e+02      954.2       19.3  -5.25900e+01   5.24600e-01     2           1.68850e+02   6.77700e+00  
     2022         3        18         4        21        10        111       7100       5362 1647577270.000   1647577270.000    6.30000e+02       0.00      90.00   2.42500e+02   3.17500e+02     1178.0       46.6           nan           nan     2           8.71100e+01   6.52100e+00  
     2022         3        18         4        25        58        112       7100       5362 1647577558.000   1647577558.000    6.30000e+02      90.00      45.00   2.42500e+02   3.17500e+02     1057.8       40.1   7.34700e+01   9.88400e-01     2           5.51000e+01   4.10100e+00  
     2022         3        18         4        28        22        113       7100       5362 1647577702.000   1647577702.000    6.30000e+02     180.00      45.00   2.42500e+02   3.17500e+02     1012.4       36.8  -4.29800e+01   5.51300e-01     2           5.96300e+01   4.25600e+00  
     2022         3        18         4        30        46        114       7100       5362 1647577846.000   1647577846.000    6.30000e+02     -90.00      45.00   2.42500e+02   3.17500e+02     1107.7       36.8  -4.44300e+01   5.51900e-01     2           1.08720e+02   6.88700e+00  
     2022         3        18         4        33        46        115       7100       5362 1647578026.000   1647578026.000    6.30000e+02       0.00      90.00   2.42500e+02   3.17500e+02     1126.9       38.5           nan           nan     2           9.59300e+01   6.27700e+00  
     2022         3        18         4        38        34        116       7100       5362 1647578314.000   1647578314.000    6.30000e+02      90.00      45.00   2.42500e+02   3.17500e+02     1022.3       36.8   5.13800e+01   6.49400e-01     2           5.62800e+01   4.00000e+00  
     2022         3        18         4        40        58        117       7100       5362 1647578458.000   1647578458.000    6.30000e+02     180.00      45.00   2.42500e+02   3.17500e+02     1167.7       54.5  -7.76700e+01   1.17370e+00     2           4.55600e+01   4.10600e+00  
     2022         3        18         4        51        46        118       7100       5362 1647579106.000   1647579106.000    6.30000e+02       0.00      45.00   2.42500e+02   3.17500e+02     1242.2       37.9   7.22300e+01   9.46800e-01     2           1.44540e+02   8.34700e+00  
     2022         3        18         4        54        10        119       7100       5362 1647579250.000   1647579250.000    6.30000e+02      90.00      45.00   2.42500e+02   3.17500e+02     1098.2       45.3   2.48300e+01   3.60600e-01     2           4.77700e+01   3.85100e+00  
     2022         3        18         5         4        22        120       7100       5362 1647579862.000   1647579862.000    6.30000e+02       0.00      45.00   2.40500e+02   3.15500e+02     1198.0       38.3   7.49600e+01   1.04380e+00     2           1.26970e+02   7.69700e+00  
     2022         3        18         5         6        46        121       7100       5362 1647580006.000   1647580006.000    6.30000e+02      90.00      45.00   2.40500e+02   3.15500e+02     1172.9       62.2  -3.72500e+01   6.54600e-01     2           3.60900e+01   3.68200e+00  
     2022         3        18         5        22        58        122       7100       5362 1647580978.000   1647580978.000    6.30000e+02      90.00      45.00   2.40500e+02   3.15500e+02     1347.6       79.1  -1.00500e+01   2.01600e-01     2           3.27800e+01   3.67100e+00  
     2022         3        18         5        34        58        123       7100       5362 1647581698.000   1647581698.000    6.30000e+02      90.00      45.00   2.40500e+02   3.15500e+02     1182.7       74.5  -3.90700e+01   8.29100e-01     2           2.89000e+01   3.47400e+00  
     2022         3        18         5        48        46        124       7100       5362 1647582526.000   1647582526.000    6.30000e+02       0.00      45.00   2.40500e+02   3.15500e+02     1131.2       43.2   6.20800e+01   1.06500e+00     2           7.11800e+01   5.22100e+00  
     2022         3        18         5        51        10        125       7100       5362 1647582670.000   1647582670.000    6.30000e+02      90.00      45.00   2.40500e+02   3.15500e+02     1146.2       60.3   2.15000e+01   4.28700e-01     2           3.39700e+01   3.45800e+00  
     2022         3        18         5        53        34        126       7100       5362 1647582814.000   1647582814.000    6.30000e+02     180.00      45.00   2.40500e+02   3.15500e+02     1390.8       89.5  -5.37300e+01   1.26250e+00     2           3.33900e+01   4.05600e+00  
     2022         3        18         5        58        22        127       7100       5362 1647583102.000   1647583102.000    6.30000e+02       0.00      90.00   2.40500e+02   3.15500e+02     1191.9       71.1           nan           nan     2           3.56800e+01   4.04200e+00  
     2022         3        18         6         0        46        128       7100       5362 1647583246.000   1647583246.000    6.30000e+02       0.00      45.00   2.38500e+02   3.13500e+02     1051.8       33.2   6.07300e+01   9.61500e-01     2           8.23000e+01   5.08200e+00  
     2022         3        18         6         3        10        129       7100       5362 1647583390.000   1647583390.000    6.30000e+02      90.00      45.00   2.38500e+02   3.13500e+02     1011.0       44.1   4.52900e+01   7.82900e-01     2           4.11100e+01   3.52300e+00  
     2022         3        18         6         6        10        130       7100       5362 1647583570.000   1647583570.000    6.30000e+02     180.00      45.00   2.38500e+02   3.13500e+02     1276.4       70.3  -1.67700e+01   3.33200e-01     2           3.90000e+01   4.08300e+00  
     2022         3        18         6        14        34        131       7100       5362 1647584074.000   1647584074.000    6.30000e+02       0.00      90.00   2.38500e+02   3.13500e+02     1070.9       47.3           nan           nan     2           4.71400e+01   4.04300e+00  
     2022         3        18         6        16        58        132       7100       5362 1647584218.000   1647584218.000    6.30000e+02       0.00      45.00   2.38500e+02   3.13500e+02      980.9       24.9   5.16500e+01   5.94100e-01     2           1.02080e+02   5.16600e+00  
     2022         3        18         6        19        22        133       7100       5362 1647584362.000   1647584362.000    6.30000e+02      90.00      45.00   2.38500e+02   3.13500e+02      975.0       30.9   3.46100e+01   4.18400e-01     2           5.89500e+01   3.76800e+00  
     2022         3        18         6        22        22        134       7100       5362 1647584542.000   1647584542.000    6.30000e+02     180.00      45.00   2.38500e+02   3.13500e+02     1063.0       43.0  -2.36400e+01   3.26100e-01     2           4.96900e+01   3.93500e+00  
     2022         3        18         6        27        10        135       7100       5362 1647584830.000   1647584830.000    6.30000e+02       0.00      90.00   2.38500e+02   3.13500e+02     1046.2       36.8           nan           nan     2           6.09100e+01   4.22500e+00  
     2022         3        18         6        29        34        136       7100       5362 1647584974.000   1647584974.000    6.30000e+02       0.00      45.00   2.38500e+02   3.13500e+02      961.8       21.7   3.48900e+01   3.37000e-01     2           1.16480e+02   5.29600e+00  
     2022         3        18         6        31        58        137       7100       5362 1647585118.000   1647585118.000    6.30000e+02      90.00      45.00   2.38500e+02   3.13500e+02      906.7       23.0   5.41200e+01   5.29900e-01     2           7.74300e+01   4.04100e+00  
     2022         3        18         6        34        22        138       7100       5362 1647585262.000   1647585262.000    6.30000e+02     180.00      45.00   2.38500e+02   3.13500e+02      986.1       30.7   1.32200e+01   1.43100e-01     2           6.60600e+01   4.11600e+00  
     2022         3        18         6        42        46        139       7100       5362 1647585766.000   1647585766.000    6.30000e+02       0.00      90.00   2.38500e+02   3.13500e+02      994.4       30.9           nan           nan     2           7.90100e+01   4.83400e+00  
     2022         3        18         6        45        46        140       7100       5362 1647585946.000   1647585946.000    6.30000e+02       0.00      45.00   2.38500e+02   3.13500e+02      973.8       22.0   3.03600e+01   2.70200e-01     2           1.28730e+02   5.81100e+00  
     2022         3        18         6        48        10        141       7100       5362 1647586090.000   1647586090.000    6.30000e+02      90.00      45.00   2.38500e+02   3.13500e+02      902.3       18.2   4.75700e+01   3.87800e-01     2           1.02550e+02   4.35400e+00  
     2022         3        18         6        50        34        142       7100       5362 1647586234.000   1647586234.000    6.30000e+02     180.00      45.00   2.38500e+02   3.13500e+02      908.4       21.6   7.38000e+00   6.44000e-02     2           8.82900e+01   4.32000e+00  
     2022         3        18         6        55        22        143       7100       5362 1647586522.000   1647586522.000    6.30000e+02       0.00      90.00   2.38500e+02   3.13500e+02      990.3       28.6           nan           nan     2           9.30700e+01   5.28900e+00  
     2022         3        18         6        57        46        144       7100       5362 1647586666.000   1647586666.000    6.30000e+02       0.00      45.00   2.38500e+02   3.13500e+02     1017.6       24.4   1.47500e+01   1.32300e-01     2           1.30480e+02   6.17100e+00  
     2022         3        18         7         0        10        145       7100       5362 1647586810.000   1647586810.000    6.30000e+02      90.00      45.00   2.35500e+02   3.10500e+02      837.6       15.8   4.69700e+01   3.59900e-01     2           1.08000e+02   4.34000e+00  
     2022         3        18         7         3        10        146       7100       5362 1647586990.000   1647586990.000    6.30000e+02     180.00      45.00   2.35500e+02   3.10500e+02      877.4       17.7   2.59400e+01   2.06600e-01     2           1.07020e+02   4.51000e+00  
     2022         3        18         7        11        34        147       7100       5362 1647587494.000   1647587494.000    6.30000e+02       0.00      90.00   2.35500e+02   3.10500e+02      999.0       29.2           nan           nan     2           9.66500e+01   5.52400e+00  
     2022         3        18         7        13        58        148       7100       5362 1647587638.000   1647587638.000    6.30000e+02       0.00      45.00   2.35500e+02   3.10500e+02     1063.5       29.0   3.13300e+01   3.03100e-01     2           1.18660e+02   6.30300e+00  
     2022         3        18         7        16        22        149       7100       5362 1647587782.000   1647587782.000    6.30000e+02      90.00      45.00   2.35500e+02   3.10500e+02      851.3       16.6   4.69700e+01   3.69700e-01     2           1.02470e+02   4.24400e+00  
     2022         3        18         7        18        46        150       7100       5362 1647587926.000   1647587926.000    6.30000e+02     180.00      45.00   2.35500e+02   3.10500e+02      848.4       16.0   3.89700e+01   3.04600e-01     2           1.12730e+02   4.49800e+00  
     2022         3        18         7        21        10        151       7100       5362 1647588070.000   1647588070.000    6.30000e+02     -90.00      45.00   2.35500e+02   3.10500e+02     1324.9       40.2  -2.20000e+01   2.41800e-01     2           1.55890e+02   8.90000e+00  
     2022         3        18         7        23        34        152       7100       5362 1647588214.000   1647588214.000    6.30000e+02       0.00      90.00   2.35500e+02   3.10500e+02      988.4       30.1           nan           nan     2           8.85500e+01   5.27900e+00  
     2022         3        18         7        26        34        153       7100       5362 1647588394.000   1647588394.000    6.30000e+02       0.00      45.00   2.35500e+02   3.10500e+02     1090.8       33.0   1.88700e+01   1.96900e-01     2           1.07320e+02   6.26100e+00  
     2022         3        18         7        28        58        154       7100       5362 1647588538.000   1647588538.000    6.30000e+02      90.00      45.00   2.35500e+02   3.10500e+02      836.7       17.4   4.51500e+01   3.65700e-01     2           9.36000e+01   4.10300e+00  
     2022         3        18         7        31        22        155       7100       5362 1647588682.000   1647588682.000    6.30000e+02     180.00      45.00   2.35500e+02   3.10500e+02      836.4       16.4   2.26500e+01   1.79500e-01     2           1.05220e+02   4.35500e+00  
     2022         3        18         7        33        46        156       7100       5362 1647588826.000   1647588826.000    6.30000e+02     -90.00      45.00   2.35500e+02   3.10500e+02     1250.0       39.2  -9.73000e+00   1.05200e-01     2           1.37200e+02   8.12300e+00  
     2022         3        18         7        39        46        157       7100       5362 1647589186.000   1647589186.000    6.30000e+02       0.00      90.00   2.35500e+02   3.10500e+02      971.5       28.9           nan           nan     2           7.74500e+01   4.58900e+00  
     2022         3        18         7        42        10        158       7100       5362 1647589330.000   1647589330.000    6.30000e+02       0.00      45.00   2.35500e+02   3.10500e+02     1068.4       34.0  -7.41000e+00   7.75000e-02     2           9.12400e+01   5.62600e+00  
     2022         3        18         7        44        34        159       7100       5362 1647589474.000   1647589474.000    6.30000e+02      90.00      45.00   2.35500e+02   3.10500e+02      838.2       18.3   4.54400e+01   3.62800e-01     2           8.65700e+01   3.98000e+00  
     2022         3        18         7        46        58        160       7100       5362 1647589618.000   1647589618.000    6.30000e+02     180.00      45.00   2.35500e+02   3.10500e+02      845.5       17.4   2.26500e+01   1.75400e-01     2           9.77900e+01   4.24000e+00  
     2022         3        18         7        49        22        161       7100       5362 1647589762.000   1647589762.000    6.30000e+02     -90.00      45.00   2.35500e+02   3.10500e+02     1271.9       41.0  -1.72300e+01   1.85300e-01     2           1.22060e+02   7.46400e+00  
     2022         3        18         7        52        22        162       7100       5362 1647589942.000   1647589942.000    6.30000e+02       0.00      90.00   2.35500e+02   3.10500e+02      891.3       25.4           nan           nan     2           6.71500e+01   3.90500e+00  
     2022         3        18         7        54        46        163       7100       5362 1647590086.000   1647590086.000    6.30000e+02       0.00      45.00   2.35500e+02   3.10500e+02      931.2       28.3   1.24000e+00   1.18000e-02     2           7.77500e+01   4.69000e+00  
     2022         3        18         7        57        10        164       7100       5362 1647590230.000   1647590230.000    6.30000e+02      90.00      45.00   2.35500e+02   3.10500e+02      853.8       18.9   4.20200e+01   3.31900e-01     2           8.72800e+01   4.05000e+00  
     2022         3        18         7        59        34        165       7100       5362 1647590374.000   1647590374.000    6.30000e+02     180.00      45.00   2.34500e+02   3.09500e+02      823.6       16.9   2.13500e+01   1.63400e-01     2           9.84300e+01   4.24400e+00  
     2022         3        18         8         1        58        166       7100       5362 1647590518.000   1647590518.000    6.30000e+02     -90.00      45.00   2.34500e+02   3.09500e+02     1177.6       37.4  -1.79600e+01   1.91900e-01     2           1.10930e+02   6.73800e+00  
     2022         3        18         8         7        58        167       7100       5362 1647590878.000   1647590878.000    6.30000e+02       0.00      90.00   2.34500e+02   3.09500e+02      882.0       26.0           nan           nan     2           6.59200e+01   3.93400e+00  
     2022         3        18         8        10        22        168       7100       5362 1647591022.000   1647591022.000    6.30000e+02       0.00      45.00   2.34500e+02   3.09500e+02      912.0       26.1   1.63600e+01   1.56300e-01     2           8.22600e+01   4.68800e+00  
     2022         3        18         8        12        46        169       7100       5362 1647591166.000   1647591166.000    6.30000e+02      90.00      45.00   2.34500e+02   3.09500e+02      917.2       19.3   4.18000e+01   3.56200e-01     2           1.59380e+02   6.65000e+00  
     2022         3        18         8        15        46        170       7100       5362 1647591346.000   1647591346.000    6.30000e+02     180.00      45.00   2.34500e+02   3.09500e+02      906.5       20.9   1.28600e+01   1.16000e-01     2           1.33680e+02   6.10800e+00  
     2022         3        18         8        20        34        171       7100       5362 1647591634.000   1647591634.000    6.30000e+02       0.00      90.00   2.34500e+02   3.09500e+02     1076.9       33.6           nan           nan     2           1.16540e+02   6.96300e+00  
