   YEAR     MONTH      DAY       HOUR      MIN       SEC       RECNO     KINDAT      KINST       UT1_UNIX        UT2_UNIX        WAVLEN        AZM        ELM         ALTB          ALTE         TN         DTN        VNHLU         DVNHLU     FPI_DATAQUAL      RLE           DRLE     
     2022         3         9        21        54        46          0       7100       5362 1646862886.000   1646862886.000    6.30000e+02      90.00      45.00   1.96500e+02   2.71500e+02     1061.6        6.0   7.82800e+01   1.37400e-01     2           8.94830e+02   1.12110e+01  
     2022         3         9        22        18        10          1       7100       5362 1646864290.000   1646864290.000    6.30000e+02       0.00      90.00   2.12500e+02   2.87500e+02     1039.4        6.2           nan           nan     1           5.68440e+02   8.06000e+00  
     2022         3         9        22        30        46          2       7100       5362 1646865046.000   1646865046.000    6.30000e+02       0.00      90.00   2.12500e+02   2.87500e+02     1031.3        6.4           nan           nan     1           5.34860e+02   7.81000e+00  
     2022         3         9        22        38        34          3       7100       5362 1646865514.000   1646865514.000    6.30000e+02     180.00      45.00   2.12500e+02   2.87500e+02     1008.4        6.2   3.59900e+01   6.51000e-02     1           5.39080e+02   7.82100e+00  
     2022         3         9        22        46        58          4       7100       5362 1646866018.000   1646866018.000    6.30000e+02       0.00      90.00   2.12500e+02   2.87500e+02      995.4        6.3           nan           nan     1           5.13990e+02   7.67700e+00  
     2022         3         9        22        54        10          5       7100       5362 1646866450.000   1646866450.000    6.30000e+02     180.00      45.00   2.12500e+02   2.87500e+02      992.5        6.3   2.61500e+01   4.93000e-02     1           4.97860e+02   7.53200e+00  
     2022         3         9        22        58        58          6       7100       5362 1646866738.000   1646866738.000    6.30000e+02       0.00      90.00   2.23500e+02   2.98500e+02      990.6        6.7           nan           nan     1           4.50230e+02   7.20400e+00  
     2022         3         9        23         4        22          7       7100       5362 1646867062.000   1646867062.000    6.30000e+02      90.00      45.00   2.23500e+02   2.98500e+02      966.7        6.4   8.57900e+01   1.69900e-01     1           4.65020e+02   7.29500e+00  
     2022         3         9        23         6        46          8       7100       5362 1646867206.000   1646867206.000    6.30000e+02     180.00      45.00   2.23500e+02   2.98500e+02      979.9        6.5   3.16600e+01   6.35000e-02     1           4.61780e+02   7.25000e+00  
     2022         3         9        23        15        10          9       7100       5362 1646867710.000   1646867710.000    6.30000e+02       0.00      90.00   2.23500e+02   2.98500e+02      981.4        7.5           nan           nan     1           3.61570e+02   6.51000e+00  
     2022         3         9        23        19        58         10       7100       5362 1646867998.000   1646867998.000    6.30000e+02      90.00      45.00   2.23500e+02   2.98500e+02      964.1        7.0   9.05400e+01   2.01500e-01     1           3.85100e+02   6.66000e+00  
     2022         3         9        23        22        22         11       7100       5362 1646868142.000   1646868142.000    6.30000e+02     180.00      45.00   2.23500e+02   2.98500e+02      976.2        7.4   1.37700e+01   3.16000e-02     1           3.64200e+02   6.51400e+00  
     2022         3         9        23        24        46         12       7100       5362 1646868286.000   1646868286.000    6.30000e+02     -90.00      45.00   2.23500e+02   2.98500e+02      975.1        6.2  -8.45100e+01   1.81200e-01     1           5.21500e+02   7.83100e+00  
     2022         3         9        23        27        46         13       7100       5362 1646868466.000   1646868466.000    6.30000e+02       0.00      90.00   2.23500e+02   2.98500e+02      970.3        8.3           nan           nan     1           3.01210e+02   6.00000e+00  
     2022         3         9        23        30        10         14       7100       5362 1646868610.000   1646868610.000    6.30000e+02       0.00      45.00   2.23500e+02   2.98500e+02      967.3        6.3   8.63000e+00   1.90000e-02     1           5.05990e+02   7.70300e+00  
     2022         3         9        23        32        34         15       7100       5362 1646868754.000   1646868754.000    6.30000e+02      90.00      45.00   2.23500e+02   2.98500e+02      939.6        8.0   8.97200e+01   2.24700e-01     1           3.01820e+02   6.01200e+00  
     2022         3         9        23        34        58         16       7100       5362 1646868898.000   1646868898.000    6.30000e+02     180.00      45.00   2.23500e+02   2.98500e+02      957.8        8.4   1.08800e+01   2.80000e-02     1           2.83070e+02   5.79900e+00  
     2022         3         9        23        37        22         17       7100       5362 1646869042.000   1646869042.000    6.30000e+02     -90.00      45.00   2.23500e+02   2.98500e+02      970.6        6.7  -9.32200e+01   2.16800e-01     1           4.60060e+02   7.43300e+00  
     2022         3         9        23        43        22         18       7100       5362 1646869402.000   1646869402.000    6.30000e+02       0.00      90.00   2.23500e+02   2.98500e+02      948.3        9.0           nan           nan     0           2.49360e+02   5.49000e+00  
     2022         3         9        23        45        46         19       7100       5362 1646869546.000   1646869546.000    6.30000e+02       0.00      45.00   2.23500e+02   2.98500e+02      946.2        6.8   2.57700e+01   6.34000e-02     1           4.14970e+02   7.02400e+00  
     2022         3         9        23        48        10         20       7100       5362 1646869690.000   1646869690.000    6.30000e+02      90.00      45.00   2.23500e+02   2.98500e+02      945.6        9.2   9.76000e+01   2.80600e-01     0           2.36700e+02   5.36500e+00  
     2022         3         9        23        51        10         21       7100       5362 1646869870.000   1646869870.000    6.30000e+02     180.00      45.00   2.23500e+02   2.98500e+02      959.1       10.3  -2.20000e+00   6.70000e-03     0           2.04440e+02   5.04500e+00  
     2022         3         9        23        53        34         22       7100       5362 1646870014.000   1646870014.000    6.30000e+02     -90.00      45.00   2.23500e+02   2.98500e+02      961.1        7.6  -7.92800e+01   2.12200e-01     1           3.66410e+02   6.68400e+00  
     2022         3         9        23        55        58         23       7100       5362 1646870158.000   1646870158.000    6.30000e+02       0.00      90.00   2.23500e+02   2.98500e+02      953.9       10.4           nan           nan     0           1.95860e+02   4.94300e+00  
     2022         3         9        23        58        22         24       7100       5362 1646870302.000   1646870302.000    6.30000e+02       0.00      45.00   2.23500e+02   2.98500e+02      955.3        7.6   3.56400e+01   9.95000e-02     1           3.48260e+02   6.47400e+00  
     2022         3        10         0         0        46         25       7100       5362 1646870446.000   1646870446.000    6.30000e+02      90.00      45.00   2.30500e+02   3.05500e+02      940.7       10.6   9.31800e+01   3.11600e-01     0           1.83930e+02   4.78500e+00  
     2022         3        10         0         3        10         26       7100       5362 1646870590.000   1646870590.000    6.30000e+02     180.00      45.00   2.30500e+02   3.05500e+02      946.0       11.7  -2.08000e+01   7.37000e-02     0           1.61350e+02   4.54700e+00  
     2022         3        10         0         5        34         27       7100       5362 1646870734.000   1646870734.000    6.30000e+02     -90.00      45.00   2.30500e+02   3.05500e+02      964.2        8.7  -7.51300e+01   2.34300e-01     1           2.94660e+02   6.10700e+00  
     2022         3        10         0        12        10         28       7100       5362 1646871130.000   1646871130.000    6.30000e+02       0.00      90.00   2.30500e+02   3.05500e+02      948.8       12.6           nan           nan     0           1.44280e+02   4.34500e+00  
     2022         3        10         0        14        34         29       7100       5362 1646871274.000   1646871274.000    6.30000e+02       0.00      45.00   2.30500e+02   3.05500e+02      934.9        8.8   4.39000e+01   1.46100e-01     0           2.62190e+02   5.70500e+00  
     2022         3        10         0        16        58         30       7100       5362 1646871418.000   1646871418.000    6.30000e+02      90.00      45.00   2.30500e+02   3.05500e+02      925.5       12.8   1.01630e+02   4.08400e-01     0           1.36630e+02   4.27500e+00  
     2022         3        10         0        19        22         31       7100       5362 1646871562.000   1646871562.000    6.30000e+02     180.00      45.00   2.30500e+02   3.05500e+02      923.5       13.3  -2.46400e+01   1.01300e-01     0           1.25960e+02   4.09400e+00  
     2022         3        10         0        21        46         32       7100       5362 1646871706.000   1646871706.000    6.30000e+02     -90.00      45.00   2.30500e+02   3.05500e+02      953.1        9.5  -7.66900e+01   2.69500e-01     1           2.46270e+02   5.62400e+00  
     2022         3        10         0        24        46         33       7100       5362 1646871886.000   1646871886.000    6.30000e+02       0.00      90.00   2.30500e+02   3.05500e+02      935.8       13.4           nan           nan     0           1.24120e+02   4.04100e+00  
     2022         3        10         0        27        10         34       7100       5362 1646872030.000   1646872030.000    6.30000e+02       0.00      45.00   2.30500e+02   3.05500e+02      926.0        9.8   5.78000e+01   2.12400e-01     0           2.20970e+02   5.31900e+00  
     2022         3        10         0        29        34         35       7100       5362 1646872174.000   1646872174.000    6.30000e+02      90.00      45.00   2.30500e+02   3.05500e+02      937.1       13.8   9.61800e+01   4.19400e-01     0           1.18680e+02   3.96500e+00  
     2022         3        10         0        31        58         36       7100       5362 1646872318.000   1646872318.000    6.30000e+02     180.00      45.00   2.30500e+02   3.05500e+02      903.1       14.3  -3.01400e+01   1.37500e-01     0           1.06780e+02   3.80200e+00  
     2022         3        10         0        34        22         37       7100       5362 1646872462.000   1646872462.000    6.30000e+02     -90.00      45.00   2.30500e+02   3.05500e+02      939.5        9.9  -8.49700e+01   3.28100e-01     0           2.19230e+02   5.29800e+00  
     2022         3        10         0        40        58         38       7100       5362 1646872858.000   1646872858.000    6.30000e+02       0.00      90.00   2.30500e+02   3.05500e+02      918.2       15.4           nan           nan     0           9.60300e+01   3.62400e+00  
     2022         3        10         0        43        22         39       7100       5362 1646873002.000   1646873002.000    6.30000e+02       0.00      45.00   2.30500e+02   3.05500e+02      920.2       10.7   7.69000e+01   3.22000e-01     0           1.82210e+02   4.83400e+00  
     2022         3        10         0        45        46         40       7100       5362 1646873146.000   1646873146.000    6.30000e+02      90.00      45.00   2.30500e+02   3.05500e+02      911.4       15.2   1.00880e+02   5.05400e-01     0           9.95700e+01   3.71600e+00  
     2022         3        10         0        48        10         41       7100       5362 1646873290.000   1646873290.000    6.30000e+02     180.00      45.00   2.30500e+02   3.05500e+02      940.8       16.5  -4.64600e+01   2.41800e-01     0           9.22000e+01   3.60800e+00  
     2022         3        10         0        50        34         42       7100       5362 1646873434.000   1646873434.000    6.30000e+02     -90.00      45.00   2.30500e+02   3.05500e+02      920.8       10.9  -7.60500e+01   3.29300e-01     0           1.80540e+02   4.85600e+00  
     2022         3        10         0        52        58         43       7100       5362 1646873578.000   1646873578.000    6.30000e+02       0.00      90.00   2.30500e+02   3.05500e+02      930.7       16.8           nan           nan     0           8.58900e+01   3.46600e+00  
     2022         3        10         0        55        22         44       7100       5362 1646873722.000   1646873722.000    6.30000e+02       0.00      45.00   2.30500e+02   3.05500e+02      939.8       11.9   7.53400e+01   3.44700e-01     0           1.58690e+02   4.56900e+00  
     2022         3        10         0        58        22         45       7100       5362 1646873902.000   1646873902.000    6.30000e+02      90.00      45.00   2.30500e+02   3.05500e+02      909.5       15.7   1.05250e+02   5.53400e-01     0           9.57000e+01   3.67600e+00  
     2022         3        10         1         0        46         46       7100       5362 1646874046.000   1646874046.000    6.30000e+02     180.00      45.00   2.38500e+02   3.13500e+02      925.4       16.9  -4.12500e+01   2.24400e-01     0           8.61900e+01   3.49400e+00  
     2022         3        10         1         3        10         47       7100       5362 1646874190.000   1646874190.000    6.30000e+02     -90.00      45.00   2.38500e+02   3.13500e+02      943.5       12.1  -8.59200e+01   3.98500e-01     0           1.57790e+02   4.58300e+00  
     2022         3        10         1         9        10         48       7100       5362 1646874550.000   1646874550.000    6.30000e+02       0.00      90.00   2.38500e+02   3.13500e+02      916.8       17.8           nan           nan     0           7.70900e+01   3.32000e+00  
     2022         3        10         1        11        34         49       7100       5362 1646874694.000   1646874694.000    6.30000e+02       0.00      45.00   2.38500e+02   3.13500e+02      937.4       12.9   8.22600e+01   4.00800e-01     0           1.39370e+02   4.33200e+00  
     2022         3        10         1        13        58         50       7100       5362 1646874838.000   1646874838.000    6.30000e+02      90.00      45.00   2.38500e+02   3.13500e+02      880.1       15.3   1.14600e+02   6.15500e-01     0           9.21500e+01   3.58300e+00  
     2022         3        10         1        16        22         51       7100       5362 1646874982.000   1646874982.000    6.30000e+02     180.00      45.00   2.38500e+02   3.13500e+02      913.5       17.3  -4.69400e+01   2.63600e-01     0           8.22900e+01   3.44900e+00  
     2022         3        10         1        18        46         52       7100       5362 1646875126.000   1646875126.000    6.30000e+02     -90.00      45.00   2.38500e+02   3.13500e+02      928.6       13.3  -8.42900e+01   4.18800e-01     0           1.33740e+02   4.29200e+00  
     2022         3        10         1        21        46         53       7100       5362 1646875306.000   1646875306.000    6.30000e+02       0.00      90.00   2.38500e+02   3.13500e+02      901.2       17.8           nan           nan     0           7.53700e+01   3.29500e+00  
     2022         3        10         1        24        10         54       7100       5362 1646875450.000   1646875450.000    6.30000e+02       0.00      45.00   2.38500e+02   3.13500e+02      934.7       12.9   7.35200e+01   3.56900e-01     0           1.38980e+02   4.31400e+00  
     2022         3        10         1        26        34         55       7100       5362 1646875594.000   1646875594.000    6.30000e+02      90.00      45.00   2.38500e+02   3.13500e+02      890.0       15.2   1.18850e+02   6.27900e-01     0           9.45000e+01   3.61000e+00  
     2022         3        10         1        28        58         56       7100       5362 1646875738.000   1646875738.000    6.30000e+02     180.00      45.00   2.38500e+02   3.13500e+02      957.8       17.4  -5.93000e+01   3.21000e-01     0           8.65700e+01   3.49900e+00  
     2022         3        10         1        31        22         57       7100       5362 1646875882.000   1646875882.000    6.30000e+02     -90.00      45.00   2.38500e+02   3.13500e+02      945.6       13.9  -8.89700e+01   4.39200e-01     0           1.27890e+02   4.21400e+00  
     2022         3        10         1        37        58         58       7100       5362 1646876278.000   1646876278.000    6.30000e+02       0.00      90.00   2.38500e+02   3.13500e+02      891.9       16.3           nan           nan     0           8.26400e+01   3.38000e+00  
     2022         3        10         1        40        22         59       7100       5362 1646876422.000   1646876422.000    6.30000e+02       0.00      45.00   2.38500e+02   3.13500e+02      899.6       11.3   7.32600e+01   3.24400e-01     0           1.59060e+02   4.53800e+00  
     2022         3        10         1        42        46         60       7100       5362 1646876566.000   1646876566.000    6.30000e+02      90.00      45.00   2.38500e+02   3.13500e+02      879.4       14.3   1.02400e+02   5.06900e-01     0           9.83800e+01   3.62100e+00  
     2022         3        10         1        45        10         61       7100       5362 1646876710.000   1646876710.000    6.30000e+02     180.00      45.00   2.38500e+02   3.13500e+02      891.2       15.4  -4.50000e+01   2.27200e-01     0           9.16700e+01   3.55700e+00  
     2022         3        10         1        47        34         62       7100       5362 1646876854.000   1646876854.000    6.30000e+02     -90.00      45.00   2.38500e+02   3.13500e+02      923.1       12.3  -9.14700e+01   4.08900e-01     0           1.43480e+02   4.35100e+00  
     2022         3        10         1        49        58         63       7100       5362 1646876998.000   1646876998.000    6.30000e+02       0.00      90.00   2.38500e+02   3.13500e+02      897.5       15.4           nan           nan     0           9.15500e+01   3.53400e+00  
     2022         3        10         1        52        22         64       7100       5362 1646877142.000   1646877142.000    6.30000e+02       0.00      45.00   2.38500e+02   3.13500e+02      888.4       10.2   6.60400e+01   2.70700e-01     0           1.79500e+02   4.74300e+00  
     2022         3        10         1        55        22         65       7100       5362 1646877322.000   1646877322.000    6.30000e+02      90.00      45.00   2.38500e+02   3.13500e+02      883.9       13.7   9.89400e+01   4.61300e-01     0           1.05410e+02   3.71300e+00  
     2022         3        10         1        57        46         66       7100       5362 1646877466.000   1646877466.000    6.30000e+02     180.00      45.00   2.38500e+02   3.13500e+02      882.0       14.8  -5.07700e+01   2.42900e-01     0           9.75700e+01   3.67200e+00  
     2022         3        10         2         0        10         67       7100       5362 1646877610.000   1646877610.000    6.30000e+02     -90.00      45.00   2.43500e+02   3.18500e+02      902.8       10.9  -9.83300e+01   4.00700e-01     0           1.69650e+02   4.68700e+00  
     2022         3        10         2         6        10         68       7100       5362 1646877970.000   1646877970.000    6.30000e+02       0.00      90.00   2.43500e+02   3.18500e+02      885.2       13.9           nan           nan     0           1.03990e+02   3.70300e+00  
     2022         3        10         2         8        34         69       7100       5362 1646878114.000   1646878114.000    6.30000e+02       0.00      45.00   2.43500e+02   3.18500e+02      879.4        9.2   7.22100e+01   2.67800e-01     0           2.09860e+02   5.08000e+00  
     2022         3        10         2        10        58         70       7100       5362 1646878258.000   1646878258.000    6.30000e+02      90.00      45.00   2.43500e+02   3.18500e+02      883.9       12.9   1.00970e+02   4.32200e-01     0           1.17590e+02   3.91100e+00  
     2022         3        10         2        13        22         71       7100       5362 1646878402.000   1646878402.000    6.30000e+02     180.00      45.00   2.43500e+02   3.18500e+02      872.2       13.6  -4.86000e+01   2.12500e-01     0           1.06800e+02   3.77300e+00  
     2022         3        10         2        15        46         72       7100       5362 1646878546.000   1646878546.000    6.30000e+02     -90.00      45.00   2.43500e+02   3.18500e+02      882.3        9.5  -1.03890e+02   3.77300e-01     0           2.02280e+02   5.02000e+00  
     2022         3        10         2        18        46         73       7100       5362 1646878726.000   1646878726.000    6.30000e+02       0.00      90.00   2.43500e+02   3.18500e+02      880.0       12.9           nan           nan     0           1.15040e+02   3.84500e+00  
     2022         3        10         2        21        10         74       7100       5362 1646878870.000   1646878870.000    6.30000e+02       0.00      45.00   2.43500e+02   3.18500e+02      881.9        8.8   7.17200e+01   2.49500e-01     0           2.24080e+02   5.20200e+00  
     2022         3        10         2        23        34         75       7100       5362 1646879014.000   1646879014.000    6.30000e+02      90.00      45.00   2.43500e+02   3.18500e+02      881.3       12.2   9.80900e+01   3.93300e-01     0           1.27710e+02   4.04000e+00  
     2022         3        10         2        25        58         76       7100       5362 1646879158.000   1646879158.000    6.30000e+02     180.00      45.00   2.43500e+02   3.18500e+02      871.3       13.2  -5.67500e+01   2.36800e-01     0           1.13850e+02   3.90300e+00  
     2022         3        10         2        28        22         77       7100       5362 1646879302.000   1646879302.000    6.30000e+02     -90.00      45.00   2.43500e+02   3.18500e+02      892.4        9.1  -1.06900e+02   3.65900e-01     0           2.17370e+02   5.15600e+00  
     2022         3        10         2        34        22         78       7100       5362 1646879662.000   1646879662.000    6.30000e+02       0.00      90.00   2.43500e+02   3.18500e+02      875.4       11.9           nan           nan     0           1.27810e+02   3.99600e+00  
     2022         3        10         2        36        46         79       7100       5362 1646879806.000   1646879806.000    6.30000e+02       0.00      45.00   2.43500e+02   3.18500e+02      879.5        8.1   6.88200e+01   2.21400e-01     1           2.55910e+02   5.52300e+00  
     2022         3        10         2        39        10         80       7100       5362 1646879950.000   1646879950.000    6.30000e+02      90.00      45.00   2.43500e+02   3.18500e+02      874.2       12.0   9.71500e+01   3.72700e-01     0           1.27770e+02   4.02900e+00  
     2022         3        10         2        42        10         81       7100       5362 1646880130.000   1646880130.000    6.30000e+02     180.00      45.00   2.43500e+02   3.18500e+02      878.0       12.0  -5.23600e+01   1.98500e-01     0           1.30590e+02   4.09200e+00  
     2022         3        10         2        44        34         82       7100       5362 1646880274.000   1646880274.000    6.30000e+02     -90.00      45.00   2.43500e+02   3.18500e+02      879.5        8.3  -1.09120e+02   3.46000e-01     1           2.48850e+02   5.47300e+00  
     2022         3        10         2        46        58         83       7100       5362 1646880418.000   1646880418.000    6.30000e+02       0.00      90.00   2.43500e+02   3.18500e+02      881.7       11.2           nan           nan     0           1.43860e+02   4.22900e+00  
     2022         3        10         2        49        22         84       7100       5362 1646880562.000   1646880562.000    6.30000e+02       0.00      45.00   2.43500e+02   3.18500e+02      873.8        7.6   7.04900e+01   2.13500e-01     1           2.85070e+02   5.79100e+00  
     2022         3        10         2        51        46         85       7100       5362 1646880706.000   1646880706.000    6.30000e+02      90.00      45.00   2.43500e+02   3.18500e+02      869.3       11.8   9.13700e+01   3.41900e-01     0           1.29980e+02   4.04600e+00  
     2022         3        10         2        54        10         86       7100       5362 1646880850.000   1646880850.000    6.30000e+02     180.00      45.00   2.43500e+02   3.18500e+02      878.9       12.0  -4.90600e+01   1.83600e-01     0           1.35410e+02   4.20800e+00  
     2022         3        10         2        56        34         87       7100       5362 1646880994.000   1646880994.000    6.30000e+02     -90.00      45.00   2.43500e+02   3.18500e+02      876.9        8.0  -8.24400e+01   2.54400e-01     1           2.67230e+02   5.68400e+00  
     2022         3        10         3         2        34         88       7100       5362 1646881354.000   1646881354.000    6.30000e+02       0.00      90.00   2.45500e+02   3.20500e+02      869.2       10.9           nan           nan     0           1.46930e+02   4.26700e+00  
     2022         3        10         3         4        58         89       7100       5362 1646881498.000   1646881498.000    6.30000e+02       0.00      45.00   2.45500e+02   3.20500e+02      867.6        7.5   7.37900e+01   2.25300e-01     1           2.80630e+02   5.73200e+00  
     2022         3        10         3         7        58         90       7100       5362 1646881678.000   1646881678.000    6.30000e+02      90.00      45.00   2.45500e+02   3.20500e+02      883.9       12.4   6.96100e+01   2.69300e-01     0           1.24040e+02   3.98200e+00  
     2022         3        10         3        10        22         91       7100       5362 1646881822.000   1646881822.000    6.30000e+02     180.00      45.00   2.45500e+02   3.20500e+02      881.9       12.3  -5.49500e+01   2.13000e-01     0           1.28890e+02   4.08800e+00  
     2022         3        10         3        12        46         92       7100       5362 1646881966.000   1646881966.000    6.30000e+02     -90.00      45.00   2.45500e+02   3.20500e+02      878.8        8.4  -8.23300e+01   2.68600e-01     1           2.44100e+02   5.41900e+00  
     2022         3        10         3        15        10         93       7100       5362 1646882110.000   1646882110.000    6.30000e+02       0.00      90.00   2.45500e+02   3.20500e+02      858.6       11.8           nan           nan     0           1.28030e+02   4.02500e+00  
     2022         3        10         3        17        34         94       7100       5362 1646882254.000   1646882254.000    6.30000e+02       0.00      45.00   2.45500e+02   3.20500e+02      879.7        8.0   7.93500e+01   2.60200e-01     1           2.60710e+02   5.54400e+00  
     2022         3        10         3        19        58         95       7100       5362 1646882398.000   1646882398.000    6.30000e+02      90.00      45.00   2.45500e+02   3.20500e+02      873.1       13.8   5.97200e+01   2.56900e-01     0           1.02740e+02   3.69100e+00  
     2022         3        10         3        22        22         96       7100       5362 1646882542.000   1646882542.000    6.30000e+02     180.00      45.00   2.45500e+02   3.20500e+02      882.0       13.6  -5.93600e+01   2.53600e-01     0           1.08670e+02   3.78900e+00  
     2022         3        10         3        25        22         97       7100       5362 1646882722.000   1646882722.000    6.30000e+02     -90.00      45.00   2.45500e+02   3.20500e+02      884.1        9.0  -7.23400e+01   2.56900e-01     0           2.19140e+02   5.18700e+00  
     2022         3        10         3        30        46         98       7100       5362 1646883046.000   1646883046.000    6.30000e+02       0.00      90.00   2.45500e+02   3.20500e+02      891.5       13.5           nan           nan     0           1.09710e+02   3.77500e+00  
     2022         3        10         3        33        46         99       7100       5362 1646883226.000   1646883226.000    6.30000e+02       0.00      45.00   2.45500e+02   3.20500e+02      879.4        9.0   7.10700e+01   2.62900e-01     0           2.11420e+02   5.04700e+00  
     2022         3        10         3        36        10        100       7100       5362 1646883370.000   1646883370.000    6.30000e+02      90.00      45.00   2.45500e+02   3.20500e+02      899.5       16.2   4.66500e+01   2.30200e-01     0           8.62900e+01   3.46800e+00  
     2022         3        10         3        38        34        101       7100       5362 1646883514.000   1646883514.000    6.30000e+02     180.00      45.00   2.45500e+02   3.20500e+02      899.8       16.5  -4.60000e+01   2.29200e-01     0           8.59100e+01   3.50000e+00  
     2022         3        10         3        40        58        102       7100       5362 1646883658.000   1646883658.000    6.30000e+02     -90.00      45.00   2.45500e+02   3.20500e+02      877.1        9.7  -6.07100e+01   2.38800e-01     0           1.89660e+02   4.84700e+00  
     2022         3        10         3        43        22        103       7100       5362 1646883802.000   1646883802.000    6.30000e+02       0.00      90.00   2.45500e+02   3.20500e+02      898.5       14.8           nan           nan     0           9.40100e+01   3.51700e+00  
     2022         3        10         3        45        46        104       7100       5362 1646883946.000   1646883946.000    6.30000e+02       0.00      45.00   2.45500e+02   3.20500e+02      916.1       10.2   6.60300e+01   2.67700e-01     0           1.84160e+02   4.75600e+00  
     2022         3        10         3        48        46        105       7100       5362 1646884126.000   1646884126.000    6.30000e+02      90.00      45.00   2.45500e+02   3.20500e+02      930.0       17.5   4.15200e+01   2.18400e-01     0           7.96400e+01   3.33400e+00  
     2022         3        10         3        51        10        106       7100       5362 1646884270.000   1646884270.000    6.30000e+02     180.00      45.00   2.45500e+02   3.20500e+02      913.6       18.6  -3.98200e+01   2.20000e-01     0           7.35400e+01   3.30200e+00  
     2022         3        10         3        53        34        107       7100       5362 1646884414.000   1646884414.000    6.30000e+02     -90.00      45.00   2.45500e+02   3.20500e+02      911.9       10.7  -4.32500e+01   1.83800e-01     0           1.76060e+02   4.73700e+00  
     2022         3        10         3        59        34        108       7100       5362 1646884774.000   1646884774.000    6.30000e+02       0.00      90.00   2.44500e+02   3.19500e+02      910.9       16.2           nan           nan     0           8.48500e+01   3.40200e+00  
     2022         3        10         4         1        58        109       7100       5362 1646884918.000   1646884918.000    6.30000e+02       0.00      45.00   2.44500e+02   3.19500e+02      910.9       10.4   5.25800e+01   2.26800e-01     0           1.77740e+02   4.69400e+00  
     2022         3        10         4         4        22        110       7100       5362 1646885062.000   1646885062.000    6.30000e+02      90.00      45.00   2.44500e+02   3.19500e+02      925.0       17.8   3.20100e+01   1.76400e-01     0           7.69100e+01   3.29100e+00  
     2022         3        10         4         6        46        111       7100       5362 1646885206.000   1646885206.000    6.30000e+02     180.00      45.00   2.44500e+02   3.19500e+02      931.6       20.4  -2.99200e+01   1.79000e-01     0           6.65300e+01   3.18300e+00  
     2022         3        10         4         9        10        112       7100       5362 1646885350.000   1646885350.000    6.30000e+02     -90.00      45.00   2.44500e+02   3.19500e+02      907.8       10.8  -3.43600e+01   1.51200e-01     0           1.68990e+02   4.61200e+00  
     2022         3        10         4        11        34        113       7100       5362 1646885494.000   1646885494.000    6.30000e+02       0.00      90.00   2.44500e+02   3.19500e+02      914.8       16.5           nan           nan     0           8.19900e+01   3.33600e+00  
     2022         3        10         4        14        34        114       7100       5362 1646885674.000   1646885674.000    6.30000e+02       0.00      45.00   2.44500e+02   3.19500e+02      900.8       10.2   5.25700e+01   2.27500e-01     0           1.81210e+02   4.74500e+00  
     2022         3        10         4        16        58        115       7100       5362 1646885818.000   1646885818.000    6.30000e+02      90.00      45.00   2.44500e+02   3.19500e+02      926.1       18.4   2.51100e+01   1.41800e-01     0           7.39200e+01   3.25300e+00  
     2022         3        10         4        19        22        116       7100       5362 1646885962.000   1646885962.000    6.30000e+02     180.00      45.00   2.44500e+02   3.19500e+02      952.7       21.5  -3.10400e+01   1.90500e-01     0           6.26200e+01   3.08500e+00  
     2022         3        10         4        21        46        117       7100       5362 1646886106.000   1646886106.000    6.30000e+02     -90.00      45.00   2.44500e+02   3.19500e+02      917.3       10.6  -2.62400e+01   1.14200e-01     0           1.77150e+02   4.71400e+00  
     2022         3        10         4        27        46        118       7100       5362 1646886466.000   1646886466.000    6.30000e+02       0.00      90.00   2.44500e+02   3.19500e+02      930.8       16.4           nan           nan     0           8.67600e+01   3.43900e+00  
     2022         3        10         4        30        10        119       7100       5362 1646886610.000   1646886610.000    6.30000e+02       0.00      45.00   2.44500e+02   3.19500e+02      911.3        9.6   4.20200e+01   1.75700e-01     0           2.01140e+02   4.93300e+00  
     2022         3        10         4        32        34        120       7100       5362 1646886754.000   1646886754.000    6.30000e+02      90.00      45.00   2.44500e+02   3.19500e+02      940.2       18.6   1.69600e+01   9.56000e-02     0           7.46500e+01   3.27000e+00  
     2022         3        10         4        34        58        121       7100       5362 1646886898.000   1646886898.000    6.30000e+02     180.00      45.00   2.44500e+02   3.19500e+02      963.4       21.8  -3.30800e+01   2.03300e-01     0           6.35700e+01   3.12900e+00  
     2022         3        10         4        37        58        122       7100       5362 1646887078.000   1646887078.000    6.30000e+02     -90.00      45.00   2.44500e+02   3.19500e+02      917.3       10.2  -2.08900e+01   8.93000e-02     0           1.88550e+02   4.83000e+00  
     2022         3        10         4        40        22        123       7100       5362 1646887222.000   1646887222.000    6.30000e+02       0.00      90.00   2.44500e+02   3.19500e+02      936.1       16.6           nan           nan     0           8.59100e+01   3.42600e+00  
     2022         3        10         4        42        46        124       7100       5362 1646887366.000   1646887366.000    6.30000e+02       0.00      45.00   2.44500e+02   3.19500e+02      925.5        9.6   3.63600e+01   1.52800e-01     0           2.05380e+02   4.98400e+00  
     2022         3        10         4        45        10        125       7100       5362 1646887510.000   1646887510.000    6.30000e+02      90.00      45.00   2.44500e+02   3.19500e+02      955.3       18.7   4.16000e+00   2.35000e-02     0           7.54300e+01   3.28200e+00  
     2022         3        10         4        47        34        126       7100       5362 1646887654.000   1646887654.000    6.30000e+02     180.00      45.00   2.44500e+02   3.19500e+02      961.0       21.2  -4.50200e+01   2.74700e-01     0           6.71700e+01   3.22800e+00  
     2022         3        10         4        49        58        127       7100       5362 1646887798.000   1646887798.000    6.30000e+02     -90.00      45.00   2.44500e+02   3.19500e+02      936.2       10.7  -2.08600e+01   9.15000e-02     0           1.80210e+02   4.75000e+00  
     2022         3        10         4        55        58        128       7100       5362 1646888158.000   1646888158.000    6.30000e+02       0.00      90.00   2.44500e+02   3.19500e+02      933.7       16.9           nan           nan     0           8.27200e+01   3.36300e+00  
     2022         3        10         4        58        22        129       7100       5362 1646888302.000   1646888302.000    6.30000e+02       0.00      45.00   2.44500e+02   3.19500e+02      930.8       10.3   2.82100e+01   1.23800e-01     0           1.86610e+02   4.78100e+00  
     2022         3        10         5         1        22        130       7100       5362 1646888482.000   1646888482.000    6.30000e+02      90.00      45.00   2.42500e+02   3.17500e+02      945.2       18.5  -1.23000e+01   7.08000e-02     0           7.54900e+01   3.28300e+00  
     2022         3        10         5         3        46        131       7100       5362 1646888626.000   1646888626.000    6.30000e+02     180.00      45.00   2.42500e+02   3.17500e+02      924.9       21.0  -2.89100e+01   1.81400e-01     0           6.52700e+01   3.21500e+00  
     2022         3        10         5         6        10        132       7100       5362 1646888770.000   1646888770.000    6.30000e+02     -90.00      45.00   2.42500e+02   3.17500e+02      940.1       11.7  -1.62100e+01   7.55000e-02     0           1.57570e+02   4.49500e+00  
     2022         3        10         5         8        34        133       7100       5362 1646888914.000   1646888914.000    6.30000e+02       0.00      90.00   2.42500e+02   3.17500e+02      922.3       17.3           nan           nan     0           7.80900e+01   3.28000e+00  
     2022         3        10         5        10        58        134       7100       5362 1646889058.000   1646889058.000    6.30000e+02       0.00      45.00   2.42500e+02   3.17500e+02      932.0       10.9   2.52300e+01   1.15200e-01     0           1.71380e+02   4.62200e+00  
     2022         3        10         5        13        22        135       7100       5362 1646889202.000   1646889202.000    6.30000e+02      90.00      45.00   2.42500e+02   3.17500e+02      948.0       18.9  -1.46500e+01   8.56000e-02     0           7.64600e+01   3.35400e+00  
     2022         3        10         5        15        46        136       7100       5362 1646889346.000   1646889346.000    6.30000e+02     180.00      45.00   2.42500e+02   3.17500e+02      978.1       21.4  -2.56900e+01   1.61000e-01     0           6.70700e+01   3.20200e+00  
     2022         3        10         5        18        46        137       7100       5362 1646889526.000   1646889526.000    6.30000e+02     -90.00      45.00   2.42500e+02   3.17500e+02      956.8       12.0  -9.49000e+00   4.52000e-02     0           1.52070e+02   4.38900e+00  
     2022         3        10         5        24        46        138       7100       5362 1646889886.000   1646889886.000    6.30000e+02       0.00      90.00   2.42500e+02   3.17500e+02      937.4       17.9           nan           nan     0           7.87500e+01   3.34300e+00  
     2022         3        10         5        27        10        139       7100       5362 1646890030.000   1646890030.000    6.30000e+02       0.00      45.00   2.42500e+02   3.17500e+02      923.7       11.4   2.59600e+01   1.21600e-01     0           1.55220e+02   4.40100e+00  
     2022         3        10         5        29        34        140       7100       5362 1646890174.000   1646890174.000    6.30000e+02      90.00      45.00   2.42500e+02   3.17500e+02      914.5       17.2  -5.22000e+00   2.95000e-02     0           7.99100e+01   3.34900e+00  
     2022         3        10         5        31        58        141       7100       5362 1646890318.000   1646890318.000    6.30000e+02     180.00      45.00   2.42500e+02   3.17500e+02      945.0       19.4  -8.37000e+00   4.96000e-02     0           7.28000e+01   3.28300e+00  
     2022         3        10         5        34        58        142       7100       5362 1646890498.000   1646890498.000    6.30000e+02     -90.00      45.00   2.42500e+02   3.17500e+02      934.3       11.9   4.85000e+00   2.26000e-02     0           1.50880e+02   4.39800e+00  
     2022         3        10         5        37        22        143       7100       5362 1646890642.000   1646890642.000    6.30000e+02       0.00      90.00   2.42500e+02   3.17500e+02      927.6       16.8           nan           nan     0           8.23400e+01   3.35400e+00  
     2022         3        10         5        39        46        144       7100       5362 1646890786.000   1646890786.000    6.30000e+02       0.00      45.00   2.42500e+02   3.17500e+02      915.5       11.8   3.02700e+01   1.38900e-01     0           1.47190e+02   4.33100e+00  
     2022         3        10         5        42        10        145       7100       5362 1646890930.000   1646890930.000    6.30000e+02      90.00      45.00   2.42500e+02   3.17500e+02      920.8       16.4   1.21200e+01   6.45000e-02     0           8.69300e+01   3.46800e+00  
     2022         3        10         5        44        34        146       7100       5362 1646891074.000   1646891074.000    6.30000e+02     180.00      45.00   2.42500e+02   3.17500e+02      911.9       17.5  -8.03000e+00   4.43000e-02     0           8.23100e+01   3.47900e+00  
     2022         3        10         5        46        58        147       7100       5362 1646891218.000   1646891218.000    6.30000e+02     -90.00      45.00   2.42500e+02   3.17500e+02      919.4       11.2  -2.91000e+00   1.28000e-02     0           1.59570e+02   4.47600e+00  
     2022         3        10         5        52        58        148       7100       5362 1646891578.000   1646891578.000    6.30000e+02       0.00      90.00   2.42500e+02   3.17500e+02      889.3       15.2           nan           nan     0           8.96400e+01   3.46800e+00  
     2022         3        10         5        55        22        149       7100       5362 1646891722.000   1646891722.000    6.30000e+02       0.00      45.00   2.42500e+02   3.17500e+02      894.6       11.3   2.03800e+01   8.89000e-02     0           1.49310e+02   4.34300e+00  
     2022         3        10         5        58        22        150       7100       5362 1646891902.000   1646891902.000    6.30000e+02      90.00      45.00   2.42500e+02   3.17500e+02      881.5       14.9   1.19200e+01   5.94000e-02     0           9.69300e+01   3.66100e+00  
     2022         3        10         6         0        46        151       7100       5362 1646892046.000   1646892046.000    6.30000e+02     180.00      45.00   2.41500e+02   3.16500e+02      889.9       15.5  -1.30300e+01   6.56000e-02     0           9.27100e+01   3.60000e+00  
     2022         3        10         6         3        10        152       7100       5362 1646892190.000   1646892190.000    6.30000e+02     -90.00      45.00   2.41500e+02   3.16500e+02      910.5       10.7   4.22000e+00   1.75000e-02     0           1.70210e+02   4.60800e+00  
     2022         3        10         6         5        34        153       7100       5362 1646892334.000   1646892334.000    6.30000e+02       0.00      90.00   2.41500e+02   3.16500e+02      894.0       14.4           nan           nan     0           9.83700e+01   3.59500e+00  
     2022         3        10         6         7        58        154       7100       5362 1646892478.000   1646892478.000    6.30000e+02       0.00      45.00   2.41500e+02   3.16500e+02      878.6       11.0   1.56600e+01   6.56000e-02     0           1.50120e+02   4.34000e+00  
     2022         3        10         6        10        22        155       7100       5362 1646892622.000   1646892622.000    6.30000e+02      90.00      45.00   2.41500e+02   3.16500e+02      888.7       14.0   1.49400e+01   6.95000e-02     0           1.07050e+02   3.79400e+00  
     2022         3        10         6        12        46        156       7100       5362 1646892766.000   1646892766.000    6.30000e+02     180.00      45.00   2.41500e+02   3.16500e+02      900.5       14.4  -3.11000e+00   1.46000e-02     0           1.05250e+02   3.78500e+00  
     2022         3        10         6        15        46        157       7100       5362 1646892946.000   1646892946.000    6.30000e+02     -90.00      45.00   2.41500e+02   3.16500e+02      897.2       10.4   5.30000e+00   2.12000e-02     0           1.77800e+02   4.74000e+00  
     2022         3        10         6        21        46        158       7100       5362 1646893306.000   1646893306.000    6.30000e+02       0.00      90.00   2.41500e+02   3.16500e+02      874.7       13.3           nan           nan     0           1.06730e+02   3.71700e+00  
     2022         3        10         6        24        10        159       7100       5362 1646893450.000   1646893450.000    6.30000e+02       0.00      45.00   2.41500e+02   3.16500e+02      856.7       11.0   1.45100e+01   5.98000e-02     0           1.43790e+02   4.24200e+00  
     2022         3        10         6        26        34        160       7100       5362 1646893594.000   1646893594.000    6.30000e+02      90.00      45.00   2.41500e+02   3.16500e+02      863.5       13.3   2.35200e+01   1.07100e-01     0           1.10670e+02   3.84900e+00  
     2022         3        10         6        28        58        161       7100       5362 1646893738.000   1646893738.000    6.30000e+02     180.00      45.00   2.41500e+02   3.16500e+02      898.2       13.6   2.69900e+01   1.23300e-01     0           1.14240e+02   3.90500e+00  
     2022         3        10         6        31        22        162       7100       5362 1646893882.000   1646893882.000    6.30000e+02     -90.00      45.00   2.41500e+02   3.16500e+02      881.1       10.5  -1.72200e+01   7.09000e-02     0           1.65410e+02   4.54400e+00  
     2022         3        10         6        33        46        163       7100       5362 1646894026.000   1646894026.000    6.30000e+02       0.00      90.00   2.41500e+02   3.16500e+02      901.2       14.6           nan           nan     0           9.60200e+01   3.54800e+00  
     2022         3        10         6        36        10        164       7100       5362 1646894170.000   1646894170.000    6.30000e+02       0.00      45.00   2.41500e+02   3.16500e+02      872.0       12.3   7.00000e-02   3.00000e-04     0           1.25230e+02   4.03000e+00  
     2022         3        10         6        39        10        165       7100       5362 1646894350.000   1646894350.000    6.30000e+02      90.00      45.00   2.41500e+02   3.16500e+02      863.5       14.9   1.77000e+00   9.10000e-03     0           9.31500e+01   3.59600e+00  
     2022         3        10         6        41        34        166       7100       5362 1646894494.000   1646894494.000    6.30000e+02     180.00      45.00   2.41500e+02   3.16500e+02      875.5       14.6  -7.00000e+00   3.57000e-02     0           9.58000e+01   3.60700e+00  
     2022         3        10         6        43        58        167       7100       5362 1646894638.000   1646894638.000    6.30000e+02     -90.00      45.00   2.41500e+02   3.16500e+02      887.1       12.0  -1.71700e+01   8.12000e-02     0           1.34230e+02   4.15500e+00  
     2022         3        10         6        49        58        168       7100       5362 1646894998.000   1646894998.000    6.30000e+02       0.00      90.00   2.41500e+02   3.16500e+02      843.8       17.0           nan           nan     0           6.89300e+01   3.10800e+00  
     2022         3        10         6        52        22        169       7100       5362 1646895142.000   1646895142.000    6.30000e+02       0.00      45.00   2.41500e+02   3.16500e+02      854.8       14.9   1.05800e+01   5.96000e-02     0           8.91400e+01   3.49100e+00  
     2022         3        10         6        55        22        170       7100       5362 1646895322.000   1646895322.000    6.30000e+02      90.00      45.00   2.41500e+02   3.16500e+02      850.9       17.8   2.43500e+01   1.52900e-01     0           7.02400e+01   3.23300e+00  
     2022         3        10         6        57        46        171       7100       5362 1646895466.000   1646895466.000    6.30000e+02     180.00      45.00   2.41500e+02   3.16500e+02      880.8       17.9   5.84000e+00   3.73000e-02     0           7.31100e+01   3.28000e+00  
     2022         3        10         7         0        10        172       7100       5362 1646895610.000   1646895610.000    6.30000e+02     -90.00      45.00   2.39500e+02   3.14500e+02      869.4       15.0  -1.00800e+01   6.01000e-02     0           9.27600e+01   3.58200e+00  
     2022         3        10         7         2        34        173       7100       5362 1646895754.000   1646895754.000    6.30000e+02       0.00      90.00   2.39500e+02   3.14500e+02      874.9       21.0           nan           nan     0           5.27500e+01   2.79200e+00  
     2022         3        10         7         4        58        174       7100       5362 1646895898.000   1646895898.000    6.30000e+02       0.00      45.00   2.39500e+02   3.14500e+02      842.6       17.1   3.63700e+01   2.43500e-01     0           7.02500e+01   3.17400e+00  
     2022         3        10         7         7        22        175       7100       5362 1646896042.000   1646896042.000    6.30000e+02      90.00      45.00   2.39500e+02   3.14500e+02      862.0       21.3   2.66300e+01   2.01200e-01     0           5.38400e+01   2.90100e+00  
     2022         3        10         7         9        46        176       7100       5362 1646896186.000   1646896186.000    6.30000e+02     180.00      45.00   2.39500e+02   3.14500e+02      852.6       20.4  -1.49500e+01   1.13200e-01     0           5.77500e+01   3.00300e+00  
     2022         3        10         7        12        46        177       7100       5362 1646896366.000   1646896366.000    6.30000e+02     -90.00      45.00   2.39500e+02   3.14500e+02      885.1       18.1  -1.82300e+01   1.31700e-01     0           7.35300e+01   3.30300e+00  
     2022         3        10         7        18        46        178       7100       5362 1646896726.000   1646896726.000    6.30000e+02       0.00      90.00   2.39500e+02   3.14500e+02      866.3       26.6           nan           nan     0           3.86400e+01   2.54400e+00  
     2022         3        10         7        21        10        179       7100       5362 1646896870.000   1646896870.000    6.30000e+02       0.00      45.00   2.39500e+02   3.14500e+02      872.1       19.9   4.14800e+01   3.36400e-01     0           5.96200e+01   2.99200e+00  
     2022         3        10         7        23        34        180       7100       5362 1646897014.000   1646897014.000    6.30000e+02      90.00      45.00   2.39500e+02   3.14500e+02      891.0       26.8   3.39300e+01   3.21900e-01     0           4.26800e+01   2.73100e+00  
     2022         3        10         7        25        58        181       7100       5362 1646897158.000   1646897158.000    6.30000e+02     180.00      45.00   2.39500e+02   3.14500e+02      876.1       25.6  -3.03400e+01   2.84000e-01     0           4.40300e+01   2.74400e+00  
     2022         3        10         7        28        58        182       7100       5362 1646897338.000   1646897338.000    6.30000e+02     -90.00      45.00   2.39500e+02   3.14500e+02      872.1       20.4  -2.98200e+01   2.56800e-01     0           6.09100e+01   3.09700e+00  
     2022         3        10         7        31        22        183       7100       5362 1646897482.000   1646897482.000    6.30000e+02       0.00      90.00   2.39500e+02   3.14500e+02      867.0       29.8           nan           nan     0           3.31700e+01   2.42100e+00  
     2022         3        10         7        33        46        184       7100       5362 1646897626.000   1646897626.000    6.30000e+02       0.00      45.00   2.39500e+02   3.14500e+02      878.3       21.7   3.58900e+01   3.20300e-01     0           5.43700e+01   2.91600e+00  
     2022         3        10         7        36        10        185       7100       5362 1646897770.000   1646897770.000    6.30000e+02      90.00      45.00   2.39500e+02   3.14500e+02      854.6       28.0   2.83300e+01   2.87400e-01     0           3.87300e+01   2.66800e+00  
     2022         3        10         7        38        34        186       7100       5362 1646897914.000   1646897914.000    6.30000e+02     180.00      45.00   2.39500e+02   3.14500e+02      916.2       27.6  -2.74400e+01   2.72100e-01     0           4.12200e+01   2.65300e+00  
     2022         3        10         7        40        58        187       7100       5362 1646898058.000   1646898058.000    6.30000e+02     -90.00      45.00   2.39500e+02   3.14500e+02      908.0       22.1  -2.06100e+01   1.84700e-01     0           5.78400e+01   3.04000e+00  
     2022         3        10         7        46        58        188       7100       5362 1646898418.000   1646898418.000    6.30000e+02       0.00      90.00   2.39500e+02   3.14500e+02      842.8       28.9           nan           nan     0           3.21800e+01   2.35700e+00  
     2022         3        10         7        49        22        189       7100       5362 1646898562.000   1646898562.000    6.30000e+02       0.00      45.00   2.39500e+02   3.14500e+02      866.0       21.5   3.53900e+01   3.11600e-01     0           5.36200e+01   2.89200e+00  
     2022         3        10         7        52        22        190       7100       5362 1646898742.000   1646898742.000    6.30000e+02      90.00      45.00   2.39500e+02   3.14500e+02      910.0       24.2   4.01900e+01   3.67700e-01     0           5.07700e+01   2.89800e+00  
     2022         3        10         7        54        46        191       7100       5362 1646898886.000   1646898886.000    6.30000e+02     180.00      45.00   2.39500e+02   3.14500e+02      886.4       25.2  -1.81700e+01   1.69300e-01     0           4.68600e+01   2.83600e+00  
     2022         3        10         7        57        10        192       7100       5362 1646899030.000   1646899030.000    6.30000e+02     -90.00      45.00   2.39500e+02   3.14500e+02      906.0       21.9  -3.43100e+01   2.94400e-01     0           5.88600e+01   3.07800e+00  
     2022         3        10         7        59        34        193       7100       5362 1646899174.000   1646899174.000    6.30000e+02       0.00      90.00   2.37500e+02   3.12500e+02      853.4       26.7           nan           nan     0           3.90100e+01   2.59900e+00  
     2022         3        10         8         1        58        194       7100       5362 1646899318.000   1646899318.000    6.30000e+02       0.00      45.00   2.37500e+02   3.12500e+02      859.0       20.4   1.88500e+01   1.57700e-01     0           6.39600e+01   3.25800e+00  
     2022         3        10         8         4        22        195       7100       5362 1646899462.000   1646899462.000    6.30000e+02      90.00      45.00   2.37500e+02   3.12500e+02      880.5       17.6   1.86000e+01   1.45400e-01     1           9.96000e+01   4.21200e+00  
     2022         3        10         8         6        46        196       7100       5362 1646899606.000   1646899606.000    6.30000e+02     180.00      45.00   2.37500e+02   3.12500e+02      911.2       23.1  -1.70000e+00   1.50000e-02     1           7.69500e+01   4.01200e+00  
     2022         3        10         8         9        10        197       7100       5362 1646899750.000   1646899750.000    6.30000e+02     -90.00      45.00   2.37500e+02   3.12500e+02      944.2       25.6  -3.76500e+01   3.45400e-01     1           7.27700e+01   4.02200e+00  
     2022         3        10         8        15        10        198       7100       5362 1646900110.000   1646900110.000    6.30000e+02       0.00      90.00   2.37500e+02   3.12500e+02      974.2       27.0           nan           nan     2           9.65500e+01   5.28700e+00  
