   YEAR     MONTH      DAY       HOUR      MIN       SEC       RECNO     KINDAT      KINST       UT1_UNIX        UT2_UNIX        WAVLEN        AZM        ELM         ALTB          ALTE         TN         DTN        VNHLU         DVNHLU     FPI_DATAQUAL      RLE           DRLE     
     2022         3        28        21        39        46          0       7100       5362 1648503586.000   1648503586.000    6.30000e+02     180.00      45.00   2.12500e+02   2.87500e+02     1299.1       23.0   2.13000e+01   1.06200e-01     2           2.59820e+02   8.94500e+00  
     2022         3        28        21        42        10          1       7100       5362 1648503730.000   1648503730.000    6.30000e+02     -90.00      45.00   2.12500e+02   2.87500e+02     1228.1       18.8   1.99000e+00   9.00000e-03     2           2.80630e+02   8.54300e+00  
     2022         3        28        21        46        58          2       7100       5362 1648504018.000   1648504018.000    6.30000e+02       0.00      45.00   2.12500e+02   2.87500e+02     1135.8       14.3  -5.73000e+00   2.23000e-02     2           2.88850e+02   7.53500e+00  
     2022         3        28        21        54        10          3       7100       5362 1648504450.000   1648504450.000    6.30000e+02     -90.00      45.00   2.12500e+02   2.87500e+02     1096.0       11.7  -7.09000e+00   2.47000e-02     1           2.92190e+02   6.74100e+00  
     2022         3        28        22         0        46          4       7100       5362 1648504846.000   1648504846.000    6.30000e+02       0.00      90.00   2.22500e+02   2.97500e+02     1090.1       13.4           nan           nan     1           2.10690e+02   5.64000e+00  
     2022         3        28        22         3        10          5       7100       5362 1648504990.000   1648504990.000    6.30000e+02       0.00      45.00   2.22500e+02   2.97500e+02     1087.6       17.5  -5.73000e+00   2.50000e-02     1           1.57540e+02   5.32800e+00  
     2022         3        28        22         5        34          6       7100       5362 1648505134.000   1648505134.000    6.30000e+02      90.00      45.00   2.22500e+02   2.97500e+02     1087.7       13.3   1.78100e+01   6.56000e-02     1           2.13110e+02   5.67200e+00  
     2022         3        28        22        12        46          7       7100       5362 1648505566.000   1648505566.000    6.30000e+02       0.00      90.00   2.22500e+02   2.97500e+02     1102.3       12.9           nan           nan     1           2.50700e+02   6.31700e+00  
     2022         3        28        22        31        22          8       7100       5362 1648506682.000   1648506682.000    6.30000e+02       0.00      45.00   2.22500e+02   2.97500e+02     1081.2       19.9   7.29000e+00   3.59000e-02     1           1.41950e+02   5.37400e+00  
     2022         3        28        22        33        46          9       7100       5362 1648506826.000   1648506826.000    6.30000e+02      90.00      45.00   2.22500e+02   2.97500e+02     1083.9       21.1   2.92000e+01   1.46900e-01     1           1.09780e+02   4.47500e+00  
     2022         3        28        22        41        34         10       7100       5362 1648507294.000   1648507294.000    6.30000e+02       0.00      90.00   2.22500e+02   2.97500e+02     1068.9       14.3           nan           nan     1           2.01600e+02   5.75700e+00  
     2022         3        28        22        43        58         11       7100       5362 1648507438.000   1648507438.000    6.30000e+02       0.00      45.00   2.22500e+02   2.97500e+02     1083.5       18.0   3.09000e+00   1.49000e-02     1           1.62610e+02   5.61500e+00  
     2022         3        28        22        46        22         12       7100       5362 1648507582.000   1648507582.000    6.30000e+02      90.00      45.00   2.22500e+02   2.97500e+02     1047.5       16.7   7.86000e+00   3.75000e-02     1           1.43450e+02   4.88800e+00  
     2022         3        28        22        51        10         13       7100       5362 1648507870.000   1648507870.000    6.30000e+02     -90.00      45.00   2.22500e+02   2.97500e+02     1084.5       18.0   8.42000e+00   4.45000e-02     1           1.80800e+02   6.16200e+00  
     2022         3        28        22        57        10         14       7100       5362 1648508230.000   1648508230.000    6.30000e+02       0.00      90.00   2.22500e+02   2.97500e+02     1042.6       20.1           nan           nan     1           1.11250e+02   4.50800e+00  
     2022         3        28        22        59        34         15       7100       5362 1648508374.000   1648508374.000    6.30000e+02       0.00      45.00   2.30500e+02   3.05500e+02     1110.4       39.6   2.82300e+01   2.45400e-01     2           5.56600e+01   3.92200e+00  
     2022         3        28        23         2        34         16       7100       5362 1648508554.000   1648508554.000    6.30000e+02      90.00      45.00   2.30500e+02   3.05500e+02     1041.1       24.3   7.75000e+00   4.75000e-02     1           7.91100e+01   3.85300e+00  
     2022         3        28        23         4        58         17       7100       5362 1648508698.000   1648508698.000    6.30000e+02     180.00      45.00   2.30500e+02   3.05500e+02     1055.3       17.4   1.36700e+01   6.57000e-02     1           1.29620e+02   4.57800e+00  
     2022         3        28        23         7        22         18       7100       5362 1648508842.000   1648508842.000    6.30000e+02     -90.00      45.00   2.30500e+02   3.05500e+02     1047.0       13.8  -1.37500e+01   5.58000e-02     1           1.96180e+02   5.59000e+00  
     2022         3        28        23         9        46         19       7100       5362 1648508986.000   1648508986.000    6.30000e+02       0.00      90.00   2.30500e+02   3.05500e+02     1064.4       13.1           nan           nan     1           1.95990e+02   5.32300e+00  
     2022         3        28        23        12        10         20       7100       5362 1648509130.000   1648509130.000    6.30000e+02       0.00      45.00   2.30500e+02   3.05500e+02     1082.5       41.1   2.15300e+01   1.79300e-01     2           5.18400e+01   3.87500e+00  
     2022         3        28        23        14        34         21       7100       5362 1648509274.000   1648509274.000    6.30000e+02      90.00      45.00   2.30500e+02   3.05500e+02     1054.3       24.8   3.33700e+01   1.96800e-01     1           7.93700e+01   3.88800e+00  
     2022         3        28        23        16        58         22       7100       5362 1648509418.000   1648509418.000    6.30000e+02     180.00      45.00   2.30500e+02   3.05500e+02     1062.7       26.3   1.52200e+01   9.53000e-02     0           7.03300e+01   3.63200e+00  
     2022         3        28        23        19        58         23       7100       5362 1648509598.000   1648509598.000    6.30000e+02     -90.00      45.00   2.30500e+02   3.05500e+02     1078.9       23.3   4.99000e+00   3.02000e-02     1           1.08230e+02   4.78700e+00  
     2022         3        28        23        25        58         24       7100       5362 1648509958.000   1648509958.000    6.30000e+02       0.00      90.00   2.30500e+02   3.05500e+02     1094.0       20.6           nan           nan     1           1.23620e+02   4.84100e+00  
     2022         3        28        23        28        22         25       7100       5362 1648510102.000   1648510102.000    6.30000e+02       0.00      45.00   2.30500e+02   3.05500e+02     1147.8       36.0   2.13300e+01   1.90200e-01     2           7.61000e+01   4.69800e+00  
     2022         3        28        23        30        46         26       7100       5362 1648510246.000   1648510246.000    6.30000e+02      90.00      45.00   2.30500e+02   3.05500e+02     1089.3       26.6   2.32700e+01   1.83200e-01     1           8.30100e+01   4.15200e+00  
     2022         3        28        23        33        10         27       7100       5362 1648510390.000   1648510390.000    6.30000e+02     180.00      45.00   2.30500e+02   3.05500e+02     1060.3       21.6   2.33100e+01   1.78500e-01     1           1.08880e+02   4.60600e+00  
     2022         3        28        23        35        34         28       7100       5362 1648510534.000   1648510534.000    6.30000e+02     -90.00      45.00   2.30500e+02   3.05500e+02     1171.2       32.0   1.68800e+01   1.63000e-01     2           9.89000e+01   5.31300e+00  
     2022         3        28        23        37        58         29       7100       5362 1648510678.000   1648510678.000    6.30000e+02       0.00      90.00   2.30500e+02   3.05500e+02     1184.6       37.6           nan           nan     2           7.31300e+01   4.57200e+00  
     2022         3        28        23        40        22         30       7100       5362 1648510822.000   1648510822.000    6.30000e+02       0.00      45.00   2.30500e+02   3.05500e+02     1329.1       67.3   4.63800e+01   6.75700e-01     2           4.83600e+01   4.64000e+00  
     2022         3        28        23        43        22         31       7100       5362 1648511002.000   1648511002.000    6.30000e+02      90.00      45.00   2.30500e+02   3.05500e+02     1053.0       24.8  -6.24000e+00   5.43000e-02     1           8.11100e+01   3.95900e+00  
     2022         3        28        23        45        46         32       7100       5362 1648511146.000   1648511146.000    6.30000e+02     180.00      45.00   2.30500e+02   3.05500e+02     1123.2       27.8   3.94400e+01   3.48400e-01     1           9.22100e+01   4.60900e+00  
     2022         3        28        23        48        10         33       7100       5362 1648511290.000   1648511290.000    6.30000e+02     -90.00      45.00   2.30500e+02   3.05500e+02     1363.0       47.1   2.13600e+01   2.38900e-01     2           9.14100e+01   6.01900e+00  
     2022         3        28        23        54        10         34       7100       5362 1648511650.000   1648511650.000    6.30000e+02       0.00      90.00   2.30500e+02   3.05500e+02     1127.2       28.3           nan           nan     1           9.44800e+01   4.76100e+00  
     2022         3        28        23        56        34         35       7100       5362 1648511794.000   1648511794.000    6.30000e+02       0.00      45.00   2.30500e+02   3.05500e+02     1299.4       52.0   3.93800e+01   4.56200e-01     2           5.82000e+01   4.49500e+00  
     2022         3        28        23        58        58         36       7100       5362 1648511938.000   1648511938.000    6.30000e+02      90.00      45.00   2.37500e+02   3.12500e+02     1062.7       25.1   1.11000e+01   8.96000e-02     1           8.33000e+01   4.06800e+00  
     2022         3        29         0         1        22         37       7100       5362 1648512082.000   1648512082.000    6.30000e+02     180.00      45.00   2.37500e+02   3.12500e+02     1121.8       35.5   2.12000e+01   2.05200e-01     1           6.02300e+01   3.82700e+00  
     2022         3        29         0         6        46         38       7100       5362 1648512406.000   1648512406.000    6.30000e+02       0.00      90.00   2.37500e+02   3.12500e+02     1106.1       30.8           nan           nan     1           7.64300e+01   4.28000e+00  
     2022         3        29         0         9        10         39       7100       5362 1648512550.000   1648512550.000    6.30000e+02       0.00      45.00   2.37500e+02   3.12500e+02     1125.0       40.9  -9.66000e+00   1.06400e-01     2           5.92400e+01   4.22200e+00  
     2022         3        29         0        11        34         40       7100       5362 1648512694.000   1648512694.000    6.30000e+02      90.00      45.00   2.37500e+02   3.12500e+02     1031.3       18.6   8.30000e-01   6.50000e-03     1           1.13210e+02   4.36300e+00  
     2022         3        29         0        13        58         41       7100       5362 1648512838.000   1648512838.000    6.30000e+02     180.00      45.00   2.37500e+02   3.12500e+02     1135.2       47.4  -2.29500e+01   2.85600e-01     2           4.75500e+01   3.87700e+00  
     2022         3        29         0        22        22         42       7100       5362 1648513342.000   1648513342.000    6.30000e+02       0.00      90.00   2.37500e+02   3.12500e+02     1148.6       41.5           nan           nan     2           5.82300e+01   4.13700e+00  
     2022         3        29         0        24        46         43       7100       5362 1648513486.000   1648513486.000    6.30000e+02       0.00      45.00   2.37500e+02   3.12500e+02     1187.2       49.3   2.13000e+00   2.79000e-02     2           5.29700e+01   4.25700e+00  
     2022         3        29         0        27        46         44       7100       5362 1648513666.000   1648513666.000    6.30000e+02      90.00      45.00   2.37500e+02   3.12500e+02     1073.5       30.5  -1.14100e+01   1.15600e-01     1           6.51700e+01   3.77000e+00  
     2022         3        29         0        30        10         45       7100       5362 1648513810.000   1648513810.000    6.30000e+02     180.00      45.00   2.37500e+02   3.12500e+02     1103.8       40.0   5.17000e+00   5.88000e-02     1           5.32300e+01   3.81700e+00  
     2022         3        29         0        32        34         46       7100       5362 1648513954.000   1648513954.000    6.30000e+02     -90.00      45.00   2.37500e+02   3.12500e+02     1241.2       54.1   2.25200e+01   2.91100e-01     2           5.75400e+01   4.79400e+00  
     2022         3        29         0        34        58         47       7100       5362 1648514098.000   1648514098.000    6.30000e+02       0.00      90.00   2.37500e+02   3.12500e+02     1095.3       30.7           nan           nan     1           7.50600e+01   4.23200e+00  
     2022         3        29         0        37        22         48       7100       5362 1648514242.000   1648514242.000    6.30000e+02       0.00      45.00   2.37500e+02   3.12500e+02     1138.8       50.7  -8.18000e+00   1.01300e-01     2           4.16600e+01   3.63000e+00  
     2022         3        29         0        39        46         49       7100       5362 1648514386.000   1648514386.000    6.30000e+02      90.00      45.00   2.37500e+02   3.12500e+02     1016.4       22.7   2.38800e+01   1.89500e-01     1           8.32500e+01   3.89500e+00  
     2022         3        29         0        42        10         50       7100       5362 1648514530.000   1648514530.000    6.30000e+02     180.00      45.00   2.37500e+02   3.12500e+02     1012.1       19.2   3.90000e-01   2.90000e-03     1           1.11350e+02   4.44900e+00  
     2022         3        29         0        45        10         51       7100       5362 1648514710.000   1648514710.000    6.30000e+02     -90.00      45.00   2.37500e+02   3.12500e+02     1085.3       28.1   1.86100e+01   1.61900e-01     1           9.54100e+01   4.93000e+00  
     2022         3        29         0        51        10         52       7100       5362 1648515070.000   1648515070.000    6.30000e+02       0.00      90.00   2.37500e+02   3.12500e+02     1029.7       28.2           nan           nan     0           6.14500e+01   3.49000e+00  
     2022         3        29         0        53        34         53       7100       5362 1648515214.000   1648515214.000    6.30000e+02       0.00      45.00   2.37500e+02   3.12500e+02     1070.7       55.8  -1.85400e+01   2.50300e-01     2           2.90900e+01   2.98000e+00  
     2022         3        29         0        55        58         54       7100       5362 1648515358.000   1648515358.000    6.30000e+02      90.00      45.00   2.37500e+02   3.12500e+02      974.5       45.9   7.04000e+00   9.06000e-02     1           2.82800e+01   2.67500e+00  
     2022         3        29         0        58        22         55       7100       5362 1648515502.000   1648515502.000    6.30000e+02     180.00      45.00   2.37500e+02   3.12500e+02      957.6       47.6  -1.10900e+01   1.51400e-01     1           2.35000e+01   2.36400e+00  
     2022         3        29         1         0        46         56       7100       5362 1648515646.000   1648515646.000    6.30000e+02     -90.00      45.00   2.58500e+02   3.33500e+02      994.8       47.9   9.59000e+00   1.36100e-01     1           2.75300e+01   2.65500e+00  
     2022         3        29         1         3        10         57       7100       5362 1648515790.000   1648515790.000    6.30000e+02       0.00      90.00   2.58500e+02   3.33500e+02      995.6       42.8           nan           nan     0           2.71300e+01   2.39400e+00  
     2022         3        29         1         6        10         58       7100       5362 1648515970.000   1648515970.000    6.30000e+02       0.00      45.00   2.58500e+02   3.33500e+02      978.5       50.0   4.19000e+01   6.30500e-01     1           2.36000e+01   2.42400e+00  
     2022         3        29         1         8        34         59       7100       5362 1648516114.000   1648516114.000    6.30000e+02      90.00      45.00   2.58500e+02   3.33500e+02      974.3       28.2   8.37000e+00   9.32000e-02     0           4.68600e+01   2.87000e+00  
     2022         3        29         1        10        58         60       7100       5362 1648516258.000   1648516258.000    6.30000e+02     180.00      45.00   2.58500e+02   3.33500e+02      956.3       33.2   3.16300e+01   3.81700e-01     0           3.52200e+01   2.56300e+00  
     2022         3        29         1        13        22         61       7100       5362 1648516402.000   1648516402.000    6.30000e+02     -90.00      45.00   2.58500e+02   3.33500e+02      976.6       45.0   2.66300e+01   3.77600e-01     1           2.71500e+01   2.53000e+00  
     2022         3        29         1        19        22         62       7100       5362 1648516762.000   1648516762.000    6.30000e+02       0.00      90.00   2.58500e+02   3.33500e+02      971.9       41.5           nan           nan     0           2.63600e+01   2.32600e+00  
     2022         3        29         1        21        46         63       7100       5362 1648516906.000   1648516906.000    6.30000e+02       0.00      45.00   2.58500e+02   3.33500e+02      953.7       40.4   1.66700e+01   2.44000e-01     1           3.00800e+01   2.59800e+00  
     2022         3        29         1        24        10         64       7100       5362 1648517050.000   1648517050.000    6.30000e+02      90.00      45.00   2.58500e+02   3.33500e+02      967.1       36.9   1.89000e+01   2.91800e-01     0           3.15200e+01   2.49700e+00  
     2022         3        29         1        27        10         65       7100       5362 1648517230.000   1648517230.000    6.30000e+02     180.00      45.00   2.58500e+02   3.33500e+02      978.6       66.6   3.94300e+01   8.85300e-01     2           1.88600e+01   2.50700e+00  
     2022         3        29         1        31        58         66       7100       5362 1648517518.000   1648517518.000    6.30000e+02       0.00      90.00   2.58500e+02   3.33500e+02     1170.4       94.7           nan           nan     2           1.65200e+01   2.56700e+00  
     2022         3        29         1        34        22         67       7100       5362 1648517662.000   1648517662.000    6.30000e+02       0.00      45.00   2.58500e+02   3.33500e+02     1042.0      115.6   2.38900e+01   7.71200e-01     2           1.08600e+01   2.29400e+00  
     2022         3        29         1        36        46         68       7100       5362 1648517806.000   1648517806.000    6.30000e+02      90.00      45.00   2.58500e+02   3.33500e+02      981.3       36.0   3.09500e+01   5.18900e-01     0           3.48000e+01   2.64500e+00  
     2022         3        29         1        39        10         69       7100       5362 1648517950.000   1648517950.000    6.30000e+02     180.00      45.00   2.58500e+02   3.33500e+02      939.6       22.3   1.70000e+01   2.22900e-01     0           6.16000e+01   3.15400e+00  
     2022         3        29         1        41        34         70       7100       5362 1648518094.000   1648518094.000    6.30000e+02     -90.00      45.00   2.58500e+02   3.33500e+02      996.8       50.6   4.62800e+01   7.60500e-01     2           2.90900e+01   2.91800e+00  
     2022         3        29         1        47        34         71       7100       5362 1648518454.000   1648518454.000    6.30000e+02       0.00      90.00   2.58500e+02   3.33500e+02      956.0       27.3           nan           nan     0           5.05900e+01   3.04100e+00  
     2022         3        29         1        50        34         72       7100       5362 1648518634.000   1648518634.000    6.30000e+02       0.00      45.00   2.58500e+02   3.33500e+02      973.4       30.7   1.17800e+01   1.06600e-01     0           5.06500e+01   3.27700e+00  
     2022         3        29         1        52        58         73       7100       5362 1648518778.000   1648518778.000    6.30000e+02      90.00      45.00   2.58500e+02   3.33500e+02      948.2       22.1   2.25800e+01   1.68200e-01     0           6.82800e+01   3.39900e+00  
     2022         3        29         1        55        22         74       7100       5362 1648518922.000   1648518922.000    6.30000e+02     180.00      45.00   2.58500e+02   3.33500e+02      916.6       19.1   2.33500e+01   1.59000e-01     0           8.45500e+01   3.76600e+00  
     2022         3        29         1        57        46         75       7100       5362 1648519066.000   1648519066.000    6.30000e+02     -90.00      45.00   2.58500e+02   3.33500e+02      975.5       31.8  -3.11000e+00   2.72000e-02     1           5.46100e+01   3.59100e+00  
     2022         3        29         2         0        10         76       7100       5362 1648519210.000   1648519210.000    6.30000e+02       0.00      90.00   2.68500e+02   3.43500e+02      933.8       21.1           nan           nan     1           7.83900e+01   3.74000e+00  
     2022         3        29         2         2        34         77       7100       5362 1648519354.000   1648519354.000    6.30000e+02       0.00      45.00   2.68500e+02   3.43500e+02      979.5       34.8   2.42400e+01   2.13400e-01     1           4.88500e+01   3.49100e+00  
     2022         3        29         2         4        58         78       7100       5362 1648519498.000   1648519498.000    6.30000e+02      90.00      45.00   2.68500e+02   3.43500e+02      934.2       17.1   1.89200e+01   1.06300e-01     0           9.72800e+01   3.88000e+00  
     2022         3        29         2         7        58         79       7100       5362 1648519678.000   1648519678.000    6.30000e+02     180.00      45.00   2.68500e+02   3.43500e+02      930.8       17.9   1.57300e+01   8.73000e-02     1           9.84300e+01   4.05100e+00  
     2022         3        29         2        10        22         80       7100       5362 1648519822.000   1648519822.000    6.30000e+02     -90.00      45.00   2.68500e+02   3.43500e+02      930.0       15.1  -2.89000e+01   1.42200e-01     1           1.34150e+02   4.68300e+00  
     2022         3        29         2        16        22         81       7100       5362 1648520182.000   1648520182.000    6.30000e+02       0.00      90.00   2.68500e+02   3.43500e+02      915.6       13.0           nan           nan     0           1.35120e+02   4.30700e+00  
     2022         3        29         2        18        46         82       7100       5362 1648520326.000   1648520326.000    6.30000e+02       0.00      45.00   2.68500e+02   3.43500e+02      971.6       27.6  -5.05000e+00   3.47000e-02     1           7.45700e+01   4.26300e+00  
     2022         3        29         2        21        10         83       7100       5362 1648520470.000   1648520470.000    6.30000e+02      90.00      45.00   2.68500e+02   3.43500e+02      921.0       14.1   3.94500e+01   1.93200e-01     0           1.23330e+02   4.18500e+00  
     2022         3        29         2        23        34         84       7100       5362 1648520614.000   1648520614.000    6.30000e+02     180.00      45.00   2.68500e+02   3.43500e+02      918.6       15.5  -2.34000e+00   1.28000e-02     0           1.07480e+02   3.98500e+00  
     2022         3        29         2        25        58         85       7100       5362 1648520758.000   1648520758.000    6.30000e+02     -90.00      45.00   2.68500e+02   3.43500e+02      958.9       19.6  -2.59200e+01   1.68500e-01     1           1.02990e+02   4.39800e+00  
     2022         3        29         2        28        58         86       7100       5362 1648520938.000   1648520938.000    6.30000e+02       0.00      90.00   2.68500e+02   3.43500e+02      895.2       22.4           nan           nan     1           6.88200e+01   3.60900e+00  
     2022         3        29         2        31        22         87       7100       5362 1648521082.000   1648521082.000    6.30000e+02       0.00      45.00   2.68500e+02   3.43500e+02      970.3       30.9  -9.10000e+00   8.05000e-02     1           5.51300e+01   3.56300e+00  
     2022         3        29         2        33        46         88       7100       5362 1648521226.000   1648521226.000    6.30000e+02      90.00      45.00   2.68500e+02   3.43500e+02      958.7       22.0   2.63700e+01   1.96200e-01     0           7.17600e+01   3.50700e+00  
     2022         3        29         2        36        10         89       7100       5362 1648521370.000   1648521370.000    6.30000e+02     180.00      45.00   2.68500e+02   3.43500e+02      907.2       16.6  -1.78900e+01   1.20500e-01     0           8.96300e+01   3.61800e+00  
     2022         3        29         2        38        34         90       7100       5362 1648521514.000   1648521514.000    6.30000e+02     -90.00      45.00   2.68500e+02   3.43500e+02      978.1       30.2   1.05300e+01   9.48000e-02     1           5.74300e+01   3.59800e+00  
     2022         3        29         2        45        10         91       7100       5362 1648521910.000   1648521910.000    6.30000e+02       0.00      90.00   2.68500e+02   3.43500e+02      975.2       28.2           nan           nan     1           5.97600e+01   3.55300e+00  
     2022         3        29         2        47        34         92       7100       5362 1648522054.000   1648522054.000    6.30000e+02       0.00      45.00   2.68500e+02   3.43500e+02      988.3       30.2   2.51500e+01   2.43400e-01     1           5.84300e+01   3.63300e+00  
     2022         3        29         2        49        58         93       7100       5362 1648522198.000   1648522198.000    6.30000e+02      90.00      45.00   2.68500e+02   3.43500e+02      955.1       19.5   4.33100e+01   3.51200e-01     0           8.32200e+01   3.66300e+00  
     2022         3        29         2        52        22         94       7100       5362 1648522342.000   1648522342.000    6.30000e+02     180.00      45.00   2.68500e+02   3.43500e+02      945.3       29.7   1.86100e+01   1.88000e-01     0           4.91500e+01   3.18200e+00  
     2022         3        29         2        54        46         95       7100       5362 1648522486.000   1648522486.000    6.30000e+02     -90.00      45.00   2.68500e+02   3.43500e+02      993.7       38.3  -1.17300e+01   1.39400e-01     1           4.45500e+01   3.42600e+00  
     2022         3        29         2        57        10         96       7100       5362 1648522630.000   1648522630.000    6.30000e+02       0.00      90.00   2.68500e+02   3.43500e+02     1006.9       36.0           nan           nan     1           4.58200e+01   3.31200e+00  
     2022         3        29         3         0        10         97       7100       5362 1648522810.000   1648522810.000    6.30000e+02       0.00      45.00   2.75500e+02   3.50500e+02      983.0       73.2   1.50500e+01   2.87100e-01     2           1.72300e+01   2.49200e+00  
     2022         3        29         3         2        34         98       7100       5362 1648522954.000   1648522954.000    6.30000e+02      90.00      45.00   2.75500e+02   3.50500e+02      955.4       80.2   1.92800e+01   4.22600e-01     2           1.26300e+01   2.07100e+00  
     2022         3        29         3         4        58         99       7100       5362 1648523098.000   1648523098.000    6.30000e+02     180.00      45.00   2.75500e+02   3.50500e+02     1061.5       91.2  -1.43000e+00   3.36000e-02     2           1.24500e+01   2.08000e+00  
     2022         3        29         3        13        22        100       7100       5362 1648523602.000   1648523602.000    6.30000e+02       0.00      90.00   2.75500e+02   3.50500e+02     1014.3       78.0           nan           nan     2           1.65000e+01   2.46000e+00  
     2022         3        29         3        15        46        101       7100       5362 1648523746.000   1648523746.000    6.30000e+02       0.00      45.00   2.75500e+02   3.50500e+02     1083.8       88.3   9.26000e+00   2.50600e-01     2           1.83300e+01   2.85600e+00  
     2022         3        29         3        18        10        102       7100       5362 1648523890.000   1648523890.000    6.30000e+02      90.00      45.00   2.75500e+02   3.50500e+02     1055.3       83.7   3.52500e+01   9.32300e-01     2           1.49400e+01   2.30100e+00  
     2022         3        29         3        20        34        103       7100       5362 1648524034.000   1648524034.000    6.30000e+02     180.00      45.00   2.75500e+02   3.50500e+02      926.9       89.6   3.70700e+01   1.09150e+00     2           1.09200e+01   2.04300e+00  
     2022         3        29         3        23        34        104       7100       5362 1648524214.000   1648524214.000    6.30000e+02     -90.00      45.00   2.75500e+02   3.50500e+02     1060.3       78.4   5.79500e+01   1.48720e+00     2           1.91500e+01   2.73100e+00  
     2022         3        29         3        25        58        105       7100       5362 1648524358.000   1648524358.000    6.30000e+02       0.00      90.00   2.75500e+02   3.50500e+02     1096.3       82.6           nan           nan     2           1.67400e+01   2.44600e+00  
     2022         3        29         3        28        22        106       7100       5362 1648524502.000   1648524502.000    6.30000e+02       0.00      45.00   2.75500e+02   3.50500e+02     1089.1       68.2   4.00000e+00   9.28000e-02     2           2.34300e+01   2.85000e+00  
     2022         3        29         3        30        46        107       7100       5362 1648524646.000   1648524646.000    6.30000e+02      90.00      45.00   2.75500e+02   3.50500e+02      997.9       48.1   2.95500e+01   5.72100e-01     1           2.81500e+01   2.71200e+00  
     2022         3        29         3        33        10        108       7100       5362 1648524790.000   1648524790.000    6.30000e+02     180.00      45.00   2.75500e+02   3.50500e+02      971.7       34.1   3.55900e+01   5.80600e-01     0           4.33000e+01   3.10300e+00  
     2022         3        29         3        35        34        109       7100       5362 1648524934.000   1648524934.000    6.30000e+02     -90.00      45.00   2.75500e+02   3.50500e+02     1061.4       45.2   3.49700e+01   6.11300e-01     2           4.00700e+01   3.37700e+00  
     2022         3        29         3        41        34        110       7100       5362 1648525294.000   1648525294.000    6.30000e+02       0.00      90.00   2.75500e+02   3.50500e+02     1010.6       50.7           nan           nan     1           2.70600e+01   2.70500e+00  
     2022         3        29         3        44        34        111       7100       5362 1648525474.000   1648525474.000    6.30000e+02       0.00      45.00   2.75500e+02   3.50500e+02     1051.8       60.2   1.20000e+01   2.18200e-01     2           2.33200e+01   2.63100e+00  
     2022         3        29         3        46        58        112       7100       5362 1648525618.000   1648525618.000    6.30000e+02      90.00      45.00   2.75500e+02   3.50500e+02     1007.4       65.3   2.58500e+01   5.03200e-01     2           1.81500e+01   2.32300e+00  
     2022         3        29         3        49        22        113       7100       5362 1648525762.000   1648525762.000    6.30000e+02     180.00      45.00   2.75500e+02   3.50500e+02      917.2       61.3   9.17000e+00   1.80900e-01     2           1.62900e+01   2.16100e+00  
     2022         3        29         3        51        46        114       7100       5362 1648525906.000   1648525906.000    6.30000e+02     -90.00      45.00   2.75500e+02   3.50500e+02      996.2       54.5   9.73000e+00   1.77900e-01     1           2.24200e+01   2.44600e+00  
     2022         3        29         3        54        10        115       7100       5362 1648526050.000   1648526050.000    6.30000e+02       0.00      90.00   2.75500e+02   3.50500e+02      931.1       53.5           nan           nan     1           1.93000e+01   2.22500e+00  
     2022         3        29         3        56        34        116       7100       5362 1648526194.000   1648526194.000    6.30000e+02       0.00      45.00   2.75500e+02   3.50500e+02     1008.1       64.9  -1.51600e+01   2.99400e-01     2           1.77500e+01   2.26200e+00  
     2022         3        29         3        58        58        117       7100       5362 1648526338.000   1648526338.000    6.30000e+02      90.00      45.00   2.77500e+02   3.52500e+02      926.3       57.0   4.32700e+01   7.98700e-01     1           1.62600e+01   2.01400e+00  
     2022         3        29         4         1        58        118       7100       5362 1648526518.000   1648526518.000    6.30000e+02     180.00      45.00   2.77500e+02   3.52500e+02      931.1       49.4   3.44700e+01   5.79900e-01     1           1.96200e+01   2.12000e+00  
     2022         3        29         4         4        22        119       7100       5362 1648526662.000   1648526662.000    6.30000e+02     -90.00      45.00   2.77500e+02   3.52500e+02      950.9       42.0   7.08000e+00   1.07900e-01     1           2.72800e+01   2.46300e+00  
     2022         3        29         4        10        22        120       7100       5362 1648527022.000   1648527022.000    6.30000e+02       0.00      90.00   2.77500e+02   3.52500e+02      925.3       44.1           nan           nan     1           2.41900e+01   2.34900e+00  
     2022         3        29         4        12        46        121       7100       5362 1648527166.000   1648527166.000    6.30000e+02       0.00      45.00   2.77500e+02   3.52500e+02      938.1       39.1   3.04400e+01   4.04100e-01     0           3.04600e+01   2.59700e+00  
     2022         3        29         4        15        10        122       7100       5362 1648527310.000   1648527310.000    6.30000e+02      90.00      45.00   2.77500e+02   3.52500e+02      975.4       37.2   2.02400e+01   2.47200e-01     0           3.35000e+01   2.63700e+00  
     2022         3        29         4        17        34        123       7100       5362 1648527454.000   1648527454.000    6.30000e+02     180.00      45.00   2.77500e+02   3.52500e+02      975.2       38.0   3.90200e+01   4.55700e-01     0           3.22800e+01   2.59000e+00  
     2022         3        29         4        19        58        124       7100       5362 1648527598.000   1648527598.000    6.30000e+02     -90.00      45.00   2.77500e+02   3.52500e+02      944.9       30.8  -1.37700e+01   1.37700e-01     0           4.37600e+01   2.95600e+00  
     2022         3        29         4        22        58        125       7100       5362 1648527778.000   1648527778.000    6.30000e+02       0.00      90.00   2.77500e+02   3.52500e+02      908.7       26.1           nan           nan     0           4.82600e+01   2.93700e+00  
     2022         3        29         4        25        22        126       7100       5362 1648527922.000   1648527922.000    6.30000e+02       0.00      45.00   2.77500e+02   3.52500e+02      937.6       30.8   1.89300e+01   1.84200e-01     0           4.37700e+01   2.97500e+00  
     2022         3        29         4        27        46        127       7100       5362 1648528066.000   1648528066.000    6.30000e+02      90.00      45.00   2.77500e+02   3.52500e+02      937.8       28.9   3.97500e+01   3.81000e-01     0           4.29600e+01   2.79400e+00  
     2022         3        29         4        30        10        128       7100       5362 1648528210.000   1648528210.000    6.30000e+02     180.00      45.00   2.77500e+02   3.52500e+02      936.8       27.7   1.66800e+01   1.60500e-01     0           4.56000e+01   2.85200e+00  
     2022         3        29         4        32        34        129       7100       5362 1648528354.000   1648528354.000    6.30000e+02     -90.00      45.00   2.77500e+02   3.52500e+02      931.5       26.7  -3.13400e+01   3.06300e-01     0           5.09700e+01   3.06700e+00  
     2022         3        29         4        39        10        130       7100       5362 1648528750.000   1648528750.000    6.30000e+02       0.00      90.00   2.77500e+02   3.52500e+02      962.9       37.5           nan           nan     0           3.04800e+01   2.46100e+00  
     2022         3        29         4        41        34        131       7100       5362 1648528894.000   1648528894.000    6.30000e+02       0.00      45.00   2.77500e+02   3.52500e+02      907.9       63.0   1.97300e+01   3.40800e-01     2           1.49300e+01   2.05800e+00  
     2022         3        29         4        43        58        132       7100       5362 1648529038.000   1648529038.000    6.30000e+02      90.00      45.00   2.77500e+02   3.52500e+02      958.1       78.8   2.76700e+01   5.65800e-01     2           1.21000e+01   1.95500e+00  
     2022         3        29         4        46        22        133       7100       5362 1648529182.000   1648529182.000    6.30000e+02     180.00      45.00   2.77500e+02   3.52500e+02     1000.4       70.6   4.39800e+01   7.87900e-01     2           1.58600e+01   2.20200e+00  
     2022         3        29         4        48        46        134       7100       5362 1648529326.000   1648529326.000    6.30000e+02     -90.00      45.00   2.77500e+02   3.52500e+02     1036.0       57.6   5.78000e+00   9.43000e-02     2           2.48600e+01   2.72500e+00  
     2022         3        29         4        51        10        135       7100       5362 1648529470.000   1648529470.000    6.30000e+02       0.00      90.00   2.77500e+02   3.52500e+02      975.4       41.8           nan           nan     1           3.09800e+01   2.68900e+00  
     2022         3        29         4        54        10        136       7100       5362 1648529650.000   1648529650.000    6.30000e+02       0.00      45.00   2.77500e+02   3.52500e+02      987.1       39.2   9.36000e+00   1.33900e-01     1           3.97600e+01   3.17000e+00  
     2022         3        29         4        56        34        137       7100       5362 1648529794.000   1648529794.000    6.30000e+02      90.00      45.00   2.77500e+02   3.52500e+02      991.2       35.0   3.56300e+01   5.08800e-01     0           3.81400e+01   2.78500e+00  
     2022         3        29         4        58        58        138       7100       5362 1648529938.000   1648529938.000    6.30000e+02     180.00      45.00   2.70500e+02   3.45500e+02     1003.2       44.4   3.08600e+01   5.12500e-01     1           3.22000e+01   2.85500e+00  
     2022         3        29         5         1        22        139       7100       5362 1648530082.000   1648530082.000    6.30000e+02     -90.00      45.00   2.70500e+02   3.45500e+02     1110.1       61.9   2.34000e+01   4.70700e-01     2           3.03100e+01   3.27000e+00  
     2022         3        29         5         7        22        140       7100       5362 1648530442.000   1648530442.000    6.30000e+02       0.00      90.00   2.70500e+02   3.45500e+02     1127.5       74.9           nan           nan     2           2.22300e+01   2.85500e+00  
     2022         3        29         5         9        46        141       7100       5362 1648530586.000   1648530586.000    6.30000e+02       0.00      45.00   2.70500e+02   3.45500e+02     1111.0       74.8   2.77300e+01   6.73100e-01     2           2.51200e+01   3.23600e+00  
     2022         3        29         5        12        10        142       7100       5362 1648530730.000   1648530730.000    6.30000e+02      90.00      45.00   2.70500e+02   3.45500e+02      989.9       73.2   4.07000e+01   9.91800e-01     2           1.73000e+01   2.48100e+00  
     2022         3        29         5        14        34        143       7100       5362 1648530874.000   1648530874.000    6.30000e+02     180.00      45.00   2.70500e+02   3.45500e+02     1028.6       75.7   2.06600e+01   5.15100e-01     2           1.69100e+01   2.42300e+00  
     2022         3        29         5        17        34        144       7100       5362 1648531054.000   1648531054.000    6.30000e+02     -90.00      45.00   2.70500e+02   3.45500e+02     1081.2       73.1   1.80000e-01   4.30000e-03     2           2.26400e+01   2.95200e+00  
     2022         3        29         5        19        58        145       7100       5362 1648531198.000   1648531198.000    6.30000e+02       0.00      90.00   2.70500e+02   3.45500e+02     1040.3       76.9           nan           nan     2           1.84600e+01   2.63900e+00  
     2022         3        29         5        24        46        146       7100       5362 1648531486.000   1648531486.000    6.30000e+02      90.00      45.00   2.70500e+02   3.45500e+02     1183.6      104.8  -2.91000e+00   8.13000e-02     2           1.50800e+01   2.55100e+00  
     2022         3        29         5        27        10        147       7100       5362 1648531630.000   1648531630.000    6.30000e+02     180.00      45.00   2.70500e+02   3.45500e+02     1064.4       75.6   2.48600e+01   6.14600e-01     2           1.81500e+01   2.50600e+00  
     2022         3        29         5        29        34        148       7100       5362 1648531774.000   1648531774.000    6.30000e+02     -90.00      45.00   2.70500e+02   3.45500e+02     1174.7       87.5   1.37400e+01   3.66700e-01     2           2.29400e+01   3.25200e+00  
     2022         3        29         5        35        34        149       7100       5362 1648532134.000   1648532134.000    6.30000e+02       0.00      90.00   2.70500e+02   3.45500e+02     1069.9       77.9           nan           nan     2           2.00400e+01   2.81100e+00  
     2022         3        29         5        40        58        150       7100       5362 1648532458.000   1648532458.000    6.30000e+02      90.00      45.00   2.70500e+02   3.45500e+02     1093.0       83.0   4.11300e+01   1.00710e+00     2           1.82100e+01   2.65800e+00  
     2022         3        29         5        43        22        151       7100       5362 1648532602.000   1648532602.000    6.30000e+02     180.00      45.00   2.70500e+02   3.45500e+02     1027.4       70.9   2.34000e+01   5.16300e-01     2           2.10400e+01   2.80500e+00  
     2022         3        29         5        45        46        152       7100       5362 1648532746.000   1648532746.000    6.30000e+02     -90.00      45.00   2.70500e+02   3.45500e+02     1129.7       79.7   3.70000e+00   8.13000e-02     2           2.54300e+01   3.41100e+00  
     2022         3        29         5        48        10        153       7100       5362 1648532890.000   1648532890.000    6.30000e+02       0.00      90.00   2.70500e+02   3.45500e+02     1003.0       49.5           nan           nan     2           3.05400e+01   2.98000e+00  
     2022         3        29         5        50        34        154       7100       5362 1648533034.000   1648533034.000    6.30000e+02       0.00      45.00   2.70500e+02   3.45500e+02     1160.4       88.1   2.10400e+01   4.59600e-01     2           2.31200e+01   3.33300e+00  
     2022         3        29         5        52        58        155       7100       5362 1648533178.000   1648533178.000    6.30000e+02      90.00      45.00   2.70500e+02   3.45500e+02     1062.5       62.0   3.84100e+01   6.72700e-01     2           2.48400e+01   2.83600e+00  
     2022         3        29         5        55        22        156       7100       5362 1648533322.000   1648533322.000    6.30000e+02     180.00      45.00   2.70500e+02   3.45500e+02     1038.6       48.3   2.13000e+01   3.06100e-01     1           3.24600e+01   2.99100e+00  
     2022         3        29         5        58        22        157       7100       5362 1648533502.000   1648533502.000    6.30000e+02     -90.00      45.00   2.70500e+02   3.45500e+02      980.3       41.4  -1.57100e+01   2.07800e-01     2           4.17500e+01   3.48500e+00  
     2022         3        29         6         4        22        158       7100       5362 1648533862.000   1648533862.000    6.30000e+02       0.00      90.00   2.62500e+02   3.37500e+02      957.1       28.7           nan           nan     0           5.03600e+01   3.14500e+00  
     2022         3        29         6         6        46        159       7100       5362 1648534006.000   1648534006.000    6.30000e+02       0.00      45.00   2.62500e+02   3.37500e+02      968.5       30.7  -1.32100e+01   1.35400e-01     1           5.14100e+01   3.33500e+00  
     2022         3        29         6         9        10        160       7100       5362 1648534150.000   1648534150.000    6.30000e+02      90.00      45.00   2.62500e+02   3.37500e+02     1031.1       45.5   9.68000e+00   1.27100e-01     1           3.26900e+01   2.88700e+00  
     2022         3        29         6        11        34        161       7100       5362 1648534294.000   1648534294.000    6.30000e+02     180.00      45.00   2.62500e+02   3.37500e+02      966.0       43.9   1.29100e+01   1.76900e-01     1           3.07000e+01   2.79300e+00  
     2022         3        29         6        13        58        162       7100       5362 1648534438.000   1648534438.000    6.30000e+02     -90.00      45.00   2.62500e+02   3.37500e+02     1003.9       51.9   2.33300e+01   3.62800e-01     2           3.12800e+01   3.16200e+00  
     2022         3        29         6        16        22        163       7100       5362 1648534582.000   1648534582.000    6.30000e+02       0.00      90.00   2.62500e+02   3.37500e+02     1028.6       46.8           nan           nan     1           3.06100e+01   2.79300e+00  
     2022         3        29         6        19        22        164       7100       5362 1648534762.000   1648534762.000    6.30000e+02       0.00      45.00   2.62500e+02   3.37500e+02     1031.3       51.3  -1.96200e+01   3.06100e-01     2           3.10900e+01   3.05100e+00  
     2022         3        29         6        21        46        165       7100       5362 1648534906.000   1648534906.000    6.30000e+02      90.00      45.00   2.62500e+02   3.37500e+02      993.2       36.2  -9.19000e+00   1.17400e-01     0           3.60900e+01   2.71600e+00  
     2022         3        29         6        24        10        166       7100       5362 1648535050.000   1648535050.000    6.30000e+02     180.00      45.00   2.62500e+02   3.37500e+02      951.4       32.6   9.42000e+00   1.16300e-01     0           3.91100e+01   2.78600e+00  
     2022         3        29         6        26        34        167       7100       5362 1648535194.000   1648535194.000    6.30000e+02     -90.00      45.00   2.62500e+02   3.37500e+02      975.2       46.8   2.12300e+01   3.11600e-01     1           2.68300e+01   2.59000e+00  
     2022         3        29         6        32        34        168       7100       5362 1648535554.000   1648535554.000    6.30000e+02       0.00      90.00   2.62500e+02   3.37500e+02      945.3       39.8           nan           nan     0           3.00200e+01   2.58200e+00  
     2022         3        29         6        34        58        169       7100       5362 1648535698.000   1648535698.000    6.30000e+02       0.00      45.00   2.62500e+02   3.37500e+02      995.1       62.6   2.44300e+01   4.29300e-01     2           2.06200e+01   2.54800e+00  
     2022         3        29         6        37        22        170       7100       5362 1648535842.000   1648535842.000    6.30000e+02      90.00      45.00   2.62500e+02   3.37500e+02      947.0       55.2   2.07800e+01   3.56100e-01     1           2.00900e+01   2.33400e+00  
     2022         3        29         6        39        46        171       7100       5362 1648535986.000   1648535986.000    6.30000e+02     180.00      45.00   2.62500e+02   3.37500e+02      903.5       64.7   3.60900e+01   7.10900e-01     2           1.51100e+01   2.13800e+00  
     2022         3        29         6        42        46        172       7100       5362 1648536166.000   1648536166.000    6.30000e+02     -90.00      45.00   2.62500e+02   3.37500e+02      930.6       88.8   2.23700e+01   5.39400e-01     2           1.27300e+01   2.33600e+00  
     2022         3        29         6        45        10        173       7100       5362 1648536310.000   1648536310.000    6.30000e+02       0.00      90.00   2.62500e+02   3.37500e+02      936.6       54.1           nan           nan     1           2.07200e+01   2.38500e+00  
     2022         3        29         6        47        34        174       7100       5362 1648536454.000   1648536454.000    6.30000e+02       0.00      45.00   2.62500e+02   3.37500e+02      941.4       62.5   3.82000e+01   7.57500e-01     2           2.03300e+01   2.63500e+00  
     2022         3        29         6        49        58        175       7100       5362 1648536598.000   1648536598.000    6.30000e+02      90.00      45.00   2.62500e+02   3.37500e+02      925.8       47.0   1.88100e+01   3.06500e-01     1           2.38000e+01   2.43600e+00  
     2022         3        29         6        52        22        176       7100       5362 1648536742.000   1648536742.000    6.30000e+02     180.00      45.00   2.62500e+02   3.37500e+02      914.8       38.4   2.50200e+01   3.61700e-01     1           3.07100e+01   2.63100e+00  
     2022         3        29         6        54        46        177       7100       5362 1648536886.000   1648536886.000    6.30000e+02     -90.00      45.00   2.62500e+02   3.37500e+02     1009.0       49.1   1.76200e+01   2.80400e-01     2           3.02300e+01   2.92000e+00  
     2022         3        29         7         0        46        178       7100       5362 1648537246.000   1648537246.000    6.30000e+02       0.00      90.00   2.58500e+02   3.33500e+02      871.7       36.4           nan           nan     0           2.88400e+01   2.47700e+00  
     2022         3        29         7         3        46        179       7100       5362 1648537426.000   1648537426.000    6.30000e+02       0.00      45.00   2.58500e+02   3.33500e+02      948.3       42.0   1.54000e+01   2.10200e-01     1           3.16400e+01   2.81800e+00  
     2022         3        29         7         6        10        180       7100       5362 1648537570.000   1648537570.000    6.30000e+02      90.00      45.00   2.58500e+02   3.33500e+02      890.5       31.1   8.08000e+00   9.48000e-02     0           3.57700e+01   2.61500e+00  
     2022         3        29         7         8        34        181       7100       5362 1648537714.000   1648537714.000    6.30000e+02     180.00      45.00   2.58500e+02   3.33500e+02      925.6       31.6   1.47500e+01   1.71900e-01     0           3.95800e+01   2.80700e+00  
     2022         3        29         7        10        58        182       7100       5362 1648537858.000   1648537858.000    6.30000e+02     -90.00      45.00   2.58500e+02   3.33500e+02     1008.6       51.6  -2.94000e+00   4.45000e-02     2           3.40000e+01   3.39200e+00  
     2022         3        29         7        13        22        183       7100       5362 1648538002.000   1648538002.000    6.30000e+02       0.00      90.00   2.58500e+02   3.33500e+02      865.8       36.0           nan           nan     0           2.91400e+01   2.49600e+00  
     2022         3        29         7        15        46        184       7100       5362 1648538146.000   1648538146.000    6.30000e+02       0.00      45.00   2.58500e+02   3.33500e+02      888.1       42.7   2.94200e+01   4.23400e-01     1           2.82800e+01   2.72200e+00  
     2022         3        29         7        18        10        185       7100       5362 1648538290.000   1648538290.000    6.30000e+02      90.00      45.00   2.58500e+02   3.33500e+02      856.8       30.5   2.97300e+01   3.78900e-01     0           3.55700e+01   2.63700e+00  
     2022         3        29         7        21        10        186       7100       5362 1648538470.000   1648538470.000    6.30000e+02     180.00      45.00   2.58500e+02   3.33500e+02      975.4       57.5   7.19200e+01   1.28300e+00     2           2.51600e+01   2.89100e+00  
     2022         3        29         7        29        34        187       7100       5362 1648538974.000   1648538974.000    6.30000e+02       0.00      90.00   2.58500e+02   3.33500e+02     1006.5       59.8           nan           nan     2           2.32500e+01   2.71300e+00  
     2022         3        29         7        31        58        188       7100       5362 1648539118.000   1648539118.000    6.30000e+02       0.00      45.00   2.58500e+02   3.33500e+02      944.9       63.0   3.02500e+01   6.15300e-01     2           2.14100e+01   2.77500e+00  
     2022         3        29         7        34        22        189       7100       5362 1648539262.000   1648539262.000    6.30000e+02      90.00      45.00   2.58500e+02   3.33500e+02      944.1       50.5   8.91000e+00   1.50200e-01     1           2.35200e+01   2.51100e+00  
     2022         3        29         7        36        46        190       7100       5362 1648539406.000   1648539406.000    6.30000e+02     180.00      45.00   2.58500e+02   3.33500e+02      890.2       40.6   2.66400e+01   3.96200e-01     1           2.91400e+01   2.68000e+00  
     2022         3        29         7        39        10        191       7100       5362 1648539550.000   1648539550.000    6.30000e+02     -90.00      45.00   2.58500e+02   3.33500e+02     1043.0       57.7  -8.00000e-02   1.30000e-03     2           3.04200e+01   3.26500e+00  
     2022         3        29         7        42        10        192       7100       5362 1648539730.000   1648539730.000    6.30000e+02       0.00      90.00   2.58500e+02   3.33500e+02      888.1       37.5           nan           nan     0           2.99600e+01   2.58700e+00  
     2022         3        29         7        44        34        193       7100       5362 1648539874.000   1648539874.000    6.30000e+02       0.00      45.00   2.58500e+02   3.33500e+02      907.0       46.2   1.36600e+01   1.99900e-01     2           2.77200e+01   2.80300e+00  
     2022         3        29         7        46        58        194       7100       5362 1648540018.000   1648540018.000    6.30000e+02      90.00      45.00   2.58500e+02   3.33500e+02      918.3       39.2   1.71500e+01   2.31900e-01     1           3.12500e+01   2.70500e+00  
     2022         3        29         7        49        22        195       7100       5362 1648540162.000   1648540162.000    6.30000e+02     180.00      45.00   2.58500e+02   3.33500e+02      864.6       31.7   3.92000e+00   4.78000e-02     0           3.67700e+01   2.77900e+00  
     2022         3        29         7        51        46        196       7100       5362 1648540306.000   1648540306.000    6.30000e+02     -90.00      45.00   2.58500e+02   3.33500e+02      989.7       46.7  -1.73400e+01   2.49100e-01     1           3.06400e+01   2.88000e+00  
     2022         3        29         7        57        46        197       7100       5362 1648540666.000   1648540666.000    6.30000e+02       0.00      90.00   2.58500e+02   3.33500e+02      929.7       38.4           nan           nan     1           3.17500e+01   2.67500e+00  
     2022         3        29         8         0        10        198       7100       5362 1648540810.000   1648540810.000    6.30000e+02       0.00      45.00   2.54500e+02   3.29500e+02      900.3       42.8   3.35000e+00   4.69000e-02     1           2.93800e+01   2.79300e+00  
     2022         3        29         8         3        10        199       7100       5362 1648540990.000   1648540990.000    6.30000e+02      90.00      45.00   2.54500e+02   3.29500e+02      891.8       38.3   3.17800e+01   4.04300e-01     1           3.23500e+01   2.80600e+00  
     2022         3        29         8         5        34        200       7100       5362 1648541134.000   1648541134.000    6.30000e+02     180.00      45.00   2.54500e+02   3.29500e+02      840.3       27.4  -2.73500e+01   2.88600e-01     0           4.06100e+01   2.77300e+00  
     2022         3        29         8         7        58        201       7100       5362 1648541278.000   1648541278.000    6.30000e+02     -90.00      45.00   2.54500e+02   3.29500e+02      982.8       43.7  -2.67100e+01   3.42300e-01     2           3.83200e+01   3.35700e+00  
     2022         3        29         8        10        22        202       7100       5362 1648541422.000   1648541422.000    6.30000e+02       0.00      90.00   2.54500e+02   3.29500e+02      865.1       28.0           nan           nan     0           4.38500e+01   2.95400e+00  
     2022         3        29         8        12        46        203       7100       5362 1648541566.000   1648541566.000    6.30000e+02       0.00      45.00   2.54500e+02   3.29500e+02      862.1       24.6   3.51200e+01   3.26700e-01     1           5.86800e+01   3.46500e+00  
     2022         3        29         8        15        10        204       7100       5362 1648541710.000   1648541710.000    6.30000e+02      90.00      45.00   2.54500e+02   3.29500e+02      880.4       24.2   3.65300e+01   3.29900e-01     1           6.75500e+01   3.80500e+00  
     2022         3        29         8        17        34        205       7100       5362 1648541854.000   1648541854.000    6.30000e+02     180.00      45.00   2.54500e+02   3.29500e+02      902.8       24.9   2.98200e+01   2.73800e-01     1           7.45300e+01   4.17000e+00  
     2022         3        29         8        20        34        206       7100       5362 1648542034.000   1648542034.000    6.30000e+02     -90.00      45.00   2.54500e+02   3.29500e+02     1000.8       32.8  -1.13600e+01   1.16600e-01     2           7.28600e+01   4.68900e+00  
     2022         3        29         8        26        34        207       7100       5362 1648542394.000   1648542394.000    6.30000e+02       0.00      90.00   2.54500e+02   3.29500e+02     1115.7       28.8           nan           nan     2           1.43690e+02   7.16500e+00  
