   YEAR     MONTH      DAY       HOUR      MIN       SEC       RECNO     KINDAT      KINST       UT1_UNIX        UT2_UNIX        WAVLEN        AZM        ELM         ALTB          ALTE         TN         DTN        VNHLU         DVNHLU     FPI_DATAQUAL      RLE           DRLE     
     2022         3        20        21        42        10          0       7100       5362 1647812530.000   1647812530.000    6.30000e+02       0.00      45.00   1.91500e+02   2.66500e+02     1393.2       19.4  -1.81800e+01   6.94000e-02     2           4.78070e+02   1.28320e+01  
     2022         3        20        21        44        34          1       7100       5362 1647812674.000   1647812674.000    6.30000e+02      90.00      45.00   1.91500e+02   2.66500e+02     1232.1       18.9  -3.91000e+00   1.52000e-02     2           2.96010e+02   8.96700e+00  
     2022         3        20        21        46        58          2       7100       5362 1647812818.000   1647812818.000    6.30000e+02     180.00      45.00   1.91500e+02   2.66500e+02     1150.0       15.1  -1.02000e+00   3.50000e-03     2           3.22750e+02   8.56700e+00  
     2022         3        20        21        49        22          3       7100       5362 1647812962.000   1647812962.000    6.30000e+02     -90.00      45.00   1.91500e+02   2.66500e+02     1094.6       12.2  -1.91400e+01   5.79000e-02     2           3.64510e+02   8.40000e+00  
     2022         3        20        21        54        46          4       7100       5362 1647813286.000   1647813286.000    6.30000e+02       0.00      45.00   1.91500e+02   2.66500e+02     1058.6       10.2   4.48000e+00   1.22000e-02     1           3.64430e+02   7.57100e+00  
     2022         3        20        21        57        10          5       7100       5362 1647813430.000   1647813430.000    6.30000e+02      90.00      45.00   1.91500e+02   2.66500e+02     1033.4       10.4   1.07200e+01   2.95000e-02     1           2.88490e+02   6.41800e+00  
     2022         3        20        21        59        34          6       7100       5362 1647813574.000   1647813574.000    6.30000e+02     180.00      45.00   2.07500e+02   2.82500e+02     1007.1       11.0   1.40500e+01   4.01000e-02     1           2.37590e+02   5.75500e+00  
     2022         3        20        22         1        58          7       7100       5362 1647813718.000   1647813718.000    6.30000e+02     -90.00      45.00   2.07500e+02   2.82500e+02     1020.8       11.2   1.21200e+01   3.51000e-02     1           2.47350e+02   5.99100e+00  
     2022         3        20        22         7        58          8       7100       5362 1647814078.000   1647814078.000    6.30000e+02       0.00      90.00   2.07500e+02   2.82500e+02     1025.4        9.4           nan           nan     1           3.00720e+02   6.25600e+00  
     2022         3        20        22        10        22          9       7100       5362 1647814222.000   1647814222.000    6.30000e+02       0.00      45.00   2.07500e+02   2.82500e+02     1000.0        9.7   1.41600e+01   3.88000e-02     1           3.06040e+02   6.57500e+00  
     2022         3        20        22        12        46         10       7100       5362 1647814366.000   1647814366.000    6.30000e+02      90.00      45.00   2.07500e+02   2.82500e+02      998.6       10.5   1.62500e+01   4.67000e-02     1           2.36030e+02   5.59100e+00  
     2022         3        20        22        22        58         11       7100       5362 1647814978.000   1647814978.000    6.30000e+02       0.00      45.00   2.07500e+02   2.82500e+02     1004.8       11.6   1.09600e+01   3.55000e-02     1           2.42800e+02   6.08900e+00  
     2022         3        20        22        25        22         12       7100       5362 1647815122.000   1647815122.000    6.30000e+02      90.00      45.00   2.07500e+02   2.82500e+02      994.2       13.9   1.28000e+01   4.61000e-02     1           1.53820e+02   4.73000e+00  
     2022         3        20        22        27        46         13       7100       5362 1647815266.000   1647815266.000    6.30000e+02     180.00      45.00   2.07500e+02   2.82500e+02      999.9       16.2   1.98200e+01   7.92000e-02     1           1.11430e+02   3.99700e+00  
     2022         3        20        22        30        10         14       7100       5362 1647815410.000   1647815410.000    6.30000e+02     -90.00      45.00   2.07500e+02   2.82500e+02     1008.6       15.9   3.64000e+00   1.45000e-02     1           1.18360e+02   4.13300e+00  
     2022         3        20        22        39        10         15       7100       5362 1647815950.000   1647815950.000    6.30000e+02       0.00      45.00   2.07500e+02   2.82500e+02      987.7        9.3   1.64700e+01   5.27000e-02     1           3.19430e+02   6.70800e+00  
     2022         3        20        22        41        34         16       7100       5362 1647816094.000   1647816094.000    6.30000e+02      90.00      45.00   2.07500e+02   2.82500e+02      979.5       13.1   6.31000e+00   2.39000e-02     1           1.59320e+02   4.73000e+00  
     2022         3        20        22        43        58         17       7100       5362 1647816238.000   1647816238.000    6.30000e+02     180.00      45.00   2.07500e+02   2.82500e+02      969.6       12.2   1.55600e+01   5.79000e-02     1           1.78550e+02   5.00600e+00  
     2022         3        20        22        46        22         18       7100       5362 1647816382.000   1647816382.000    6.30000e+02     -90.00      45.00   2.07500e+02   2.82500e+02      981.3       14.1   9.28000e+00   3.80000e-02     1           1.83300e+02   5.60300e+00  
     2022         3        20        22        49        22         19       7100       5362 1647816562.000   1647816562.000    6.30000e+02       0.00      90.00   2.07500e+02   2.82500e+02      994.0       13.9           nan           nan     1           1.60170e+02   4.90300e+00  
     2022         3        20        22        51        46         20       7100       5362 1647816706.000   1647816706.000    6.30000e+02       0.00      45.00   2.07500e+02   2.82500e+02      981.6       17.2   2.23900e+01   1.03000e-01     1           1.44790e+02   5.29000e+00  
     2022         3        20        22        54        10         21       7100       5362 1647816850.000   1647816850.000    6.30000e+02      90.00      45.00   2.07500e+02   2.82500e+02      969.3       11.8   1.28000e+01   4.67000e-02     1           1.93110e+02   5.21300e+00  
     2022         3        20        22        56        34         22       7100       5362 1647816994.000   1647816994.000    6.30000e+02     180.00      45.00   2.07500e+02   2.82500e+02      974.0       12.5   1.06800e+01   3.96000e-02     1           1.72860e+02   4.92200e+00  
     2022         3        20        22        58        58         23       7100       5362 1647817138.000   1647817138.000    6.30000e+02     -90.00      45.00   2.17500e+02   2.92500e+02      991.5       15.9   8.41000e+00   3.56000e-02     1           1.54280e+02   5.22100e+00  
     2022         3        20        23         4        58         24       7100       5362 1647817498.000   1647817498.000    6.30000e+02       0.00      90.00   2.17500e+02   2.92500e+02      971.2       12.1           nan           nan     1           1.96050e+02   5.36900e+00  
     2022         3        20        23         7        22         25       7100       5362 1647817642.000   1647817642.000    6.30000e+02       0.00      45.00   2.17500e+02   2.92500e+02      969.1       10.1   1.02700e+01   3.31000e-02     1           2.85500e+02   6.50600e+00  
     2022         3        20        23         9        46         26       7100       5362 1647817786.000   1647817786.000    6.30000e+02      90.00      45.00   2.17500e+02   2.92500e+02      963.4       10.4   4.84000e+00   1.55000e-02     1           2.32310e+02   5.62200e+00  
     2022         3        20        23        12        46         27       7100       5362 1647817966.000   1647817966.000    6.30000e+02     180.00      45.00   2.17500e+02   2.92500e+02      947.9        9.6   1.24600e+01   3.85000e-02     1           2.62800e+02   5.97700e+00  
     2022         3        20        23        19        58         28       7100       5362 1647818398.000   1647818398.000    6.30000e+02       0.00      45.00   2.17500e+02   2.92500e+02      957.6        9.2   1.73600e+01   5.14000e-02     1           3.16250e+02   6.73800e+00  
     2022         3        20        23        22        22         29       7100       5362 1647818542.000   1647818542.000    6.30000e+02      90.00      45.00   2.17500e+02   2.92500e+02      938.5        9.8   7.98000e+00   2.39000e-02     1           2.46420e+02   5.76300e+00  
     2022         3        20        23        27        10         30       7100       5362 1647818830.000   1647818830.000    6.30000e+02     -90.00      45.00   2.17500e+02   2.92500e+02      937.6        8.8   9.66000e+00   2.73000e-02     1           3.35960e+02   6.96300e+00  
     2022         3        20        23        33        10         31       7100       5362 1647819190.000   1647819190.000    6.30000e+02       0.00      90.00   2.17500e+02   2.92500e+02      941.9        9.5           nan           nan     1           2.69000e+02   6.08400e+00  
     2022         3        20        23        36        10         32       7100       5362 1647819370.000   1647819370.000    6.30000e+02       0.00      45.00   2.17500e+02   2.92500e+02      935.9        9.8   1.03900e+01   3.03000e-02     1           2.87590e+02   6.60400e+00  
     2022         3        20        23        38        34         33       7100       5362 1647819514.000   1647819514.000    6.30000e+02      90.00      45.00   2.17500e+02   2.92500e+02      947.2       11.4   7.20000e+00   2.25000e-02     1           2.02160e+02   5.38900e+00  
     2022         3        20        23        40        58         34       7100       5362 1647819658.000   1647819658.000    6.30000e+02     180.00      45.00   2.17500e+02   2.92500e+02      929.7        9.5   2.09100e+01   5.97000e-02     1           2.60600e+02   5.97600e+00  
     2022         3        20        23        43        22         35       7100       5362 1647819802.000   1647819802.000    6.30000e+02     -90.00      45.00   2.17500e+02   2.92500e+02      939.7        8.6   7.93000e+00   2.16000e-02     1           3.40360e+02   6.92600e+00  
     2022         3        20        23        48        10         36       7100       5362 1647820090.000   1647820090.000    6.30000e+02       0.00      45.00   2.17500e+02   2.92500e+02      945.1        9.4   1.90800e+01   5.45000e-02     1           3.02040e+02   6.64500e+00  
     2022         3        20        23        50        34         37       7100       5362 1647820234.000   1647820234.000    6.30000e+02      90.00      45.00   2.17500e+02   2.92500e+02      929.1        9.4   1.89000e+01   5.40000e-02     1           2.69110e+02   6.07800e+00  
     2022         3        21         0         1        58         38       7100       5362 1647820918.000   1647820918.000    6.30000e+02       0.00      90.00   2.25500e+02   3.00500e+02      926.2        9.7           nan           nan     1           2.59290e+02   6.06000e+00  
     2022         3        21         0         4        22         39       7100       5362 1647821062.000   1647821062.000    6.30000e+02       0.00      45.00   2.25500e+02   3.00500e+02      935.9       12.0   9.92000e+00   3.31000e-02     1           2.21730e+02   6.07200e+00  
     2022         3        21         0         6        46         40       7100       5362 1647821206.000   1647821206.000    6.30000e+02      90.00      45.00   2.25500e+02   3.00500e+02      927.9       10.2  -5.50000e-01   1.70000e-03     1           2.42820e+02   5.89200e+00  
     2022         3        21         0         9        10         41       7100       5362 1647821350.000   1647821350.000    6.30000e+02     180.00      45.00   2.25500e+02   3.00500e+02      925.5        9.8   1.22100e+01   3.69000e-02     1           2.49820e+02   5.91000e+00  
     2022         3        21         0        11        34         42       7100       5362 1647821494.000   1647821494.000    6.30000e+02     -90.00      45.00   2.25500e+02   3.00500e+02      949.3       16.4   1.08400e+01   4.48000e-02     1           1.47880e+02   5.32600e+00  
     2022         3        21         0        13        58         43       7100       5362 1647821638.000   1647821638.000    6.30000e+02       0.00      90.00   2.25500e+02   3.00500e+02      931.9       10.6           nan           nan     1           2.33030e+02   5.84300e+00  
     2022         3        21         0        16        58         44       7100       5362 1647821818.000   1647821818.000    6.30000e+02       0.00      45.00   2.25500e+02   3.00500e+02      937.4       11.6   1.95700e+01   6.62000e-02     1           2.30160e+02   6.12100e+00  
     2022         3        21         0        19        22         45       7100       5362 1647821962.000   1647821962.000    6.30000e+02      90.00      45.00   2.25500e+02   3.00500e+02      916.7       10.3   1.66200e+01   5.25000e-02     1           2.35400e+02   5.82600e+00  
     2022         3        21         0        21        46         46       7100       5362 1647822106.000   1647822106.000    6.30000e+02     180.00      45.00   2.25500e+02   3.00500e+02      923.4        9.9   2.01200e+01   6.19000e-02     1           2.57110e+02   6.10700e+00  
     2022         3        21         0        24        10         47       7100       5362 1647822250.000   1647822250.000    6.30000e+02     -90.00      45.00   2.25500e+02   3.00500e+02      945.3       14.7   1.37100e+01   5.27000e-02     1           1.75790e+02   5.71200e+00  
     2022         3        21         0        34        58         48       7100       5362 1647822898.000   1647822898.000    6.30000e+02      90.00      45.00   2.25500e+02   3.00500e+02      927.5        9.4   2.56300e+01   7.55000e-02     1           3.21940e+02   7.06400e+00  
     2022         3        21         0        37        22         49       7100       5362 1647823042.000   1647823042.000    6.30000e+02     180.00      45.00   2.25500e+02   3.00500e+02      919.3        9.6   1.60500e+01   4.78000e-02     1           2.96910e+02   6.73400e+00  
     2022         3        21         0        47        34         50       7100       5362 1647823654.000   1647823654.000    6.30000e+02      90.00      45.00   2.25500e+02   3.00500e+02      952.7       11.3   4.02500e+01   1.29600e-01     2           3.06050e+02   7.60500e+00  
     2022         3        21         0        49        58         51       7100       5362 1647823798.000   1647823798.000    6.30000e+02     180.00      45.00   2.25500e+02   3.00500e+02      928.9       10.9   4.21000e+00   1.31000e-02     1           2.61470e+02   6.56500e+00  
     2022         3        21         0        58        22         52       7100       5362 1647824302.000   1647824302.000    6.30000e+02       0.00      90.00   2.25500e+02   3.00500e+02      908.0        9.2           nan           nan     1           2.78450e+02   6.29300e+00  
     2022         3        21         1         3        10         53       7100       5362 1647824590.000   1647824590.000    6.30000e+02      90.00      45.00   2.34500e+02   3.09500e+02      938.2       13.6   2.45700e+01   9.08000e-02     1           2.17020e+02   6.52100e+00  
     2022         3        21         1         6        10         54       7100       5362 1647824770.000   1647824770.000    6.30000e+02     180.00      45.00   2.34500e+02   3.09500e+02      931.1       13.9  -1.01900e+01   3.88000e-02     1           1.82020e+02   5.71500e+00  
     2022         3        21         1         8        34         55       7100       5362 1647824914.000   1647824914.000    6.30000e+02     -90.00      45.00   2.34500e+02   3.09500e+02      930.4        9.1  -4.61200e+01   1.40800e-01     1           3.22140e+02   6.90100e+00  
     2022         3        21         1        10        58         56       7100       5362 1647825058.000   1647825058.000    6.30000e+02       0.00      90.00   2.34500e+02   3.09500e+02      915.8       10.9           nan           nan     1           2.64440e+02   6.72000e+00  
     2022         3        21         1        13        22         57       7100       5362 1647825202.000   1647825202.000    6.30000e+02       0.00      45.00   2.34500e+02   3.09500e+02      907.1       10.1   2.93400e+01   1.07900e-01     1           2.94930e+02   7.02600e+00  
     2022         3        21         1        15        46         58       7100       5362 1647825346.000   1647825346.000    6.30000e+02      90.00      45.00   2.34500e+02   3.09500e+02      951.9       16.3   1.61200e+01   8.02000e-02     1           1.71280e+02   6.01700e+00  
     2022         3        21         1        18        10         59       7100       5362 1647825490.000   1647825490.000    6.30000e+02     180.00      45.00   2.34500e+02   3.09500e+02      943.2       19.6  -1.15100e+01   6.75000e-02     1           1.09200e+02   4.68600e+00  
     2022         3        21         1        20        34         60       7100       5362 1647825634.000   1647825634.000    6.30000e+02     -90.00      45.00   2.34500e+02   3.09500e+02      953.7       21.7   7.26000e+00   4.70000e-02     1           1.04880e+02   4.85200e+00  
     2022         3        21         1        26        34         61       7100       5362 1647825994.000   1647825994.000    6.30000e+02       0.00      90.00   2.34500e+02   3.09500e+02      968.8       24.3           nan           nan     1           8.78100e+01   4.46900e+00  
     2022         3        21         1        29        34         62       7100       5362 1647826174.000   1647826174.000    6.30000e+02       0.00      45.00   2.34500e+02   3.09500e+02      977.3       25.7   1.82900e+01   1.45900e-01     1           9.41100e+01   4.94400e+00  
     2022         3        21         1        31        58         63       7100       5362 1647826318.000   1647826318.000    6.30000e+02      90.00      45.00   2.34500e+02   3.09500e+02      980.3       21.7   2.32600e+01   1.68100e-01     1           1.17360e+02   5.25500e+00  
     2022         3        21         1        34        22         64       7100       5362 1647826462.000   1647826462.000    6.30000e+02     180.00      45.00   2.34500e+02   3.09500e+02      960.1       20.8   6.77000e+00   4.78000e-02     1           1.13850e+02   5.03300e+00  
     2022         3        21         1        36        46         65       7100       5362 1647826606.000   1647826606.000    6.30000e+02     -90.00      45.00   2.34500e+02   3.09500e+02      959.9       24.2   1.62300e+01   1.24200e-01     1           9.87700e+01   5.00100e+00  
     2022         3        21         1        39        10         66       7100       5362 1647826750.000   1647826750.000    6.30000e+02       0.00      90.00   2.34500e+02   3.09500e+02     1028.7       24.0           nan           nan     1           1.19670e+02   5.57100e+00  
     2022         3        21         1        41        34         67       7100       5362 1647826894.000   1647826894.000    6.30000e+02       0.00      45.00   2.34500e+02   3.09500e+02     1038.3       26.7   2.61500e+01   2.06000e-01     2           1.07970e+02   5.48800e+00  
     2022         3        21         1        43        58         68       7100       5362 1647827038.000   1647827038.000    6.30000e+02      90.00      45.00   2.34500e+02   3.09500e+02     1054.6       27.6   2.64000e+01   2.15000e-01     2           1.14510e+02   5.88700e+00  
     2022         3        21         1        46        58         69       7100       5362 1647827218.000   1647827218.000    6.30000e+02     180.00      45.00   2.34500e+02   3.09500e+02     1034.2       24.5   5.60000e+00   4.29000e-02     1           1.22210e+02   5.74300e+00  
     2022         3        21         1        49        22         70       7100       5362 1647827362.000   1647827362.000    6.30000e+02     -90.00      45.00   2.34500e+02   3.09500e+02      997.9       21.8  -6.25000e+00   4.66000e-02     2           1.38740e+02   6.05300e+00  
     2022         3        21         1        55        22         71       7100       5362 1647827722.000   1647827722.000    6.30000e+02       0.00      90.00   2.34500e+02   3.09500e+02     1032.7       25.8           nan           nan     2           1.34030e+02   6.53500e+00  
     2022         3        21         1        57        46         72       7100       5362 1647827866.000   1647827866.000    6.30000e+02       0.00      45.00   2.34500e+02   3.09500e+02     1052.6       25.1   1.85000e+01   1.49100e-01     2           1.42150e+02   6.63400e+00  
     2022         3        21         2         0        10         73       7100       5362 1647828010.000   1647828010.000    6.30000e+02      90.00      45.00   2.40500e+02   3.15500e+02     1066.0       29.0   2.66800e+01   2.28500e-01     2           1.23820e+02   6.54300e+00  
     2022         3        21         2         2        34         74       7100       5362 1647828154.000   1647828154.000    6.30000e+02     180.00      45.00   2.40500e+02   3.15500e+02     1057.3       27.9  -1.83300e+01   1.54000e-01     2           1.17930e+02   6.09400e+00  
     2022         3        21         2         4        58         75       7100       5362 1647828298.000   1647828298.000    6.30000e+02     -90.00      45.00   2.40500e+02   3.15500e+02     1077.5       30.3   3.07100e+01   2.65900e-01     2           1.13870e+02   6.21300e+00  
     2022         3        21         2         7        22         76       7100       5362 1647828442.000   1647828442.000    6.30000e+02       0.00      90.00   2.40500e+02   3.15500e+02     1021.9       24.4           nan           nan     2           1.45390e+02   6.79700e+00  
     2022         3        21         2        10        22         77       7100       5362 1647828622.000   1647828622.000    6.30000e+02       0.00      45.00   2.40500e+02   3.15500e+02     1047.7       27.7   3.79400e+01   3.23700e-01     2           1.20380e+02   6.21600e+00  
     2022         3        21         2        12        46         78       7100       5362 1647828766.000   1647828766.000    6.30000e+02      90.00      45.00   2.40500e+02   3.15500e+02     1084.1       34.5  -1.94000e+00   1.87000e-02     2           1.16370e+02   7.07500e+00  
     2022         3        21         2        15        10         79       7100       5362 1647828910.000   1647828910.000    6.30000e+02     180.00      45.00   2.40500e+02   3.15500e+02     1036.7       31.3  -2.08000e+00   1.96000e-02     2           9.79700e+01   5.74900e+00  
     2022         3        21         2        17        34         80       7100       5362 1647829054.000   1647829054.000    6.30000e+02     -90.00      45.00   2.40500e+02   3.15500e+02     1037.3       29.3   2.51700e+01   2.35900e-01     2           1.16020e+02   6.35000e+00  
     2022         3        21         2        23        34         81       7100       5362 1647829414.000   1647829414.000    6.30000e+02       0.00      90.00   2.40500e+02   3.15500e+02     1072.7       32.3           nan           nan     2           1.15140e+02   6.67800e+00  
     2022         3        21         2        26        34         82       7100       5362 1647829594.000   1647829594.000    6.30000e+02       0.00      45.00   2.40500e+02   3.15500e+02     1178.4       40.6   2.08600e+01   2.37600e-01     2           9.93100e+01   6.51800e+00  
     2022         3        21         2        31        22         83       7100       5362 1647829882.000   1647829882.000    6.30000e+02     180.00      45.00   2.40500e+02   3.15500e+02     1138.3       42.3  -2.28800e+01   2.80200e-01     2           8.44100e+01   5.98500e+00  
     2022         3        21         2        33        46         84       7100       5362 1647830026.000   1647830026.000    6.30000e+02     -90.00      45.00   2.40500e+02   3.15500e+02     1045.7       26.2  -1.59600e+01   1.58100e-01     2           1.32030e+02   6.45800e+00  
     2022         3        21         2        36        10         85       7100       5362 1647830170.000   1647830170.000    6.30000e+02       0.00      90.00   2.40500e+02   3.15500e+02     1143.0       38.2           nan           nan     2           1.17980e+02   7.48100e+00  
     2022         3        21         2        43        58         86       7100       5362 1647830638.000   1647830638.000    6.30000e+02     180.00      45.00   2.40500e+02   3.15500e+02     1184.2       47.8  -1.85600e+01   2.51800e-01     2           8.55200e+01   6.52600e+00  
     2022         3        21         2        46        22         87       7100       5362 1647830782.000   1647830782.000    6.30000e+02     -90.00      45.00   2.40500e+02   3.15500e+02     1029.8       23.9  -4.10600e+01   4.06500e-01     2           1.31830e+02   6.06400e+00  
     2022         3        21         2        54        46         88       7100       5362 1647831286.000   1647831286.000    6.30000e+02       0.00      45.00   2.40500e+02   3.15500e+02     1097.9       28.0   4.26600e+01   4.57100e-01     2           1.63660e+02   8.02600e+00  
     2022         3        21         2        59        34         89       7100       5362 1647831574.000   1647831574.000    6.30000e+02     180.00      45.00   2.42500e+02   3.17500e+02     1186.1       42.5  -2.27800e+01   2.92100e-01     2           9.44600e+01   6.44700e+00  
     2022         3        21         3         1        58         90       7100       5362 1647831718.000   1647831718.000    6.30000e+02     -90.00      45.00   2.42500e+02   3.17500e+02     1030.4       23.5  -1.97100e+01   2.01600e-01     2           1.37540e+02   6.20800e+00  
     2022         3        21         3        12        10         91       7100       5362 1647832330.000   1647832330.000    6.30000e+02     180.00      45.00   2.42500e+02   3.17500e+02     1197.5       43.7   1.00000e+01   1.32400e-01     2           9.17700e+01   6.36200e+00  
     2022         3        21         3        14        34         92       7100       5362 1647832474.000   1647832474.000    6.30000e+02     -90.00      45.00   2.42500e+02   3.17500e+02     1039.8       28.3  -2.37800e+01   2.68500e-01     2           1.14600e+02   6.08100e+00  
     2022         3        21         3        28        22         93       7100       5362 1647833302.000   1647833302.000    6.30000e+02     180.00      45.00   2.42500e+02   3.17500e+02     1107.4       37.3   2.84800e+01   3.64200e-01     2           9.28600e+01   6.00300e+00  
     2022         3        21         3        30        46         94       7100       5362 1647833446.000   1647833446.000    6.30000e+02     -90.00      45.00   2.42500e+02   3.17500e+02     1116.8       38.6   3.78300e+01   4.95100e-01     2           8.31100e+01   5.54000e+00  
     2022         3        21         3        33        10         95       7100       5362 1647833590.000   1647833590.000    6.30000e+02       0.00      90.00   2.42500e+02   3.17500e+02     1195.4       47.4           nan           nan     2           7.58100e+01   5.72500e+00  
     2022         3        21         3        40        22         96       7100       5362 1647834022.000   1647834022.000    6.30000e+02     180.00      45.00   2.42500e+02   3.17500e+02     1111.7       34.4   5.17900e+01   6.49600e-01     2           9.67500e+01   5.79300e+00  
     2022         3        21         3        43        22         97       7100       5362 1647834202.000   1647834202.000    6.30000e+02     -90.00      45.00   2.42500e+02   3.17500e+02     1070.6       27.2   5.14600e+01   5.95400e-01     2           1.32610e+02   6.57500e+00  
     2022         3        21         3        51        46         98       7100       5362 1647834706.000   1647834706.000    6.30000e+02       0.00      45.00   2.42500e+02   3.17500e+02     1158.8       39.3   5.78600e+01   7.80700e-01     2           1.13900e+02   7.33300e+00  
     2022         3        21         3        56        34         99       7100       5362 1647834994.000   1647834994.000    6.30000e+02     180.00      45.00   2.42500e+02   3.17500e+02     1144.7       35.0   4.68200e+01   5.98200e-01     2           1.07600e+02   6.32700e+00  
     2022         3        21         3        58        58        100       7100       5362 1647835138.000   1647835138.000    6.30000e+02     -90.00      45.00   2.40500e+02   3.15500e+02     1163.3       40.5   2.20500e+01   3.04100e-01     2           1.10310e+02   7.27300e+00  
     2022         3        21         4        11        34        101       7100       5362 1647835894.000   1647835894.000    6.30000e+02     -90.00      45.00   2.40500e+02   3.15500e+02     1123.1       30.2   3.44300e+01   4.24100e-01     2           1.50040e+02   7.74000e+00  
     2022         3        21         4        19        58        102       7100       5362 1647836398.000   1647836398.000    6.30000e+02       0.00      45.00   2.40500e+02   3.15500e+02     1208.4       33.6   4.76800e+01   6.13600e-01     2           1.75610e+02   9.23500e+00  
     2022         3        21         4        24        46        103       7100       5362 1647836686.000   1647836686.000    6.30000e+02     180.00      45.00   2.40500e+02   3.15500e+02     1142.0       34.6   3.48100e+01   4.57400e-01     2           1.32060e+02   7.62000e+00  
     2022         3        21         4        27        10        104       7100       5362 1647836830.000   1647836830.000    6.30000e+02     -90.00      45.00   2.40500e+02   3.15500e+02     1242.3       41.9   3.84000e+01   5.40900e-01     2           1.18380e+02   7.55300e+00  
     2022         3        21         4        37        22        105       7100       5362 1647837442.000   1647837442.000    6.30000e+02     180.00      45.00   2.40500e+02   3.15500e+02     1192.7       50.8   3.51100e+01   5.50300e-01     2           7.52400e+01   6.06400e+00  
     2022         3        21         4        53        34        106       7100       5362 1647838414.000   1647838414.000    6.30000e+02     180.00      45.00   2.40500e+02   3.15500e+02     1168.3       49.5  -1.90000e+00   3.01000e-02     2           7.89000e+01   6.31700e+00  
     2022         3        21         4        58        22        107       7100       5362 1647838702.000   1647838702.000    6.30000e+02       0.00      90.00   2.40500e+02   3.15500e+02     1250.5       55.8           nan           nan     2           7.08400e+01   5.96500e+00  
     2022         3        21         5         5        34        108       7100       5362 1647839134.000   1647839134.000    6.30000e+02     180.00      45.00   2.38500e+02   3.13500e+02     1208.1       53.7   9.10000e-01   1.50000e-02     2           6.84200e+01   5.75400e+00  
     2022         3        21         5        14        34        109       7100       5362 1647839674.000   1647839674.000    6.30000e+02       0.00      90.00   2.38500e+02   3.13500e+02     1189.1       54.3           nan           nan     2           6.53900e+01   5.64900e+00  
     2022         3        21         5        19        22        110       7100       5362 1647839962.000   1647839962.000    6.30000e+02      90.00      45.00   2.38500e+02   3.13500e+02     1150.2       61.5   3.90500e+01   6.75100e-01     2           4.79300e+01   4.84900e+00  
     2022         3        21         5        21        46        111       7100       5362 1647840106.000   1647840106.000    6.30000e+02     180.00      45.00   2.38500e+02   3.13500e+02     1194.2       50.3   8.64000e+00   1.29200e-01     2           7.37800e+01   5.88900e+00  
     2022         3        21         5        27        10        112       7100       5362 1647840430.000   1647840430.000    6.30000e+02       0.00      90.00   2.38500e+02   3.13500e+02     1193.7       42.3           nan           nan     2           1.03840e+02   6.97100e+00  
     2022         3        21         5        31        58        113       7100       5362 1647840718.000   1647840718.000    6.30000e+02      90.00      45.00   2.38500e+02   3.13500e+02     1189.0       43.6   1.04600e+01   1.41300e-01     2           9.39100e+01   6.54500e+00  
     2022         3        21         5        34        22        114       7100       5362 1647840862.000   1647840862.000    6.30000e+02     180.00      45.00   2.38500e+02   3.13500e+02     1200.6       45.7   3.20400e+01   4.40400e-01     2           9.11000e+01   6.57200e+00  
     2022         3        21         5        36        46        115       7100       5362 1647841006.000   1647841006.000    6.30000e+02     -90.00      45.00   2.38500e+02   3.13500e+02     1203.9       52.3  -1.11500e+01   1.66700e-01     2           7.33500e+01   6.02500e+00  
     2022         3        21         5        42        46        116       7100       5362 1647841366.000   1647841366.000    6.30000e+02       0.00      90.00   2.38500e+02   3.13500e+02     1170.0       46.3           nan           nan     2           8.12600e+01   6.10700e+00  
     2022         3        21         5        47        34        117       7100       5362 1647841654.000   1647841654.000    6.30000e+02      90.00      45.00   2.38500e+02   3.13500e+02     1170.6       41.3   7.37000e+00   1.02000e-01     2           9.83600e+01   6.60600e+00  
     2022         3        21         5        49        58        118       7100       5362 1647841798.000   1647841798.000    6.30000e+02     180.00      45.00   2.38500e+02   3.13500e+02     1126.7       49.4   4.79100e+01   7.32000e-01     2           6.77400e+01   5.64100e+00  
     2022         3        21         5        52        58        119       7100       5362 1647841978.000   1647841978.000    6.30000e+02     -90.00      45.00   2.38500e+02   3.13500e+02     1172.2       56.9   4.49700e+01   7.50800e-01     2           6.01000e+01   5.51300e+00  
     2022         3        21         5        55        22        120       7100       5362 1647842122.000   1647842122.000    6.30000e+02       0.00      90.00   2.38500e+02   3.13500e+02     1170.1       49.9           nan           nan     2           7.69400e+01   6.20000e+00  
     2022         3        21         6         0        10        121       7100       5362 1647842410.000   1647842410.000    6.30000e+02      90.00      45.00   2.36500e+02   3.11500e+02     1158.9       56.5   7.90000e+00   1.28000e-01     2           5.73300e+01   5.29100e+00  
     2022         3        21         6         2        34        122       7100       5362 1647842554.000   1647842554.000    6.30000e+02     180.00      45.00   2.36500e+02   3.11500e+02     1211.2       53.5   3.79700e+01   5.88100e-01     2           6.77600e+01   5.67100e+00  
     2022         3        21         6        10        58        123       7100       5362 1647843058.000   1647843058.000    6.30000e+02       0.00      90.00   2.36500e+02   3.11500e+02     1253.5       45.5           nan           nan     2           1.05230e+02   7.21300e+00  
     2022         3        21         6        57        10        124       7100       5362 1647845830.000   1647845830.000    6.30000e+02      90.00      45.00   2.36500e+02   3.11500e+02     1058.0       39.7  -1.29000e+00   1.68000e-02     2           8.15300e+01   5.85100e+00  
     2022         3        21         6        59        34        125       7100       5362 1647845974.000   1647845974.000    6.30000e+02     180.00      45.00   2.33500e+02   3.08500e+02     1074.7       40.4   1.06600e+01   1.41100e-01     2           8.48600e+01   6.09000e+00  
     2022         3        21         7        12        46        126       7100       5362 1647846766.000   1647846766.000    6.30000e+02      90.00      45.00   2.33500e+02   3.08500e+02     1085.5       48.4  -1.21200e+01   1.75600e-01     2           6.48000e+01   5.51000e+00  
     2022         3        21         7        15        46        127       7100       5362 1647846946.000   1647846946.000    6.30000e+02     180.00      45.00   2.33500e+02   3.08500e+02     1089.9       40.7  -1.56700e+01   2.06900e-01     2           8.26400e+01   5.91000e+00  
     2022         3        21         7        25        22        128       7100       5362 1647847522.000   1647847522.000    6.30000e+02      90.00      45.00   2.33500e+02   3.08500e+02     1099.0       52.4   1.55200e+01   2.31700e-01     2           5.12100e+01   4.66700e+00  
     2022         3        21         7        27        46        129       7100       5362 1647847666.000   1647847666.000    6.30000e+02     180.00      45.00   2.33500e+02   3.08500e+02      955.7       33.6   3.06400e+01   3.83600e-01     2           6.66400e+01   4.58900e+00  
     2022         3        21         7        41        34        130       7100       5362 1647848494.000   1647848494.000    6.30000e+02      90.00      45.00   2.33500e+02   3.08500e+02      858.7       36.0   7.73500e+01   1.02090e+00     1           3.81600e+01   3.19700e+00  
     2022         3        21         7        43        58        131       7100       5362 1647848638.000   1647848638.000    6.30000e+02     180.00      45.00   2.33500e+02   3.08500e+02      928.1       38.1   3.55600e+01   4.68700e-01     2           5.08500e+01   4.07800e+00  
     2022         3        21         7        51        10        132       7100       5362 1647849070.000   1647849070.000    6.30000e+02       0.00      45.00   2.33500e+02   3.08500e+02     1005.2       50.7  -4.14300e+01   6.31500e-01     2           3.75200e+01   3.67300e+00  
     2022         3        21         7        53        34        133       7100       5362 1647849214.000   1647849214.000    6.30000e+02      90.00      45.00   2.33500e+02   3.08500e+02      939.9       40.1   7.35300e+01   9.97300e-01     2           4.40900e+01   3.69600e+00  
     2022         3        21         8         7        22        134       7100       5362 1647850042.000   1647850042.000    6.30000e+02       0.00      45.00   2.32500e+02   3.07500e+02     1158.0       52.2   2.75900e+01   4.16400e-01     2           5.59600e+01   4.81500e+00  
     2022         3        21         8         9        46        135       7100       5362 1647850186.000   1647850186.000    6.30000e+02      90.00      45.00   2.32500e+02   3.07500e+02      928.4       25.5   7.67600e+01   8.54800e-01     2           1.00760e+02   5.45300e+00  
