   YEAR     MONTH      DAY       HOUR      MIN       SEC       RECNO     KINDAT      KINST       UT1_UNIX        UT2_UNIX        WAVLEN        AZM        ELM         ALTB          ALTE         TN         DTN        VNHLU         DVNHLU     FPI_DATAQUAL      RLE           DRLE     
     2022         3        25        21        45        10          0       7100       5362 1648244710.000   1648244710.000    6.30000e+02     -90.00      45.00   2.03500e+02   2.78500e+02     1084.6        6.1  -3.18200e+01   5.85000e-02     2           1.03395e+03   1.26110e+01  
     2022         3        25        22        51        46          1       7100       5362 1648248706.000   1648248706.000    6.30000e+02     180.00      45.00   2.15500e+02   2.90500e+02      962.9        6.8   4.11900e+01   8.12000e-02     1           4.15950e+02   6.92000e+00  
     2022         3        25        23         0        10          2       7100       5362 1648249210.000   1648249210.000    6.30000e+02       0.00      90.00   2.24500e+02   2.99500e+02      962.1        6.6           nan           nan     1           4.33100e+02   7.04400e+00  
     2022         3        25        23         4        58          3       7100       5362 1648249498.000   1648249498.000    6.30000e+02      90.00      45.00   2.24500e+02   2.99500e+02      953.5        6.6   9.72400e+01   1.89900e-01     1           4.24220e+02   6.96800e+00  
     2022         3        25        23         7        58          4       7100       5362 1648249678.000   1648249678.000    6.30000e+02     180.00      45.00   2.24500e+02   2.99500e+02      950.6        7.4   3.69400e+01   7.67000e-02     1           3.52480e+02   6.42900e+00  
     2022         3        25        23        12        46          5       7100       5362 1648249966.000   1648249966.000    6.30000e+02       0.00      90.00   2.24500e+02   2.99500e+02      963.0        6.6           nan           nan     1           4.32550e+02   7.02200e+00  
     2022         3        25        23        17        34          6       7100       5362 1648250254.000   1648250254.000    6.30000e+02      90.00      45.00   2.24500e+02   2.99500e+02      940.2        6.6   9.94800e+01   1.95000e-01     1           4.05440e+02   6.79900e+00  
     2022         3        25        23        19        58          7       7100       5362 1648250398.000   1648250398.000    6.30000e+02     180.00      45.00   2.24500e+02   2.99500e+02      947.1        7.4   2.55100e+01   5.30000e-02     1           3.44160e+02   6.35500e+00  
     2022         3        25        23        28        58          8       7100       5362 1648250938.000   1648250938.000    6.30000e+02       0.00      90.00   2.24500e+02   2.99500e+02      944.9        6.4           nan           nan     1           4.44990e+02   7.13700e+00  
     2022         3        25        23        36        10          9       7100       5362 1648251370.000   1648251370.000    6.30000e+02     180.00      45.00   2.24500e+02   2.99500e+02      935.3        7.5   3.06500e+01   6.40000e-02     1           3.28760e+02   6.20100e+00  
     2022         3        25        23        46        22         10       7100       5362 1648251982.000   1648251982.000    6.30000e+02      90.00      45.00   2.24500e+02   2.99500e+02      928.4        6.5   1.17320e+02   2.28500e-01     1           4.09870e+02   6.82500e+00  
     2022         3        25        23        48        46         11       7100       5362 1648252126.000   1648252126.000    6.30000e+02     180.00      45.00   2.24500e+02   2.99500e+02      929.2        7.4   3.45400e+01   7.20000e-02     1           3.29440e+02   6.19200e+00  
     2022         3        26         0         2        34         12       7100       5362 1648252954.000   1648252954.000    6.30000e+02      90.00      45.00   2.31500e+02   3.06500e+02      914.3        6.4   1.13240e+02   2.20700e-01     1           4.15590e+02   6.88200e+00  
     2022         3        26         0         4        58         13       7100       5362 1648253098.000   1648253098.000    6.30000e+02     180.00      45.00   2.31500e+02   3.06500e+02      910.1        7.0   3.20600e+01   6.54000e-02     1           3.57880e+02   6.47000e+00  
     2022         3        26         0         7        22         14       7100       5362 1648253242.000   1648253242.000    6.30000e+02     -90.00      45.00   2.31500e+02   3.06500e+02      924.0        6.1  -3.21600e+01   6.13000e-02     1           5.48300e+02   8.30500e+00  
     2022         3        26         0        14        34         15       7100       5362 1648253674.000   1648253674.000    6.30000e+02      90.00      45.00   2.31500e+02   3.06500e+02      914.7        6.5   1.02410e+02   2.01000e-01     1           4.03970e+02   6.78300e+00  
     2022         3        26         0        17        34         16       7100       5362 1648253854.000   1648253854.000    6.30000e+02     180.00      45.00   2.31500e+02   3.06500e+02      903.9        7.1   1.77600e+01   3.67000e-02     1           3.52140e+02   6.46300e+00  
     2022         3        26         0        28        22         17       7100       5362 1648254502.000   1648254502.000    6.30000e+02       0.00      45.00   2.31500e+02   3.06500e+02      907.3        6.5   1.24500e+01   2.50000e-02     1           4.81540e+02   7.89700e+00  
     2022         3        26         0        30        46         18       7100       5362 1648254646.000   1648254646.000    6.30000e+02      90.00      45.00   2.31500e+02   3.06500e+02      902.9        7.3   5.94900e+01   1.25300e-01     1           3.43190e+02   6.42900e+00  
     2022         3        26         0        33        10         19       7100       5362 1648254790.000   1648254790.000    6.30000e+02     180.00      45.00   2.31500e+02   3.06500e+02      897.8        7.4   5.42000e+00   1.15000e-02     1           3.20830e+02   6.17900e+00  
     2022         3        26         0        38        34         20       7100       5362 1648255114.000   1648255114.000    6.30000e+02       0.00      90.00   2.31500e+02   3.06500e+02      901.7        6.4           nan           nan     1           4.07990e+02   6.83900e+00  
     2022         3        26         0        43        22         21       7100       5362 1648255402.000   1648255402.000    6.30000e+02      90.00      45.00   2.31500e+02   3.06500e+02      903.4        7.5   8.19000e+01   1.79700e-01     1           3.06350e+02   5.97600e+00  
     2022         3        26         0        45        46         22       7100       5362 1648255546.000   1648255546.000    6.30000e+02     180.00      45.00   2.31500e+02   3.06500e+02      888.5        7.8  -8.33000e+00   1.90000e-02     1           3.02350e+02   6.14700e+00  
     2022         3        26         0        54        46         23       7100       5362 1648256086.000   1648256086.000    6.30000e+02       0.00      90.00   2.31500e+02   3.06500e+02      896.0        7.2           nan           nan     1           3.28270e+02   6.19300e+00  
     2022         3        26         0        59        34         24       7100       5362 1648256374.000   1648256374.000    6.30000e+02      90.00      45.00   2.39500e+02   3.14500e+02      895.8        8.5   5.23500e+01   1.30700e-01     0           2.55980e+02   5.63600e+00  
     2022         3        26         1         1        58         25       7100       5362 1648256518.000   1648256518.000    6.30000e+02     180.00      45.00   2.39500e+02   3.14500e+02      886.2        9.1  -5.83000e+00   1.53000e-02     1           2.38920e+02   5.57000e+00  
     2022         3        26         1         4        22         26       7100       5362 1648256662.000   1648256662.000    6.30000e+02     -90.00      45.00   2.39500e+02   3.14500e+02      892.7        6.3  -5.96500e+01   1.30800e-01     1           4.61460e+02   7.56600e+00  
     2022         3        26         1         6        46         27       7100       5362 1648256806.000   1648256806.000    6.30000e+02       0.00      90.00   2.39500e+02   3.14500e+02      904.0        7.8           nan           nan     1           2.96820e+02   5.99500e+00  
     2022         3        26         1        12        10         28       7100       5362 1648257130.000   1648257130.000    6.30000e+02      90.00      45.00   2.39500e+02   3.14500e+02      901.1        9.6   6.28300e+01   1.72800e-01     0           2.03960e+02   5.01100e+00  
     2022         3        26         1        14        34         29       7100       5362 1648257274.000   1648257274.000    6.30000e+02     180.00      45.00   2.39500e+02   3.14500e+02      902.4       10.3   4.90000e-01   1.40000e-03     1           1.99200e+02   5.15400e+00  
     2022         3        26         1        16        58         30       7100       5362 1648257418.000   1648257418.000    6.30000e+02     -90.00      45.00   2.39500e+02   3.14500e+02      907.6       10.9  -6.32000e+00   1.94000e-02     1           2.18250e+02   5.74600e+00  
     2022         3        26         1        22        58         31       7100       5362 1648257778.000   1648257778.000    6.30000e+02       0.00      90.00   2.39500e+02   3.14500e+02      904.2        8.7           nan           nan     0           2.38100e+02   5.33900e+00  
     2022         3        26         1        25        22         32       7100       5362 1648257922.000   1648257922.000    6.30000e+02       0.00      45.00   2.39500e+02   3.14500e+02      919.8       13.2   3.42200e+01   1.26900e-01     1           1.86620e+02   5.68900e+00  
     2022         3        26         1        27        46         33       7100       5362 1648258066.000   1648258066.000    6.30000e+02      90.00      45.00   2.39500e+02   3.14500e+02      904.3       10.7   6.93800e+01   2.35400e-01     0           1.69160e+02   4.59400e+00  
     2022         3        26         1        30        10         34       7100       5362 1648258210.000   1648258210.000    6.30000e+02     180.00      45.00   2.39500e+02   3.14500e+02      901.8       10.9  -2.72600e+01   9.90000e-02     0           1.71490e+02   4.71800e+00  
     2022         3        26         1        33        10         35       7100       5362 1648258390.000   1648258390.000    6.30000e+02     -90.00      45.00   2.39500e+02   3.14500e+02      958.0       19.2   1.97000e+01   1.02800e-01     1           1.16180e+02   4.82100e+00  
     2022         3        26         1        35        34         36       7100       5362 1648258534.000   1648258534.000    6.30000e+02       0.00      90.00   2.39500e+02   3.14500e+02      907.6       14.2           nan           nan     1           1.35990e+02   4.61900e+00  
     2022         3        26         1        37        58         37       7100       5362 1648258678.000   1648258678.000    6.30000e+02       0.00      45.00   2.39500e+02   3.14500e+02      905.9       13.2   1.74900e+01   8.53000e-02     1           1.82170e+02   5.62000e+00  
     2022         3        26         1        40        22         38       7100       5362 1648258822.000   1648258822.000    6.30000e+02      90.00      45.00   2.39500e+02   3.14500e+02      896.4       12.2   2.84800e+01   1.42800e-01     0           1.50290e+02   4.56800e+00  
     2022         3        26         1        42        46         39       7100       5362 1648258966.000   1648258966.000    6.30000e+02     180.00      45.00   2.39500e+02   3.14500e+02      906.7       17.0   2.62000e+01   1.64300e-01     1           1.05150e+02   4.20100e+00  
     2022         3        26         1        45        10         40       7100       5362 1648259110.000   1648259110.000    6.30000e+02     -90.00      45.00   2.39500e+02   3.14500e+02      920.3       22.5   1.86200e+01   1.42900e-01     1           8.49300e+01   4.25300e+00  
     2022         3        26         1        51        10         41       7100       5362 1648259470.000   1648259470.000    6.30000e+02       0.00      90.00   2.39500e+02   3.14500e+02      924.5       28.4           nan           nan     1           5.81700e+01   3.63400e+00  
     2022         3        26         1        54        10         42       7100       5362 1648259650.000   1648259650.000    6.30000e+02       0.00      45.00   2.39500e+02   3.14500e+02      927.2       25.5   4.79000e+00   4.45000e-02     1           8.20100e+01   4.53200e+00  
     2022         3        26         1        56        34         43       7100       5362 1648259794.000   1648259794.000    6.30000e+02      90.00      45.00   2.39500e+02   3.14500e+02      910.4       28.8  -1.11300e+01   1.10700e-01     1           5.11700e+01   3.31400e+00  
     2022         3        26         1        58        58         44       7100       5362 1648259938.000   1648259938.000    6.30000e+02     180.00      45.00   2.46500e+02   3.21500e+02      903.0       28.2   1.05500e+01   1.05800e-01     1           5.06400e+01   3.26300e+00  
     2022         3        26         2         1        22         45       7100       5362 1648260082.000   1648260082.000    6.30000e+02     -90.00      45.00   2.46500e+02   3.21500e+02     1073.2       64.0  -1.84000e+00   2.86000e-02     2           2.83800e+01   3.27200e+00  
     2022         3        26         2         3        46         46       7100       5362 1648260226.000   1648260226.000    6.30000e+02       0.00      90.00   2.46500e+02   3.21500e+02      912.0       30.9           nan           nan     1           4.79500e+01   3.30700e+00  
     2022         3        26         2         6        10         47       7100       5362 1648260370.000   1648260370.000    6.30000e+02       0.00      45.00   2.46500e+02   3.21500e+02      920.5       20.3  -2.36200e+01   1.96100e-01     1           9.99700e+01   4.55100e+00  
     2022         3        26         2         8        34         48       7100       5362 1648260514.000   1648260514.000    6.30000e+02      90.00      45.00   2.46500e+02   3.21500e+02      879.1       15.0   2.69200e+01   1.86200e-01     1           1.11340e+02   4.14900e+00  
     2022         3        26         2        11        34         49       7100       5362 1648260694.000   1648260694.000    6.30000e+02     180.00      45.00   2.46500e+02   3.21500e+02      898.3       37.5   4.47800e+01   4.74800e-01     1           3.35500e+01   2.83800e+00  
     2022         3        26         2        13        58         50       7100       5362 1648260838.000   1648260838.000    6.30000e+02     -90.00      45.00   2.46500e+02   3.21500e+02      980.4       40.8   3.75900e+01   3.88000e-01     2           4.08300e+01   3.36900e+00  
     2022         3        26         2        19        58         51       7100       5362 1648261198.000   1648261198.000    6.30000e+02       0.00      90.00   2.46500e+02   3.21500e+02      887.3       14.7           nan           nan     1           1.24830e+02   4.46500e+00  
     2022         3        26         2        22        22         52       7100       5362 1648261342.000   1648261342.000    6.30000e+02       0.00      45.00   2.46500e+02   3.21500e+02      901.1       17.6   6.57000e+00   3.73000e-02     1           1.15830e+02   4.71600e+00  
     2022         3        26         2        24        46         53       7100       5362 1648261486.000   1648261486.000    6.30000e+02      90.00      45.00   2.46500e+02   3.21500e+02      880.0       13.8  -1.15000e+00   6.00000e-03     0           1.20020e+02   4.17200e+00  
     2022         3        26         2        27        10         54       7100       5362 1648261630.000   1648261630.000    6.30000e+02     180.00      45.00   2.46500e+02   3.21500e+02      894.6       16.6   2.52300e+01   1.49900e-01     0           9.69000e+01   3.89300e+00  
     2022         3        26         2        29        34         55       7100       5362 1648261774.000   1648261774.000    6.30000e+02     -90.00      45.00   2.46500e+02   3.21500e+02     1030.8       39.6   1.14700e+01   1.15000e-01     2           5.40900e+01   4.07900e+00  
     2022         3        26         2        32        34         56       7100       5362 1648261954.000   1648261954.000    6.30000e+02       0.00      90.00   2.46500e+02   3.21500e+02      918.3       22.5           nan           nan     1           7.90200e+01   3.99800e+00  
     2022         3        26         2        34        58         57       7100       5362 1648262098.000   1648262098.000    6.30000e+02       0.00      45.00   2.46500e+02   3.21500e+02      951.7       27.8  -2.05600e+01   1.77700e-01     1           7.41300e+01   4.34200e+00  
     2022         3        26         2        37        22         58       7100       5362 1648262242.000   1648262242.000    6.30000e+02      90.00      45.00   2.46500e+02   3.21500e+02      868.3       13.0   2.76400e+01   1.75100e-01     0           1.23360e+02   4.14000e+00  
     2022         3        26         2        39        46         59       7100       5362 1648262386.000   1648262386.000    6.30000e+02     180.00      45.00   2.46500e+02   3.21500e+02      912.0       26.2   2.30000e+01   2.02100e-01     0           5.52800e+01   3.30200e+00  
     2022         3        26         2        42        10         60       7100       5362 1648262530.000   1648262530.000    6.30000e+02     -90.00      45.00   2.46500e+02   3.21500e+02      947.4       26.1  -6.10000e-01   5.50000e-03     1           7.20200e+01   4.03600e+00  
     2022         3        26         2        48        46         61       7100       5362 1648262926.000   1648262926.000    6.30000e+02       0.00      90.00   2.46500e+02   3.21500e+02      922.4       29.9           nan           nan     1           5.06600e+01   3.35300e+00  
     2022         3        26         2        51        10         62       7100       5362 1648263070.000   1648263070.000    6.30000e+02       0.00      45.00   2.46500e+02   3.21500e+02     1001.6       43.2  -2.16300e+01   2.57000e-01     2           5.01800e+01   4.20300e+00  
     2022         3        26         2        53        34         63       7100       5362 1648263214.000   1648263214.000    6.30000e+02      90.00      45.00   2.46500e+02   3.21500e+02      894.9       19.8   1.72100e+01   1.29900e-01     0           7.67500e+01   3.62200e+00  
     2022         3        26         2        55        58         64       7100       5362 1648263358.000   1648263358.000    6.30000e+02     180.00      45.00   2.46500e+02   3.21500e+02      944.4       33.1   4.80900e+01   4.49900e-01     1           4.36000e+01   3.11800e+00  
     2022         3        26         2        58        22         65       7100       5362 1648263502.000   1648263502.000    6.30000e+02     -90.00      45.00   2.46500e+02   3.21500e+02     1127.1       54.3   2.36400e+01   2.87300e-01     2           4.55700e+01   4.21500e+00  
     2022         3        26         3         0        46         66       7100       5362 1648263646.000   1648263646.000    6.30000e+02       0.00      90.00   2.49500e+02   3.24500e+02      891.1       16.5           nan           nan     0           9.86000e+01   3.95300e+00  
     2022         3        26         3         3        46         67       7100       5362 1648263826.000   1648263826.000    6.30000e+02       0.00      45.00   2.49500e+02   3.24500e+02     1025.1       50.8   2.67600e+01   3.23500e-01     2           4.22400e+01   4.03400e+00  
     2022         3        26         3         6        10         68       7100       5362 1648263970.000   1648263970.000    6.30000e+02      90.00      45.00   2.49500e+02   3.24500e+02      934.3       27.7   2.96700e+01   2.50600e-01     1           5.59600e+01   3.41100e+00  
     2022         3        26         3         8        34         69       7100       5362 1648264114.000   1648264114.000    6.30000e+02     180.00      45.00   2.49500e+02   3.24500e+02      993.4       39.5   5.80400e+01   6.32100e-01     1           4.02300e+01   3.20500e+00  
     2022         3        26         3        10        58         70       7100       5362 1648264258.000   1648264258.000    6.30000e+02     -90.00      45.00   2.49500e+02   3.24500e+02     1119.8       56.3   1.02600e+01   1.43100e-01     2           4.17600e+01   4.03600e+00  
     2022         3        26         3        16        58         71       7100       5362 1648264618.000   1648264618.000    6.30000e+02       0.00      90.00   2.49500e+02   3.24500e+02      974.6       34.4           nan           nan     1           5.04300e+01   3.56800e+00  
     2022         3        26         3        19        58         72       7100       5362 1648264798.000   1648264798.000    6.30000e+02       0.00      45.00   2.49500e+02   3.24500e+02     1160.8       71.1   1.66300e+01   2.86900e-01     2           3.52800e+01   4.09600e+00  
     2022         3        26         3        22        22         73       7100       5362 1648264942.000   1648264942.000    6.30000e+02      90.00      45.00   2.49500e+02   3.24500e+02      986.4       35.0   3.93800e+01   4.25400e-01     1           4.36200e+01   3.14700e+00  
     2022         3        26         3        24        46         74       7100       5362 1648265086.000   1648265086.000    6.30000e+02     180.00      45.00   2.49500e+02   3.24500e+02     1032.7       58.2   4.81200e+01   7.00700e-01     2           2.71000e+01   2.98700e+00  
     2022         3        26         3        27        10         75       7100       5362 1648265230.000   1648265230.000    6.30000e+02     -90.00      45.00   2.49500e+02   3.24500e+02     1124.4       50.3  -1.45300e+01   1.77200e-01     2           4.91000e+01   4.23500e+00  
     2022         3        26         3        29        34         76       7100       5362 1648265374.000   1648265374.000    6.30000e+02       0.00      90.00   2.49500e+02   3.24500e+02      947.7       23.0           nan           nan     1           7.30700e+01   3.70800e+00  
     2022         3        26         3        31        58         77       7100       5362 1648265518.000   1648265518.000    6.30000e+02       0.00      45.00   2.49500e+02   3.24500e+02     1129.5       56.7  -1.50300e+01   1.96700e-01     2           4.16800e+01   4.02200e+00  
     2022         3        26         3        34        22         78       7100       5362 1648265662.000   1648265662.000    6.30000e+02      90.00      45.00   2.49500e+02   3.24500e+02      996.6       38.9  -3.91200e+01   4.17200e-01     1           3.97500e+01   3.12000e+00  
     2022         3        26         3        37        22         79       7100       5362 1648265842.000   1648265842.000    6.30000e+02     180.00      45.00   2.49500e+02   3.24500e+02     1138.4       60.2   7.48000e+00   1.06100e-01     2           3.13300e+01   3.22200e+00  
     2022         3        26         3        39        46         80       7100       5362 1648265986.000   1648265986.000    6.30000e+02     -90.00      45.00   2.49500e+02   3.24500e+02     1136.8       46.5  -3.10800e+01   3.82100e-01     2           5.07600e+01   4.04600e+00  
     2022         3        26         3        45        46         81       7100       5362 1648266346.000   1648266346.000    6.30000e+02       0.00      90.00   2.49500e+02   3.24500e+02      990.1       33.1           nan           nan     1           5.07000e+01   3.43400e+00  
     2022         3        26         3        48        10         82       7100       5362 1648266490.000   1648266490.000    6.30000e+02       0.00      45.00   2.49500e+02   3.24500e+02     1108.2       59.8  -1.43700e+01   2.17300e-01     2           3.74600e+01   3.87700e+00  
     2022         3        26         3        50        34         83       7100       5362 1648266634.000   1648266634.000    6.30000e+02      90.00      45.00   2.49500e+02   3.24500e+02      980.2       41.8   9.44000e+00   1.16400e-01     1           3.25500e+01   2.80400e+00  
     2022         3        26         3        52        58         84       7100       5362 1648266778.000   1648266778.000    6.30000e+02     180.00      45.00   2.49500e+02   3.24500e+02     1029.7       46.1   1.86500e+01   2.40100e-01     1           3.28900e+01   2.93900e+00  
     2022         3        26         3        55        22         85       7100       5362 1648266922.000   1648266922.000    6.30000e+02     -90.00      45.00   2.49500e+02   3.24500e+02     1123.2       55.5  -1.03600e+01   1.47000e-01     2           4.16700e+01   3.96600e+00  
     2022         3        26         3        58        22         86       7100       5362 1648267102.000   1648267102.000    6.30000e+02       0.00      90.00   2.49500e+02   3.24500e+02     1033.1       32.0           nan           nan     1           5.60900e+01   3.54000e+00  
     2022         3        26         4         0        46         87       7100       5362 1648267246.000   1648267246.000    6.30000e+02       0.00      45.00   2.49500e+02   3.24500e+02     1096.2       49.8  -3.88400e+01   5.30600e-01     2           4.62200e+01   4.06300e+00  
     2022         3        26         4         3        10         88       7100       5362 1648267390.000   1648267390.000    6.30000e+02      90.00      45.00   2.49500e+02   3.24500e+02     1080.3       49.1   1.43000e+00   2.03000e-02     2           3.48900e+01   3.14200e+00  
     2022         3        26         4         5        34         89       7100       5362 1648267534.000   1648267534.000    6.30000e+02     180.00      45.00   2.49500e+02   3.24500e+02     1002.1       44.4  -9.40000e+00   1.34100e-01     1           3.36800e+01   2.97600e+00  
     2022         3        26         4         7        58         90       7100       5362 1648267678.000   1648267678.000    6.30000e+02     -90.00      45.00   2.49500e+02   3.24500e+02     1170.4       64.1  -1.46200e+01   2.57300e-01     2           3.87600e+01   4.04800e+00  
     2022         3        26         4        13        58         91       7100       5362 1648268038.000   1648268038.000    6.30000e+02       0.00      90.00   2.49500e+02   3.24500e+02     1048.3       52.5           nan           nan     2           3.16600e+01   3.11500e+00  
     2022         3        26         4        16        22         92       7100       5362 1648268182.000   1648268182.000    6.30000e+02       0.00      45.00   2.49500e+02   3.24500e+02     1217.8       71.8  -6.00600e+01   1.16930e+00     2           3.83000e+01   4.27600e+00  
     2022         3        26         4        18        46         93       7100       5362 1648268326.000   1648268326.000    6.30000e+02      90.00      45.00   2.49500e+02   3.24500e+02     1001.8       42.5  -2.23100e+01   3.26100e-01     1           3.68100e+01   3.11400e+00  
     2022         3        26         4        21        46         94       7100       5362 1648268506.000   1648268506.000    6.30000e+02     180.00      45.00   2.49500e+02   3.24500e+02      932.0       21.2   7.97000e+00   8.12000e-02     0           7.35700e+01   3.56400e+00  
     2022         3        26         4        24        10         95       7100       5362 1648268650.000   1648268650.000    6.30000e+02     -90.00      45.00   2.49500e+02   3.24500e+02     1110.9       64.2  -4.26500e+01   7.02200e-01     2           3.50600e+01   3.87000e+00  
     2022         3        26         4        26        34         96       7100       5362 1648268794.000   1648268794.000    6.30000e+02       0.00      90.00   2.49500e+02   3.24500e+02      959.0       31.2           nan           nan     1           5.22300e+01   3.45700e+00  
     2022         3        26         4        28        58         97       7100       5362 1648268938.000   1648268938.000    6.30000e+02       0.00      45.00   2.49500e+02   3.24500e+02     1035.2       43.2   1.30600e+01   1.61200e-01     2           5.10300e+01   4.14200e+00  
     2022         3        26         4        31        22         98       7100       5362 1648269082.000   1648269082.000    6.30000e+02      90.00      45.00   2.49500e+02   3.24500e+02      997.7       34.2   1.88300e+01   2.00700e-01     1           4.74000e+01   3.29300e+00  
     2022         3        26         4        33        46         99       7100       5362 1648269226.000   1648269226.000    6.30000e+02     180.00      45.00   2.49500e+02   3.24500e+02      989.4       35.5   3.97700e+01   4.27700e-01     1           4.31000e+01   3.14400e+00  
     2022         3        26         4        36        10        100       7100       5362 1648269370.000   1648269370.000    6.30000e+02     -90.00      45.00   2.49500e+02   3.24500e+02     1076.2       57.8   2.68100e+01   3.82900e-01     2           3.85000e+01   3.96300e+00  
     2022         3        26         4        42        46        101       7100       5362 1648269766.000   1648269766.000    6.30000e+02       0.00      90.00   2.49500e+02   3.24500e+02      960.2       26.5           nan           nan     1           6.88900e+01   3.88400e+00  
     2022         3        26         4        45        10        102       7100       5362 1648269910.000   1648269910.000    6.30000e+02       0.00      45.00   2.49500e+02   3.24500e+02      992.8       25.0   1.03500e+01   8.54000e-02     1           9.21100e+01   4.68600e+00  
     2022         3        26         4        47        34        103       7100       5362 1648270054.000   1648270054.000    6.30000e+02      90.00      45.00   2.49500e+02   3.24500e+02      963.0       21.1   2.53700e+01   1.80100e-01     1           9.04200e+01   4.13700e+00  
     2022         3        26         4        49        58        104       7100       5362 1648270198.000   1648270198.000    6.30000e+02     180.00      45.00   2.49500e+02   3.24500e+02      985.6       31.9   1.48800e+01   1.28100e-01     1           5.56900e+01   3.64300e+00  
     2022         3        26         4        52        22        105       7100       5362 1648270342.000   1648270342.000    6.30000e+02     -90.00      45.00   2.49500e+02   3.24500e+02      947.8       15.3  -2.28400e+01   1.22200e-01     1           1.53700e+02   5.23000e+00  
     2022         3        26         4        54        46        106       7100       5362 1648270486.000   1648270486.000    6.30000e+02       0.00      90.00   2.49500e+02   3.24500e+02      935.0       15.2           nan           nan     1           1.35510e+02   4.71500e+00  
     2022         3        26         4        57        10        107       7100       5362 1648270630.000   1648270630.000    6.30000e+02       0.00      45.00   2.49500e+02   3.24500e+02      946.9       11.4   7.77000e+00   3.23000e-02     1           2.14040e+02   5.64200e+00  
     2022         3        26         4        59        34        108       7100       5362 1648270774.000   1648270774.000    6.30000e+02      90.00      45.00   2.46500e+02   3.21500e+02      937.2       13.7   2.50000e+01   1.12700e-01     1           1.49280e+02   4.76400e+00  
     2022         3        26         5         2        34        109       7100       5362 1648270954.000   1648270954.000    6.30000e+02     180.00      45.00   2.46500e+02   3.21500e+02      943.1       14.3   1.51100e+01   6.73000e-02     1           1.34370e+02   4.46400e+00  
     2022         3        26         5         4        58        110       7100       5362 1648271098.000   1648271098.000    6.30000e+02     -90.00      45.00   2.46500e+02   3.21500e+02      939.1        8.9  -3.92500e+01   1.36300e-01     1           2.68840e+02   5.84200e+00  
     2022         3        26         5        10        58        111       7100       5362 1648271458.000   1648271458.000    6.30000e+02       0.00      90.00   2.46500e+02   3.21500e+02      936.9       11.4           nan           nan     1           1.96290e+02   5.29600e+00  
     2022         3        26         5        13        58        112       7100       5362 1648271638.000   1648271638.000    6.30000e+02       0.00      45.00   2.46500e+02   3.21500e+02      928.4        7.5   4.87000e+00   1.44000e-02     1           3.56390e+02   6.63400e+00  
     2022         3        26         5        16        22        113       7100       5362 1648271782.000   1648271782.000    6.30000e+02      90.00      45.00   2.46500e+02   3.21500e+02      932.4       12.8   2.57200e+01   9.73000e-02     1           1.74170e+02   5.19400e+00  
     2022         3        26         5        18        46        114       7100       5362 1648271926.000   1648271926.000    6.30000e+02     180.00      45.00   2.46500e+02   3.21500e+02      933.3       12.2   1.07700e+01   3.84000e-02     0           1.57360e+02   4.62800e+00  
     2022         3        26         5        21        10        115       7100       5362 1648272070.000   1648272070.000    6.30000e+02     -90.00      45.00   2.46500e+02   3.21500e+02      928.5        7.8  -2.84800e+01   7.93000e-02     1           3.27530e+02   6.34000e+00  
     2022         3        26         5        23        34        116       7100       5362 1648272214.000   1648272214.000    6.30000e+02       0.00      90.00   2.46500e+02   3.21500e+02      919.1        9.3           nan           nan     0           2.20510e+02   5.19600e+00  
     2022         3        26         5        25        58        117       7100       5362 1648272358.000   1648272358.000    6.30000e+02       0.00      45.00   2.46500e+02   3.21500e+02      917.6        6.9  -1.25700e+01   3.21000e-02     1           4.10410e+02   7.10100e+00  
     2022         3        26         5        28        22        118       7100       5362 1648272502.000   1648272502.000    6.30000e+02      90.00      45.00   2.46500e+02   3.21500e+02      904.9        9.6   4.47400e+01   1.33800e-01     1           2.31170e+02   5.53500e+00  
     2022         3        26         5        30        46        119       7100       5362 1648272646.000   1648272646.000    6.30000e+02     180.00      45.00   2.46500e+02   3.21500e+02      896.7       11.2   9.34000e+00   3.03000e-02     0           1.68390e+02   4.74900e+00  
     2022         3        26         5        33        46        120       7100       5362 1648272826.000   1648272826.000    6.30000e+02     -90.00      45.00   2.46500e+02   3.21500e+02      930.1        6.9  -3.21500e+01   8.00000e-02     1           3.82970e+02   6.71500e+00  
     2022         3        26         5        39        46        121       7100       5362 1648273186.000   1648273186.000    6.30000e+02       0.00      90.00   2.46500e+02   3.21500e+02      891.9        8.4           nan           nan     1           2.55890e+02   5.57200e+00  
     2022         3        26         5        42        10        122       7100       5362 1648273330.000   1648273330.000    6.30000e+02       0.00      45.00   2.46500e+02   3.21500e+02      897.0        8.1  -1.28000e+00   3.40000e-03     1           3.22810e+02   6.56400e+00  
     2022         3        26         5        44        34        123       7100       5362 1648273474.000   1648273474.000    6.30000e+02      90.00      45.00   2.46500e+02   3.21500e+02      890.2        9.7   4.13400e+01   1.22900e-01     1           2.53470e+02   6.10300e+00  
     2022         3        26         5        46        58        124       7100       5362 1648273618.000   1648273618.000    6.30000e+02     180.00      45.00   2.46500e+02   3.21500e+02      898.9        9.8   1.54300e+01   4.52000e-02     0           2.07750e+02   5.16800e+00  
     2022         3        26         5        51        46        125       7100       5362 1648273906.000   1648273906.000    6.30000e+02       0.00      90.00   2.46500e+02   3.21500e+02      905.7        8.3           nan           nan     1           2.79500e+02   5.91500e+00  
     2022         3        26         5        54        46        126       7100       5362 1648274086.000   1648274086.000    6.30000e+02       0.00      45.00   2.46500e+02   3.21500e+02      892.0        6.7  -1.58000e+00   3.90000e-03     1           4.17270e+02   7.20800e+00  
     2022         3        26         5        57        10        127       7100       5362 1648274230.000   1648274230.000    6.30000e+02      90.00      45.00   2.46500e+02   3.21500e+02      892.5       10.7   3.68000e+01   1.17700e-01     1           2.25520e+02   5.88700e+00  
     2022         3        26         5        59        34        128       7100       5362 1648274374.000   1648274374.000    6.30000e+02     180.00      45.00   2.43500e+02   3.18500e+02      898.1        9.9   1.79600e+01   5.51000e-02     1           2.14480e+02   5.34400e+00  
     2022         3        26         6         1        58        129       7100       5362 1648274518.000   1648274518.000    6.30000e+02     -90.00      45.00   2.43500e+02   3.18500e+02      907.8        6.6  -2.29800e+01   5.86000e-02     1           4.02460e+02   6.88900e+00  
     2022         3        26         6         8        34        130       7100       5362 1648274914.000   1648274914.000    6.30000e+02       0.00      90.00   2.43500e+02   3.18500e+02      889.8        9.7           nan           nan     1           2.37470e+02   5.75200e+00  
     2022         3        26         6        10        58        131       7100       5362 1648275058.000   1648275058.000    6.30000e+02       0.00      45.00   2.43500e+02   3.18500e+02      893.6        6.6  -5.64000e+00   1.53000e-02     1           4.19050e+02   7.14900e+00  
     2022         3        26         6        13        22        132       7100       5362 1648275202.000   1648275202.000    6.30000e+02      90.00      45.00   2.43500e+02   3.18500e+02      886.5       12.5   1.73600e+01   6.68000e-02     1           1.90570e+02   5.70900e+00  
     2022         3        26         6        15        46        133       7100       5362 1648275346.000   1648275346.000    6.30000e+02     180.00      45.00   2.43500e+02   3.18500e+02      877.6       10.6   1.91900e+01   6.71000e-02     1           1.88000e+02   5.08300e+00  
     2022         3        26         6        18        10        134       7100       5362 1648275490.000   1648275490.000    6.30000e+02     -90.00      45.00   2.43500e+02   3.18500e+02      899.3        7.7  -1.75100e+01   5.31000e-02     1           3.20520e+02   6.34300e+00  
     2022         3        26         6        20        34        135       7100       5362 1648275634.000   1648275634.000    6.30000e+02       0.00      90.00   2.43500e+02   3.18500e+02      879.7       10.9           nan           nan     1           1.94580e+02   5.30900e+00  
     2022         3        26         6        22        58        136       7100       5362 1648275778.000   1648275778.000    6.30000e+02       0.00      45.00   2.43500e+02   3.18500e+02      867.1        8.6   1.20600e+01   4.15000e-02     1           2.70840e+02   6.07200e+00  
     2022         3        26         6        25        58        137       7100       5362 1648275958.000   1648275958.000    6.30000e+02      90.00      45.00   2.43500e+02   3.18500e+02      913.1       16.2   3.31200e+01   1.63100e-01     1           1.50800e+02   5.53100e+00  
     2022         3        26         6        28        22        138       7100       5362 1648276102.000   1648276102.000    6.30000e+02     180.00      45.00   2.43500e+02   3.18500e+02      884.0       11.8   1.98500e+01   8.43000e-02     0           1.57360e+02   4.67600e+00  
     2022         3        26         6        30        46        139       7100       5362 1648276246.000   1648276246.000    6.30000e+02     -90.00      45.00   2.43500e+02   3.18500e+02      898.6       14.5  -8.83000e+00   4.35000e-02     1           1.53870e+02   5.23200e+00  
     2022         3        26         6        36        46        140       7100       5362 1648276606.000   1648276606.000    6.30000e+02       0.00      90.00   2.43500e+02   3.18500e+02      876.3       16.3           nan           nan     1           1.16080e+02   4.55900e+00  
     2022         3        26         6        39        10        141       7100       5362 1648276750.000   1648276750.000    6.30000e+02       0.00      45.00   2.43500e+02   3.18500e+02      870.6       12.4   1.31700e+01   6.78000e-02     1           1.67350e+02   5.15400e+00  
     2022         3        26         6        41        34        142       7100       5362 1648276894.000   1648276894.000    6.30000e+02      90.00      45.00   2.43500e+02   3.18500e+02      894.8       19.8   2.25400e+01   1.49800e-01     1           9.33500e+01   4.29400e+00  
     2022         3        26         6        43        58        143       7100       5362 1648277038.000   1648277038.000    6.30000e+02     180.00      45.00   2.43500e+02   3.18500e+02      862.5       15.8   4.13200e+01   2.55000e-01     1           1.14510e+02   4.45300e+00  
     2022         3        26         6        46        58        144       7100       5362 1648277218.000   1648277218.000    6.30000e+02     -90.00      45.00   2.43500e+02   3.18500e+02      954.0       27.1   1.61900e+01   1.35600e-01     1           8.16300e+01   4.63300e+00  
     2022         3        26         6        49        22        145       7100       5362 1648277362.000   1648277362.000    6.30000e+02       0.00      90.00   2.43500e+02   3.18500e+02      896.2       21.7           nan           nan     1           8.53400e+01   4.24800e+00  
     2022         3        26         6        51        46        146       7100       5362 1648277506.000   1648277506.000    6.30000e+02       0.00      45.00   2.43500e+02   3.18500e+02     1005.6       42.9  -1.08000e+00   1.21000e-02     2           5.05700e+01   4.19300e+00  
     2022         3        26         6        54        10        147       7100       5362 1648277650.000   1648277650.000    6.30000e+02      90.00      45.00   2.43500e+02   3.18500e+02      915.2       26.6   1.60800e+01   1.38200e-01     1           6.45700e+01   3.82400e+00  
     2022         3        26         6        56        34        148       7100       5362 1648277794.000   1648277794.000    6.30000e+02     180.00      45.00   2.43500e+02   3.18500e+02      870.3       21.4   3.48900e+01   2.75900e-01     1           7.94200e+01   4.03700e+00  
     2022         3        26         6        58        58        149       7100       5362 1648277938.000   1648277938.000    6.30000e+02     -90.00      45.00   2.40500e+02   3.15500e+02      872.6       14.4  -2.02300e+01   1.32600e-01     1           1.27410e+02   4.52700e+00  
     2022         3        26         7         4        58        150       7100       5362 1648278298.000   1648278298.000    6.30000e+02       0.00      90.00   2.40500e+02   3.15500e+02      890.3       23.5           nan           nan     1           7.34500e+01   3.97700e+00  
     2022         3        26         7         7        22        151       7100       5362 1648278442.000   1648278442.000    6.30000e+02       0.00      45.00   2.40500e+02   3.15500e+02      919.2       30.0   2.58900e+01   2.47100e-01     1           6.25900e+01   4.07600e+00  
     2022         3        26         7        10        22        152       7100       5362 1648278622.000   1648278622.000    6.30000e+02      90.00      45.00   2.40500e+02   3.15500e+02      933.4       32.4   2.05800e+01   2.04700e-01     1           5.45800e+01   3.78300e+00  
     2022         3        26         7        12        46        153       7100       5362 1648278766.000   1648278766.000    6.30000e+02     180.00      45.00   2.40500e+02   3.15500e+02      858.3       20.1   2.43600e+01   1.92500e-01     0           7.09500e+01   3.53700e+00  
     2022         3        26         7        15        10        154       7100       5362 1648278910.000   1648278910.000    6.30000e+02     -90.00      45.00   2.40500e+02   3.15500e+02      854.5       16.1  -1.18300e+01   8.45000e-02     0           9.28600e+01   3.81300e+00  
     2022         3        26         7        17        34        155       7100       5362 1648279054.000   1648279054.000    6.30000e+02       0.00      90.00   2.40500e+02   3.15500e+02      909.1       25.3           nan           nan     0           5.73100e+01   3.33300e+00  
     2022         3        26         7        19        58        156       7100       5362 1648279198.000   1648279198.000    6.30000e+02       0.00      45.00   2.40500e+02   3.15500e+02      884.5       24.9  -1.17000e+01   1.05800e-01     1           6.76100e+01   3.87700e+00  
     2022         3        26         7        22        22        157       7100       5362 1648279342.000   1648279342.000    6.30000e+02      90.00      45.00   2.40500e+02   3.15500e+02      923.9       37.8   2.17000e+01   2.47900e-01     2           4.30900e+01   3.49700e+00  
     2022         3        26         7        24        46        158       7100       5362 1648279486.000   1648279486.000    6.30000e+02     180.00      45.00   2.40500e+02   3.15500e+02      844.5       22.4   3.13500e+01   2.76700e-01     0           5.46700e+01   3.08500e+00  
     2022         3        26         7        27        46        159       7100       5362 1648279666.000   1648279666.000    6.30000e+02     -90.00      45.00   2.40500e+02   3.15500e+02      858.2       17.1  -1.85700e+01   1.47800e-01     0           7.96500e+01   3.47600e+00  
     2022         3        26         7        33        46        160       7100       5362 1648280026.000   1648280026.000    6.30000e+02       0.00      90.00   2.40500e+02   3.15500e+02      845.2       29.7           nan           nan     0           3.83900e+01   2.79300e+00  
     2022         3        26         7        36        10        161       7100       5362 1648280170.000   1648280170.000    6.30000e+02       0.00      45.00   2.40500e+02   3.15500e+02      856.9       23.1   4.40000e+00   4.29000e-02     1           6.73200e+01   3.74900e+00  
     2022         3        26         7        38        34        162       7100       5362 1648280314.000   1648280314.000    6.30000e+02      90.00      45.00   2.40500e+02   3.15500e+02      967.8       48.8   4.14000e+00   6.08000e-02     2           4.50300e+01   4.35100e+00  
     2022         3        26         7        40        58        163       7100       5362 1648280458.000   1648280458.000    6.30000e+02     180.00      45.00   2.40500e+02   3.15500e+02      873.4       30.3   3.87200e+01   4.39000e-01     1           4.76600e+01   3.34700e+00  
     2022         3        26         7        43        22        164       7100       5362 1648280602.000   1648280602.000    6.30000e+02     -90.00      45.00   2.40500e+02   3.15500e+02      837.7       19.3   1.71700e+01   1.60300e-01     0           6.54800e+01   3.25500e+00  
     2022         3        26         7        45        46        165       7100       5362 1648280746.000   1648280746.000    6.30000e+02       0.00      90.00   2.40500e+02   3.15500e+02      909.6       34.4           nan           nan     0           3.64800e+01   2.82700e+00  
     2022         3        26         7        48        46        166       7100       5362 1648280926.000   1648280926.000    6.30000e+02       0.00      45.00   2.40500e+02   3.15500e+02      844.0       23.3   7.82000e+00   7.97000e-02     1           6.58900e+01   3.73800e+00  
     2022         3        26         7        51        10        167       7100       5362 1648281070.000   1648281070.000    6.30000e+02      90.00      45.00   2.40500e+02   3.15500e+02      894.2       41.0   4.25700e+01   5.77900e-01     2           4.42600e+01   3.95100e+00  
     2022         3        26         7        53        34        168       7100       5362 1648281214.000   1648281214.000    6.30000e+02     180.00      45.00   2.40500e+02   3.15500e+02      906.6       32.9   5.32100e+01   6.29700e-01     1           4.63200e+01   3.38300e+00  
     2022         3        26         7        55        58        169       7100       5362 1648281358.000   1648281358.000    6.30000e+02     -90.00      45.00   2.40500e+02   3.15500e+02      836.8       20.7  -1.67600e+01   1.62100e-01     0           6.21000e+01   3.27900e+00  
     2022         3        26         8         2        34        170       7100       5362 1648281754.000   1648281754.000    6.30000e+02       0.00      90.00   2.38500e+02   3.13500e+02      857.6       32.8           nan           nan     1           4.59900e+01   3.50800e+00  
     2022         3        26         8         4        58        171       7100       5362 1648281898.000   1648281898.000    6.30000e+02       0.00      45.00   2.38500e+02   3.13500e+02      815.6       20.1  -7.80000e+00   7.38000e-02     1           6.75900e+01   3.51400e+00  
     2022         3        26         8         7        22        172       7100       5362 1648282042.000   1648282042.000    6.30000e+02      90.00      45.00   2.38500e+02   3.13500e+02      842.0       22.6   4.80000e+01   4.66000e-01     1           7.43400e+01   4.06900e+00  
     2022         3        26         8         9        46        173       7100       5362 1648282186.000   1648282186.000    6.30000e+02     180.00      45.00   2.38500e+02   3.13500e+02      837.8       23.7   6.27900e+01   6.14700e-01     1           6.35000e+01   3.69500e+00  
     2022         3        26         8        12        10        174       7100       5362 1648282330.000   1648282330.000    6.30000e+02     -90.00      45.00   2.38500e+02   3.13500e+02      860.0       22.6  -1.49800e+01   1.39700e-01     1           6.61900e+01   3.62500e+00  
     2022         3        26         8        14        34        175       7100       5362 1648282474.000   1648282474.000    6.30000e+02       0.00      90.00   2.38500e+02   3.13500e+02      872.8       27.5           nan           nan     1           5.67300e+01   3.63400e+00  
     2022         3        26         8        16        58        176       7100       5362 1648282618.000   1648282618.000    6.30000e+02       0.00      45.00   2.38500e+02   3.13500e+02      853.7       22.4   1.41100e+01   1.30200e-01     1           9.68300e+01   5.07400e+00  
     2022         3        26         8        19        58        177       7100       5362 1648282798.000   1648282798.000    6.30000e+02      90.00      45.00   2.38500e+02   3.13500e+02      945.2       19.7   4.94600e+01   4.25800e-01     2           2.13720e+02   8.64900e+00  
     2022         3        26         8        22        22        178       7100       5362 1648282942.000   1648282942.000    6.30000e+02     180.00      45.00   2.38500e+02   3.13500e+02     1018.5       27.1   6.84800e+01   6.66400e-01     2           1.45530e+02   7.45600e+00  
     2022         3        26         8        24        46        179       7100       5362 1648283086.000   1648283086.000    6.30000e+02     -90.00      45.00   2.38500e+02   3.13500e+02     1148.5       39.4  -2.77700e+01   3.19500e-01     2           1.10740e+02   7.20400e+00  
