   YEAR     MONTH      DAY       HOUR      MIN       SEC       RECNO     KINDAT      KINST       UT1_UNIX        UT2_UNIX        WAVLEN        AZM        ELM         ALTB          ALTE         TN         DTN        VNHLU         DVNHLU     FPI_DATAQUAL      RLE           DRLE     
     2022         3        13        21        58        58          0       7100       5362 1647208738.000   1647208738.000    6.30000e+02       0.00      90.00   2.29500e+02   3.04500e+02     1164.9       12.2           nan           nan     1           2.92000e+02   6.65900e+00  
     2022         3        13        22         3        46          1       7100       5362 1647209026.000   1647209026.000    6.30000e+02      90.00      45.00   2.29500e+02   3.04500e+02     1153.5       10.8   5.09000e+00   1.56000e-02     1           3.56380e+02   7.26300e+00  
     2022         3        13        22         6        10          2       7100       5362 1647209170.000   1647209170.000    6.30000e+02     180.00      45.00   2.29500e+02   3.04500e+02     1143.3       11.0   2.16800e+01   6.60000e-02     1           3.12650e+02   6.64700e+00  
     2022         3        13        22         8        34          3       7100       5362 1647209314.000   1647209314.000    6.30000e+02     -90.00      45.00   2.29500e+02   3.04500e+02     1156.6       17.8   1.49400e+01   6.02000e-02     1           1.84960e+02   5.91500e+00  
     2022         3        13        22        19        58          4       7100       5362 1647209998.000   1647209998.000    6.30000e+02      90.00      45.00   2.29500e+02   3.04500e+02     1154.2        9.8   1.42500e+01   3.71000e-02     1           4.02740e+02   7.53900e+00  
     2022         3        13        22        22        22          5       7100       5362 1647210142.000   1647210142.000    6.30000e+02     180.00      45.00   2.29500e+02   3.04500e+02     1121.3       16.1   3.34800e+01   1.17000e-01     1           1.75810e+02   5.37700e+00  
     2022         3        13        22        24        46          6       7100       5362 1647210286.000   1647210286.000    6.30000e+02     -90.00      45.00   2.29500e+02   3.04500e+02     1138.0        8.4  -1.76300e+01   4.16000e-02     1           5.60540e+02   9.06700e+00  
     2022         3        13        22        27        46          7       7100       5362 1647210466.000   1647210466.000    6.30000e+02       0.00      90.00   2.29500e+02   3.04500e+02     1135.7        8.3           nan           nan     1           5.19290e+02   8.43800e+00  
     2022         3        13        22        30        10          8       7100       5362 1647210610.000   1647210610.000    6.30000e+02       0.00      45.00   2.29500e+02   3.04500e+02     1128.0        9.2  -4.34000e+00   1.06000e-02     1           4.80730e+02   8.51100e+00  
     2022         3        13        22        32        34          9       7100       5362 1647210754.000   1647210754.000    6.30000e+02      90.00      45.00   2.29500e+02   3.04500e+02     1137.9        9.9   2.61000e+00   6.70000e-03     1           3.97170e+02   7.57300e+00  
     2022         3        13        22        34        58         10       7100       5362 1647210898.000   1647210898.000    6.30000e+02     180.00      45.00   2.29500e+02   3.04500e+02     1111.0        8.6   2.02200e+01   4.92000e-02     1           4.86190e+02   8.32400e+00  
     2022         3        13        22        45        46         11       7100       5362 1647211546.000   1647211546.000    6.30000e+02       0.00      45.00   2.29500e+02   3.04500e+02     1132.8       10.1  -1.96400e+01   5.50000e-02     1           4.35470e+02   8.36800e+00  
     2022         3        13        22        48        10         12       7100       5362 1647211690.000   1647211690.000    6.30000e+02      90.00      45.00   2.29500e+02   3.04500e+02     1143.9       13.7   1.81000e+00   6.00000e-03     1           2.55600e+02   6.52200e+00  
     2022         3        13        22        51        10         13       7100       5362 1647211870.000   1647211870.000    6.30000e+02     180.00      45.00   2.29500e+02   3.04500e+02     1127.3       11.8   2.28000e+01   7.15000e-02     1           3.40250e+02   7.57000e+00  
     2022         3        13        22        53        34         14       7100       5362 1647212014.000   1647212014.000    6.30000e+02     -90.00      45.00   2.29500e+02   3.04500e+02     1179.5       15.0  -5.31000e+00   1.94000e-02     2           3.17630e+02   8.25400e+00  
     2022         3        13        22        55        58         15       7100       5362 1647212158.000   1647212158.000    6.30000e+02       0.00      90.00   2.29500e+02   3.04500e+02     1132.9       10.6           nan           nan     2           4.52650e+02   8.93600e+00  
     2022         3        13        22        58        22         16       7100       5362 1647212302.000   1647212302.000    6.30000e+02       0.00      45.00   2.29500e+02   3.04500e+02     1189.4       18.0   4.70000e-01   2.00000e-03     2           2.34080e+02   7.18700e+00  
     2022         3        13        23         0        46         17       7100       5362 1647212446.000   1647212446.000    6.30000e+02      90.00      45.00   2.36500e+02   3.11500e+02     1150.8       15.1  -4.74000e+00   1.96000e-02     1           2.51520e+02   6.86400e+00  
     2022         3        13        23         3        10         18       7100       5362 1647212590.000   1647212590.000    6.30000e+02     180.00      45.00   2.36500e+02   3.11500e+02     1170.8       21.0   1.79200e+01   9.36000e-02     1           1.62640e+02   5.94400e+00  
     2022         3        13        23         5        34         19       7100       5362 1647212734.000   1647212734.000    6.30000e+02     -90.00      45.00   2.36500e+02   3.11500e+02     1242.4       28.9  -4.42000e+00   2.91000e-02     2           1.37340e+02   6.28200e+00  
     2022         3        13        23        11        34         20       7100       5362 1647213094.000   1647213094.000    6.30000e+02       0.00      90.00   2.36500e+02   3.11500e+02     1186.5       20.8           nan           nan     1           1.65690e+02   5.93200e+00  
     2022         3        13        23        14        34         21       7100       5362 1647213274.000   1647213274.000    6.30000e+02       0.00      45.00   2.36500e+02   3.11500e+02     1199.6       20.3  -7.05000e+00   4.40000e-02     1           1.94600e+02   6.64900e+00  
     2022         3        13        23        16        58         22       7100       5362 1647213418.000   1647213418.000    6.30000e+02      90.00      45.00   2.36500e+02   3.11500e+02     1148.4       24.2  -1.26000e+00   9.10000e-03     1           1.19720e+02   5.13200e+00  
     2022         3        13        23        19        22         23       7100       5362 1647213562.000   1647213562.000    6.30000e+02     180.00      45.00   2.36500e+02   3.11500e+02     1169.9       31.5   8.72000e+00   7.53000e-02     1           8.19400e+01   4.43300e+00  
     2022         3        13        23        21        46         24       7100       5362 1647213706.000   1647213706.000    6.30000e+02     -90.00      45.00   2.36500e+02   3.11500e+02     1363.1       56.3   2.04000e+00   2.50000e-02     2           7.08300e+01   5.54800e+00  
     2022         3        13        23        24        10         25       7100       5362 1647213850.000   1647213850.000    6.30000e+02       0.00      90.00   2.36500e+02   3.11500e+02     1242.4       33.7           nan           nan     1           9.43600e+01   5.05800e+00  
     2022         3        13        23        26        34         26       7100       5362 1647213994.000   1647213994.000    6.30000e+02       0.00      45.00   2.36500e+02   3.11500e+02     1355.8       64.4  -5.11000e+00   7.69000e-02     2           5.84400e+01   5.23800e+00  
     2022         3        13        23        28        58         27       7100       5362 1647214138.000   1647214138.000    6.30000e+02      90.00      45.00   2.36500e+02   3.11500e+02     1221.8       44.0   1.32000e+00   1.76000e-02     2           6.11200e+01   4.29900e+00  
     2022         3        13        23        31        58         28       7100       5362 1647214318.000   1647214318.000    6.30000e+02     180.00      45.00   2.36500e+02   3.11500e+02     1185.7       40.6   3.37000e+01   4.66600e-01     2           6.52100e+01   4.38300e+00  
     2022         3        13        23        34        22         29       7100       5362 1647214462.000   1647214462.000    6.30000e+02     -90.00      45.00   2.36500e+02   3.11500e+02     1364.1       51.2  -1.15300e+01   1.84400e-01     2           7.98300e+01   5.70400e+00  
     2022         3        13        23        40        22         30       7100       5362 1647214822.000   1647214822.000    6.30000e+02       0.00      90.00   2.36500e+02   3.11500e+02     1402.5       82.3           nan           nan     2           4.01500e+01   4.43500e+00  
     2022         3        13        23        42        46         31       7100       5362 1647214966.000   1647214966.000    6.30000e+02       0.00      45.00   2.36500e+02   3.11500e+02     1573.3       75.7  -1.52700e+01   3.18200e-01     2           5.89800e+01   5.32100e+00  
     2022         3        14         0        16        22         32       7100       5362 1647216982.000   1647216982.000    6.30000e+02     180.00      45.00   2.50500e+02   3.25500e+02     1423.4       84.1  -3.23000e+01   6.70200e-01     2           3.81600e+01   4.24800e+00  
     2022         3        14         0        25        58         33       7100       5362 1647217558.000   1647217558.000    6.30000e+02      90.00      45.00   2.50500e+02   3.25500e+02     1268.3       73.7  -1.26800e+01   2.43800e-01     2           3.38900e+01   3.75400e+00  
     2022         3        14         0        28        58         34       7100       5362 1647217738.000   1647217738.000    6.30000e+02     180.00      45.00   2.50500e+02   3.25500e+02     1149.3       40.8  -3.63000e+01   5.29900e-01     2           6.15600e+01   4.28600e+00  
     2022         3        14         0        37        22         35       7100       5362 1647218242.000   1647218242.000    6.30000e+02       0.00      90.00   2.50500e+02   3.25500e+02     1327.6       55.8           nan           nan     2           5.95700e+01   4.79100e+00  
     2022         3        14         0        39        46         36       7100       5362 1647218386.000   1647218386.000    6.30000e+02       0.00      45.00   2.50500e+02   3.25500e+02     1354.4       75.0   3.07700e+01   5.69000e-01     2           4.60600e+01   4.80200e+00  
     2022         3        14         0        42        10         37       7100       5362 1647218530.000   1647218530.000    6.30000e+02      90.00      45.00   2.50500e+02   3.25500e+02     1130.9       33.7   2.86200e+01   3.50400e-01     1           6.45600e+01   3.88700e+00  
     2022         3        14         0        44        34         38       7100       5362 1647218674.000   1647218674.000    6.30000e+02     180.00      45.00   2.50500e+02   3.25500e+02     1279.5       47.2  -4.67000e+00   6.28000e-02     2           6.60600e+01   4.71100e+00  
     2022         3        14         0        49        58         39       7100       5362 1647218998.000   1647218998.000    6.30000e+02       0.00      90.00   2.50500e+02   3.25500e+02     1189.1       40.3           nan           nan     2           7.35600e+01   4.85200e+00  
     2022         3        14         0        52        22         40       7100       5362 1647219142.000   1647219142.000    6.30000e+02       0.00      45.00   2.50500e+02   3.25500e+02     1403.7       70.7   2.59500e+01   4.34200e-01     2           5.11200e+01   4.86200e+00  
     2022         3        14         0        54        46         41       7100       5362 1647219286.000   1647219286.000    6.30000e+02      90.00      45.00   2.50500e+02   3.25500e+02     1267.1       48.1   1.76100e+01   2.57900e-01     2           5.98400e+01   4.41100e+00  
     2022         3        14         0        57        10         42       7100       5362 1647219430.000   1647219430.000    6.30000e+02     180.00      45.00   2.50500e+02   3.25500e+02     1281.2       49.7  -6.00500e+01   9.39100e-01     2           6.11500e+01   4.58400e+00  
     2022         3        14         1         5        34         43       7100       5362 1647219934.000   1647219934.000    6.30000e+02       0.00      90.00   2.80500e+02   3.55500e+02     1409.4       79.2           nan           nan     2           4.40100e+01   4.65100e+00  
     2022         3        14         1        10        22         44       7100       5362 1647220222.000   1647220222.000    6.30000e+02      90.00      45.00   2.80500e+02   3.55500e+02     1309.4       71.8  -3.15800e+01   6.68900e-01     2           3.54500e+01   3.72500e+00  
     2022         3        14         1        22        58         45       7100       5362 1647220978.000   1647220978.000    6.30000e+02      90.00      45.00   2.80500e+02   3.55500e+02     1437.9       84.5  -2.25100e+01   4.86100e-01     2           3.64400e+01   4.04500e+00  
     2022         3        14         1        25        22         46       7100       5362 1647221122.000   1647221122.000    6.30000e+02     180.00      45.00   2.80500e+02   3.55500e+02     1370.6       79.4  -7.00900e+01   1.49980e+00     2           3.78600e+01   4.14700e+00  
     2022         3        14         1        33        46         47       7100       5362 1647221626.000   1647221626.000    6.30000e+02       0.00      90.00   2.80500e+02   3.55500e+02     1371.9       65.9           nan           nan     2           5.40500e+01   4.91600e+00  
     2022         3        14         1        39        10         48       7100       5362 1647221950.000   1647221950.000    6.30000e+02      90.00      45.00   2.80500e+02   3.55500e+02     1118.7       48.0   1.27400e+01   1.94300e-01     1           3.76700e+01   3.20800e+00  
     2022         3        14         1        41        34         49       7100       5362 1647222094.000   1647222094.000    6.30000e+02     180.00      45.00   2.80500e+02   3.55500e+02     1242.7       49.9  -6.86000e+01   1.01570e+00     2           5.63600e+01   4.37800e+00  
     2022         3        14         1        43        58         50       7100       5362 1647222238.000   1647222238.000    6.30000e+02     -90.00      45.00   2.80500e+02   3.55500e+02     1372.5       54.6  -2.81400e+01   4.11900e-01     2           7.56300e+01   5.70700e+00  
     2022         3        14         1        46        22         51       7100       5362 1647222382.000   1647222382.000    6.30000e+02       0.00      90.00   2.80500e+02   3.55500e+02     1244.2       43.0           nan           nan     2           7.56600e+01   5.05900e+00  
     2022         3        14         1        48        46         52       7100       5362 1647222526.000   1647222526.000    6.30000e+02       0.00      45.00   2.80500e+02   3.55500e+02     1289.6       43.2   3.11100e+01   3.87500e-01     2           8.99800e+01   5.78400e+00  
     2022         3        14         1        51        10         53       7100       5362 1647222670.000   1647222670.000    6.30000e+02      90.00      45.00   2.80500e+02   3.55500e+02     1263.0       52.0  -2.34900e+01   3.22500e-01     2           6.10500e+01   4.82200e+00  
     2022         3        14         1        54        10         54       7100       5362 1647222850.000   1647222850.000    6.30000e+02     180.00      45.00   2.80500e+02   3.55500e+02     1245.3       39.6  -3.95100e+01   4.54000e-01     2           7.62800e+01   4.75400e+00  
     2022         3        14         1        56        34         55       7100       5362 1647222994.000   1647222994.000    6.30000e+02     -90.00      45.00   2.80500e+02   3.55500e+02     1193.3       29.7  -1.78000e+01   1.78500e-01     2           1.20620e+02   5.89400e+00  
     2022         3        14         2         2        34         56       7100       5362 1647223354.000   1647223354.000    6.30000e+02       0.00      90.00   2.89500e+02   3.64500e+02     1253.5       35.8           nan           nan     2           1.07340e+02   5.95000e+00  
     2022         3        14         2         4        58         57       7100       5362 1647223498.000   1647223498.000    6.30000e+02       0.00      45.00   2.89500e+02   3.64500e+02     1173.3       25.5   4.02900e+01   3.51100e-01     2           1.45950e+02   6.28700e+00  
     2022         3        14         2         7        22         58       7100       5362 1647223642.000   1647223642.000    6.30000e+02      90.00      45.00   2.89500e+02   3.64500e+02     1133.3       25.9   3.01400e+01   2.50900e-01     1           1.05100e+02   4.86500e+00  
     2022         3        14         2         9        46         59       7100       5362 1647223786.000   1647223786.000    6.30000e+02     180.00      45.00   2.89500e+02   3.64500e+02     1132.8       25.9  -2.79200e+01   2.22100e-01     1           1.08310e+02   5.00100e+00  
     2022         3        14         2        12        10         60       7100       5362 1647223930.000   1647223930.000    6.30000e+02     -90.00      45.00   2.89500e+02   3.64500e+02     1130.9       18.5  -2.53800e+01   1.63700e-01     1           1.95920e+02   6.53000e+00  
     2022         3        14         2        14        34         61       7100       5362 1647224074.000   1647224074.000    6.30000e+02       0.00      90.00   2.89500e+02   3.64500e+02     1122.5       21.9           nan           nan     1           1.42380e+02   5.64200e+00  
     2022         3        14         2        17        34         62       7100       5362 1647224254.000   1647224254.000    6.30000e+02       0.00      45.00   2.89500e+02   3.64500e+02     1136.1       16.0   2.88500e+01   1.57700e-01     2           2.45240e+02   7.09400e+00  
     2022         3        14         2        19        58         63       7100       5362 1647224398.000   1647224398.000    6.30000e+02      90.00      45.00   2.89500e+02   3.64500e+02     1125.8       19.6   1.34000e+01   7.72000e-02     1           1.51990e+02   5.46300e+00  
     2022         3        14         2        22        22         64       7100       5362 1647224542.000   1647224542.000    6.30000e+02     180.00      45.00   2.89500e+02   3.64500e+02     1096.7       20.0  -4.18700e+01   2.36800e-01     1           1.37750e+02   5.20700e+00  
     2022         3        14         2        24        46         65       7100       5362 1647224686.000   1647224686.000    6.30000e+02     -90.00      45.00   2.89500e+02   3.64500e+02     1112.1       15.0  -3.56900e+01   1.66700e-01     1           2.55230e+02   7.10700e+00  
     2022         3        14         2        30        46         66       7100       5362 1647225046.000   1647225046.000    6.30000e+02       0.00      90.00   2.89500e+02   3.64500e+02     1079.2       13.2           nan           nan     1           1.89340e+02   5.15300e+00  
     2022         3        14         2        33        10         67       7100       5362 1647225190.000   1647225190.000    6.30000e+02       0.00      45.00   2.89500e+02   3.64500e+02     1086.3        8.4   1.77300e+01   5.44000e-02     1           4.43160e+02   7.69700e+00  
     2022         3        14         2        35        34         68       7100       5362 1647225334.000   1647225334.000    6.30000e+02      90.00      45.00   2.89500e+02   3.64500e+02     1094.4       13.6   2.29400e+01   8.67000e-02     1           1.96810e+02   5.37200e+00  
     2022         3        14         2        37        58         69       7100       5362 1647225478.000   1647225478.000    6.30000e+02     180.00      45.00   2.89500e+02   3.64500e+02     1110.7       17.0  -3.17700e+01   1.35200e-01     1           1.56420e+02   5.10000e+00  
     2022         3        14         2        40        58         70       7100       5362 1647225658.000   1647225658.000    6.30000e+02     -90.00      45.00   2.89500e+02   3.64500e+02     1118.2       12.2  -2.64400e+01   9.35000e-02     2           3.48910e+02   7.97900e+00  
     2022         3        14         2        43        22         71       7100       5362 1647225802.000   1647225802.000    6.30000e+02       0.00      90.00   2.89500e+02   3.64500e+02     1088.3       11.9           nan           nan     1           2.25790e+02   5.51800e+00  
     2022         3        14         2        48        10         72       7100       5362 1647226090.000   1647226090.000    6.30000e+02      90.00      45.00   2.89500e+02   3.64500e+02     1116.9       13.3   2.48500e+01   9.09000e-02     1           1.97240e+02   5.22500e+00  
     2022         3        14         2        50        34         73       7100       5362 1647226234.000   1647226234.000    6.30000e+02     180.00      45.00   2.89500e+02   3.64500e+02     1132.9       17.9  -3.53900e+01   1.57500e-01     1           1.47110e+02   4.95700e+00  
     2022         3        14         2        52        58         74       7100       5362 1647226378.000   1647226378.000    6.30000e+02     -90.00      45.00   2.89500e+02   3.64500e+02     1121.1       10.2  -2.66600e+01   8.92000e-02     1           3.80550e+02   7.55800e+00  
     2022         3        14         2        58        58         75       7100       5362 1647226738.000   1647226738.000    6.30000e+02       0.00      90.00   2.90500e+02   3.65500e+02     1117.5       14.1           nan           nan     0           1.74660e+02   4.90400e+00  
     2022         3        14         3         1        22         76       7100       5362 1647226882.000   1647226882.000    6.30000e+02       0.00      45.00   2.90500e+02   3.65500e+02     1095.1        9.1   6.89100e+01   2.40500e-01     1           4.43020e+02   8.07700e+00  
     2022         3        14         3         4        22         77       7100       5362 1647227062.000   1647227062.000    6.30000e+02      90.00      45.00   2.90500e+02   3.65500e+02     1125.3       16.6   3.56000e+01   1.68200e-01     1           1.58780e+02   5.02900e+00  
     2022         3        14         3         6        46         78       7100       5362 1647227206.000   1647227206.000    6.30000e+02     180.00      45.00   2.90500e+02   3.65500e+02     1148.6       23.1  -6.01400e+01   3.49600e-01     0           8.88500e+01   3.82200e+00  
     2022         3        14         3         9        10         79       7100       5362 1647227350.000   1647227350.000    6.30000e+02     -90.00      45.00   2.90500e+02   3.65500e+02     1124.3       14.0  -8.47000e+00   4.01000e-02     1           2.42410e+02   6.40100e+00  
     2022         3        14         3        11        34         80       7100       5362 1647227494.000   1647227494.000    6.30000e+02       0.00      90.00   2.90500e+02   3.65500e+02     1128.9       19.8           nan           nan     1           1.09430e+02   4.14800e+00  
     2022         3        14         3        13        58         81       7100       5362 1647227638.000   1647227638.000    6.30000e+02       0.00      45.00   2.90500e+02   3.65500e+02     1131.3       12.9   9.18500e+01   4.43000e-01     1           2.92270e+02   7.06700e+00  
     2022         3        14         3        16        22         82       7100       5362 1647227782.000   1647227782.000    6.30000e+02      90.00      45.00   2.90500e+02   3.65500e+02     1145.1       21.7   3.85200e+01   2.36900e-01     1           1.08280e+02   4.33100e+00  
     2022         3        14         3        18        46         83       7100       5362 1647227926.000   1647227926.000    6.30000e+02     180.00      45.00   2.90500e+02   3.65500e+02     1150.5       25.8  -5.44700e+01   3.68200e-01     1           7.47900e+01   3.56200e+00  
     2022         3        14         3        21        46         84       7100       5362 1647228106.000   1647228106.000    6.30000e+02     -90.00      45.00   2.90500e+02   3.65500e+02     1137.9       19.8  -1.28500e+01   7.82000e-02     1           1.37470e+02   5.01100e+00  
     2022         3        14         3        27        46         85       7100       5362 1647228466.000   1647228466.000    6.30000e+02       0.00      90.00   2.90500e+02   3.65500e+02     1078.4       22.6           nan           nan     1           7.95600e+01   3.58800e+00  
     2022         3        14         3        30        10         86       7100       5362 1647228610.000   1647228610.000    6.30000e+02       0.00      45.00   2.90500e+02   3.65500e+02     1102.3       15.6   1.00980e+02   5.78300e-01     1           1.58570e+02   4.89400e+00  
     2022         3        14         3        32        34         87       7100       5362 1647228754.000   1647228754.000    6.30000e+02      90.00      45.00   2.90500e+02   3.65500e+02     1080.4       24.7   3.97500e+01   2.85800e-01     1           7.13800e+01   3.47000e+00  
     2022         3        14         3        34        58         88       7100       5362 1647228898.000   1647228898.000    6.30000e+02     180.00      45.00   2.90500e+02   3.65500e+02     1100.4       25.6  -5.71600e+01   4.17000e-01     1           7.09200e+01   3.49600e+00  
     2022         3        14         3        37        22         89       7100       5362 1647229042.000   1647229042.000    6.30000e+02     -90.00      45.00   2.90500e+02   3.65500e+02     1172.6       28.6  -2.16400e+01   1.70800e-01     1           8.66100e+01   4.31500e+00  
     2022         3        14         3        39        46         90       7100       5362 1647229186.000   1647229186.000    6.30000e+02       0.00      90.00   2.90500e+02   3.65500e+02     1089.4       24.6           nan           nan     1           7.20700e+01   3.46900e+00  
     2022         3        14         3        42        10         91       7100       5362 1647229330.000   1647229330.000    6.30000e+02       0.00      45.00   2.90500e+02   3.65500e+02     1086.3       17.3   7.45600e+01   4.57600e-01     1           1.34440e+02   4.62000e+00  
     2022         3        14         3        45        10         92       7100       5362 1647229510.000   1647229510.000    6.30000e+02      90.00      45.00   2.90500e+02   3.65500e+02     1080.2       22.6   1.87400e+01   1.27100e-01     1           7.81100e+01   3.52400e+00  
     2022         3        14         3        47        34         93       7100       5362 1647229654.000   1647229654.000    6.30000e+02     180.00      45.00   2.90500e+02   3.65500e+02     1062.1       22.2  -4.50900e+01   3.00600e-01     1           8.06400e+01   3.62000e+00  
     2022         3        14         3        49        58         94       7100       5362 1647229798.000   1647229798.000    6.30000e+02     -90.00      45.00   2.90500e+02   3.65500e+02     1119.8       21.3  -1.52600e+01   9.74000e-02     1           1.12610e+02   4.50500e+00  
     2022         3        14         3        55        58         95       7100       5362 1647230158.000   1647230158.000    6.30000e+02       0.00      90.00   2.90500e+02   3.65500e+02     1060.7       20.1           nan           nan     1           8.86200e+01   3.66000e+00  
     2022         3        14         3        58        22         96       7100       5362 1647230302.000   1647230302.000    6.30000e+02       0.00      45.00   2.90500e+02   3.65500e+02     1047.3       14.5   4.94500e+01   2.46300e-01     1           1.54080e+02   4.70100e+00  
     2022         3        14         4         0        46         97       7100       5362 1647230446.000   1647230446.000    6.30000e+02      90.00      45.00   2.72500e+02   3.47500e+02     1031.6       16.4   2.24300e+01   1.14900e-01     1           1.13160e+02   3.99300e+00  
     2022         3        14         4         3        10         98       7100       5362 1647230590.000   1647230590.000    6.30000e+02     180.00      45.00   2.72500e+02   3.47500e+02     1038.3       16.1  -1.09000e+00   5.30000e-03     1           1.24140e+02   4.24700e+00  
     2022         3        14         4         6        10         99       7100       5362 1647230770.000   1647230770.000    6.30000e+02     -90.00      45.00   2.72500e+02   3.47500e+02     1069.6       16.6  -3.35900e+01   1.60900e-01     1           1.31710e+02   4.45500e+00  
     2022         3        14         4         8        34        100       7100       5362 1647230914.000   1647230914.000    6.30000e+02       0.00      90.00   2.72500e+02   3.47500e+02     1039.3       14.7           nan           nan     1           1.33040e+02   4.23200e+00  
     2022         3        14         4        10        58        101       7100       5362 1647231058.000   1647231058.000    6.30000e+02       0.00      45.00   2.72500e+02   3.47500e+02     1041.8       12.1   3.18200e+01   1.24200e-01     1           1.92500e+02   5.06000e+00  
     2022         3        14         4        13        22        102       7100       5362 1647231202.000   1647231202.000    6.30000e+02      90.00      45.00   2.72500e+02   3.47500e+02     1018.6       12.6   3.62200e+01   1.41500e-01     1           1.68110e+02   4.71000e+00  
     2022         3        14         4        15        46        103       7100       5362 1647231346.000   1647231346.000    6.30000e+02     180.00      45.00   2.72500e+02   3.47500e+02     1000.3       11.8   1.24300e+01   4.63000e-02     1           1.83000e+02   4.88800e+00  
     2022         3        14         4        18        10        104       7100       5362 1647231490.000   1647231490.000    6.30000e+02     -90.00      45.00   2.72500e+02   3.47500e+02     1033.1       13.2  -3.96700e+01   1.51800e-01     1           1.72820e+02   4.90500e+00  
     2022         3        14         4        24        46        105       7100       5362 1647231886.000   1647231886.000    6.30000e+02       0.00      90.00   2.72500e+02   3.47500e+02     1008.1       11.0           nan           nan     1           2.03000e+02   5.06700e+00  
     2022         3        14         4        27        10        106       7100       5362 1647232030.000   1647232030.000    6.30000e+02       0.00      45.00   2.72500e+02   3.47500e+02     1014.0        9.4  -1.24400e+01   3.72000e-02     1           2.74280e+02   5.83800e+00  
     2022         3        14         4        29        34        107       7100       5362 1647232174.000   1647232174.000    6.30000e+02      90.00      45.00   2.72500e+02   3.47500e+02      998.3        8.2   4.19700e+01   1.15300e-01     1           3.20110e+02   6.17500e+00  
     2022         3        14         4        31        58        108       7100       5362 1647232318.000   1647232318.000    6.30000e+02     180.00      45.00   2.72500e+02   3.47500e+02      987.0        8.3   2.76000e+01   7.43000e-02     1           3.16350e+02   6.17600e+00  
     2022         3        14         4        34        22        109       7100       5362 1647232462.000   1647232462.000    6.30000e+02     -90.00      45.00   2.72500e+02   3.47500e+02     1012.4        9.5  -4.53100e+01   1.26500e-01     1           2.73710e+02   5.88800e+00  
     2022         3        14         4        36        46        110       7100       5362 1647232606.000   1647232606.000    6.30000e+02       0.00      90.00   2.72500e+02   3.47500e+02     1003.2        8.6           nan           nan     1           2.92550e+02   5.89300e+00  
     2022         3        14         5        49        58        111       7100       5362 1647236998.000   1647236998.000    6.30000e+02       0.00      90.00   2.68500e+02   3.43500e+02      956.1        8.8           nan           nan     1           2.47800e+02   5.38200e+00  
     2022         3        14         5        54        46        112       7100       5362 1647237286.000   1647237286.000    6.30000e+02      90.00      45.00   2.68500e+02   3.43500e+02      965.2        9.2   3.37600e+01   1.02300e-01     1           2.44720e+02   5.42400e+00  
     2022         3        14         5        57        10        113       7100       5362 1647237430.000   1647237430.000    6.30000e+02     180.00      45.00   2.68500e+02   3.43500e+02      961.7       10.8   2.39300e+01   8.19000e-02     1           1.83300e+02   4.76400e+00  
     2022         3        14         6         1        58        114       7100       5362 1647237718.000   1647237718.000    6.30000e+02       0.00      90.00   2.75500e+02   3.50500e+02      970.2       12.9           nan           nan     1           1.36280e+02   4.16000e+00  
     2022         3        14         6         4        58        115       7100       5362 1647237898.000   1647237898.000    6.30000e+02       0.00      45.00   2.75500e+02   3.50500e+02      967.0       10.5  -1.90200e+01   7.20000e-02     1           1.90460e+02   4.82000e+00  
     2022         3        14         6         7        22        116       7100       5362 1647238042.000   1647238042.000    6.30000e+02      90.00      45.00   2.75500e+02   3.50500e+02      969.3       12.0   3.72400e+01   1.55500e-01     1           1.58860e+02   4.49100e+00  
     2022         3        14         6         9        46        117       7100       5362 1647238186.000   1647238186.000    6.30000e+02     180.00      45.00   2.75500e+02   3.50500e+02     1001.8       13.8   3.86000e+00   1.76000e-02     1           1.35320e+02   4.22300e+00  
     2022         3        14         6        12        10        118       7100       5362 1647238330.000   1647238330.000    6.30000e+02     -90.00      45.00   2.75500e+02   3.50500e+02      977.9       11.9  -2.42500e+01   1.08600e-01     1           1.87400e+02   5.08800e+00  
     2022         3        14         6        18        10        119       7100       5362 1647238690.000   1647238690.000    6.30000e+02       0.00      90.00   2.75500e+02   3.50500e+02      979.9       19.3           nan           nan     1           7.44700e+01   3.25000e+00  
     2022         3        14         6        20        34        120       7100       5362 1647238834.000   1647238834.000    6.30000e+02       0.00      45.00   2.75500e+02   3.50500e+02      968.1       15.5   1.04900e+01   5.93000e-02     1           1.05430e+02   3.79800e+00  
     2022         3        14         6        22        58        121       7100       5362 1647238978.000   1647238978.000    6.30000e+02      90.00      45.00   2.75500e+02   3.50500e+02      967.9       17.3   4.20400e+01   2.57900e-01     1           8.92900e+01   3.55100e+00  
     2022         3        14         6        25        22        122       7100       5362 1647239122.000   1647239122.000    6.30000e+02     180.00      45.00   2.75500e+02   3.50500e+02      972.7       18.6  -2.16000e+00   1.41000e-02     1           8.04400e+01   3.40200e+00  
     2022         3        14         6        27        46        123       7100       5362 1647239266.000   1647239266.000    6.30000e+02     -90.00      45.00   2.75500e+02   3.50500e+02      976.5       13.0  -4.74000e+00   2.76000e-02     1           1.41080e+02   4.26900e+00  
     2022         3        14         6        30        46        124       7100       5362 1647239446.000   1647239446.000    6.30000e+02       0.00      90.00   2.75500e+02   3.50500e+02      948.6       24.6           nan           nan     1           5.07100e+01   2.84500e+00  
     2022         3        14         6        33        10        125       7100       5362 1647239590.000   1647239590.000    6.30000e+02       0.00      45.00   2.75500e+02   3.50500e+02      967.5       19.6   2.30100e+01   1.70300e-01     1           7.22800e+01   3.24100e+00  
     2022         3        14         6        35        34        126       7100       5362 1647239734.000   1647239734.000    6.30000e+02      90.00      45.00   2.75500e+02   3.50500e+02      960.1       22.1   5.14300e+01   4.17700e-01     1           6.19900e+01   3.09900e+00  
     2022         3        14         6        37        58        127       7100       5362 1647239878.000   1647239878.000    6.30000e+02     180.00      45.00   2.75500e+02   3.50500e+02      973.8       24.1  -2.66200e+01   2.32500e-01     1           5.53000e+01   2.96400e+00  
     2022         3        14         6        40        22        128       7100       5362 1647240022.000   1647240022.000    6.30000e+02     -90.00      45.00   2.75500e+02   3.50500e+02      958.6       16.4   3.95000e+00   3.05000e-02     1           9.48800e+01   3.63400e+00  
     2022         3        14         6        46        58        129       7100       5362 1647240418.000   1647240418.000    6.30000e+02       0.00      90.00   2.75500e+02   3.50500e+02      929.1       34.0           nan           nan     1           3.09300e+01   2.38100e+00  
     2022         3        14         6        49        22        130       7100       5362 1647240562.000   1647240562.000    6.30000e+02       0.00      45.00   2.75500e+02   3.50500e+02      963.9       26.0   3.25700e+01   3.36700e-01     1           4.76700e+01   2.77400e+00  
     2022         3        14         6        51        46        131       7100       5362 1647240706.000   1647240706.000    6.30000e+02      90.00      45.00   2.75500e+02   3.50500e+02      956.8       29.1   5.31400e+01   5.96700e-01     1           4.33400e+01   2.79000e+00  
     2022         3        14         6        54        10        132       7100       5362 1647240850.000   1647240850.000    6.30000e+02     180.00      45.00   2.75500e+02   3.50500e+02      962.0       32.7  -4.28500e+01   5.22500e-01     1           3.58000e+01   2.55800e+00  
     2022         3        14         6        56        34        133       7100       5362 1647240994.000   1647240994.000    6.30000e+02     -90.00      45.00   2.75500e+02   3.50500e+02      960.2       22.2   1.90500e+01   2.05000e-01     1           6.13100e+01   3.08500e+00  
     2022         3        14         6        58        58        134       7100       5362 1647241138.000   1647241138.000    6.30000e+02       0.00      90.00   2.45500e+02   3.20500e+02      998.7       46.3           nan           nan     1           2.35800e+01   2.24400e+00  
     2022         3        14         7         1        58        135       7100       5362 1647241318.000   1647241318.000    6.30000e+02       0.00      45.00   2.45500e+02   3.20500e+02      957.0       32.2   4.03600e+01   5.22800e-01     1           3.71600e+01   2.62400e+00  
     2022         3        14         7         4        22        136       7100       5362 1647241462.000   1647241462.000    6.30000e+02      90.00      45.00   2.45500e+02   3.20500e+02      980.7       32.7   7.26900e+01   9.49500e-01     1           3.70600e+01   2.60100e+00  
     2022         3        14         7         6        46        137       7100       5362 1647241606.000   1647241606.000    6.30000e+02     180.00      45.00   2.45500e+02   3.20500e+02      941.4       39.2  -6.22100e+01   9.03200e-01     1           2.71800e+01   2.34400e+00  
     2022         3        14         7         9        10        138       7100       5362 1647241750.000   1647241750.000    6.30000e+02     -90.00      45.00   2.45500e+02   3.20500e+02      983.3       26.9   1.97600e+01   2.42800e-01     1           4.87600e+01   2.85200e+00  
     2022         3        14         7        15        10        139       7100       5362 1647242110.000   1647242110.000    6.30000e+02       0.00      90.00   2.45500e+02   3.20500e+02      975.4       49.7           nan           nan     1           2.00300e+01   2.08700e+00  
     2022         3        14         7        17        34        140       7100       5362 1647242254.000   1647242254.000    6.30000e+02       0.00      45.00   2.45500e+02   3.20500e+02      929.6       35.7   4.94600e+01   7.09100e-01     1           2.89500e+01   2.33300e+00  
     2022         3        14         7        19        58        141       7100       5362 1647242398.000   1647242398.000    6.30000e+02      90.00      45.00   2.45500e+02   3.20500e+02      943.4       34.4   9.95000e+01   1.41440e+00     1           3.38900e+01   2.56800e+00  
     2022         3        14         7        22        22        142       7100       5362 1647242542.000   1647242542.000    6.30000e+02     180.00      45.00   2.45500e+02   3.20500e+02     1064.1       48.3  -5.64600e+01   9.02500e-01     1           2.51600e+01   2.33400e+00  
     2022         3        14         7        25        22        143       7100       5362 1647242722.000   1647242722.000    6.30000e+02     -90.00      45.00   2.45500e+02   3.20500e+02      947.7       29.0   2.57100e+01   3.43500e-01     1           4.10100e+01   2.66700e+00  
     2022         3        14         7        27        46        144       7100       5362 1647242866.000   1647242866.000    6.30000e+02       0.00      90.00   2.45500e+02   3.20500e+02      986.6       52.6           nan           nan     1           1.91600e+01   2.08100e+00  
     2022         3        14         7        30        10        145       7100       5362 1647243010.000   1647243010.000    6.30000e+02       0.00      45.00   2.45500e+02   3.20500e+02      943.5       41.1   7.29100e+01   1.14940e+00     1           2.56700e+01   2.30600e+00  
     2022         3        14         7        32        34        146       7100       5362 1647243154.000   1647243154.000    6.30000e+02      90.00      45.00   2.45500e+02   3.20500e+02      927.2       33.9   1.09720e+02   1.60690e+00     1           3.31600e+01   2.52800e+00  
     2022         3        14         7        34        58        147       7100       5362 1647243298.000   1647243298.000    6.30000e+02     180.00      45.00   2.45500e+02   3.20500e+02     1013.4       50.9  -7.13800e+01   1.25020e+00     1           2.24600e+01   2.28600e+00  
     2022         3        14         7        37        22        148       7100       5362 1647243442.000   1647243442.000    6.30000e+02     -90.00      45.00   2.45500e+02   3.20500e+02      960.3       32.3   4.59100e+01   6.61600e-01     1           3.72500e+01   2.62900e+00  
     2022         3        14         7        43        22        149       7100       5362 1647243802.000   1647243802.000    6.30000e+02       0.00      90.00   2.45500e+02   3.20500e+02      928.7       54.1           nan           nan     1           1.70200e+01   2.01100e+00  
     2022         3        14         7        45        46        150       7100       5362 1647243946.000   1647243946.000    6.30000e+02       0.00      45.00   2.45500e+02   3.20500e+02      969.4       43.8   7.48800e+01   1.19750e+00     1           2.54000e+01   2.34900e+00  
     2022         3        14         7        48        46        151       7100       5362 1647244126.000   1647244126.000    6.30000e+02      90.00      45.00   2.45500e+02   3.20500e+02      923.3       27.9   8.74500e+01   1.13210e+00     1           4.41800e+01   2.81800e+00  
     2022         3        14         7        51        10        152       7100       5362 1647244270.000   1647244270.000    6.30000e+02     180.00      45.00   2.45500e+02   3.20500e+02     1005.6       41.8  -4.77100e+01   6.92100e-01     1           2.91600e+01   2.49100e+00  
     2022         3        14         7        53        34        153       7100       5362 1647244414.000   1647244414.000    6.30000e+02     -90.00      45.00   2.45500e+02   3.20500e+02     1028.8       50.1   2.90400e+01   4.45600e-01     2           3.41200e+01   3.25400e+00  
     2022         3        14         7        55        58        154       7100       5362 1647244558.000   1647244558.000    6.30000e+02       0.00      90.00   2.45500e+02   3.20500e+02      976.5       38.4           nan           nan     1           3.42600e+01   2.75300e+00  
     2022         3        14         7        58        22        155       7100       5362 1647244702.000   1647244702.000    6.30000e+02       0.00      45.00   2.45500e+02   3.20500e+02      966.4       34.4   3.23300e+01   3.81200e-01     1           3.63300e+01   2.68500e+00  
     2022         3        14         8         0        46        156       7100       5362 1647244846.000   1647244846.000    6.30000e+02      90.00      45.00   2.44500e+02   3.19500e+02     1002.8       34.2   3.36000e+01   3.75200e-01     1           4.21500e+01   2.96300e+00  
     2022         3        14         8         3        10        157       7100       5362 1647244990.000   1647244990.000    6.30000e+02     180.00      45.00   2.44500e+02   3.19500e+02      963.5       24.7   1.69000e+00   1.56000e-02     1           6.03000e+01   3.26900e+00  
     2022         3        14         8         6        10        158       7100       5362 1647245170.000   1647245170.000    6.30000e+02     -90.00      45.00   2.44500e+02   3.19500e+02     1046.9       33.3  -1.10100e+01   1.11600e-01     1           5.46300e+01   3.53400e+00  
     2022         3        14         8        12        10        159       7100       5362 1647245530.000   1647245530.000    6.30000e+02       0.00      90.00   2.44500e+02   3.19500e+02      970.0       22.1           nan           nan     1           8.34000e+01   3.97100e+00  
     2022         3        14         8        14        34        160       7100       5362 1647245674.000   1647245674.000    6.30000e+02       0.00      45.00   2.44500e+02   3.19500e+02      981.2       21.5   3.89600e+01   2.80900e-01     1           9.82600e+01   4.45100e+00  
     2022         3        14         8        16        58        161       7100       5362 1647245818.000   1647245818.000    6.30000e+02      90.00      45.00   2.44500e+02   3.19500e+02      981.4       12.3   3.55000e+01   1.99100e-01     2           2.96660e+02   7.69200e+00  
     2022         3        14         8        19        22        162       7100       5362 1647245962.000   1647245962.000    6.30000e+02     180.00      45.00   2.44500e+02   3.19500e+02     1016.3       17.3   1.37200e+01   8.82000e-02     2           2.17910e+02   7.43400e+00  
     2022         3        14         8        21        46        163       7100       5362 1647246106.000   1647246106.000    6.30000e+02     -90.00      45.00   2.44500e+02   3.19500e+02     1281.7       38.6  -3.19800e+01   2.99100e-01     2           1.29230e+02   7.40800e+00  
     2022         3        14         8        24        10        164       7100       5362 1647246250.000   1647246250.000    6.30000e+02       0.00      90.00   2.44500e+02   3.19500e+02     1068.6       20.4           nan           nan     2           2.20060e+02   8.21500e+00  
