   YEAR     MONTH      DAY       HOUR      MIN       SEC       RECNO     KINDAT      KINST       UT1_UNIX        UT2_UNIX        WAVLEN        AZM        ELM         ALTB          ALTE         TN         DTN        VNHLU         DVNHLU     FPI_DATAQUAL      RLE           DRLE     
     2022         3        19        21        40        58          0       7100       5362 1647726058.000   1647726058.000    6.30000e+02       0.00      90.00   1.93500e+02   2.68500e+02     1173.7       14.9           nan           nan     2           3.40740e+02   8.76000e+00  
     2022         3        19        21        43        22          1       7100       5362 1647726202.000   1647726202.000    6.30000e+02       0.00      45.00   1.93500e+02   2.68500e+02     1108.0       11.8  -2.37000e+00   8.80000e-03     2           3.82820e+02   8.47500e+00  
     2022         3        19        21        45        46          2       7100       5362 1647726346.000   1647726346.000    6.30000e+02      90.00      45.00   1.93500e+02   2.68500e+02     1074.8       15.7   1.40200e+01   5.93000e-02     1           1.95390e+02   5.97400e+00  
     2022         3        19        21        48        10          3       7100       5362 1647726490.000   1647726490.000    6.30000e+02     180.00      45.00   1.93500e+02   2.68500e+02     1051.1       13.4   1.94500e+01   7.51000e-02     1           2.30540e+02   6.24100e+00  
     2022         3        19        21        50        34          4       7100       5362 1647726634.000   1647726634.000    6.30000e+02     -90.00      45.00   1.93500e+02   2.68500e+02     1063.1       11.8  -1.03600e+01   3.67000e-02     1           2.98600e+02   7.06100e+00  
     2022         3        19        21        52        58          5       7100       5362 1647726778.000   1647726778.000    6.30000e+02       0.00      90.00   1.93500e+02   2.68500e+02     1025.1       12.4           nan           nan     1           2.23050e+02   5.87200e+00  
     2022         3        19        21        55        22          6       7100       5362 1647726922.000   1647726922.000    6.30000e+02       0.00      45.00   1.93500e+02   2.68500e+02     1064.7       21.1  -9.50000e+00   4.73000e-02     1           1.45770e+02   5.82300e+00  
     2022         3        19        21        58        22          7       7100       5362 1647727102.000   1647727102.000    6.30000e+02      90.00      45.00   1.93500e+02   2.68500e+02     1008.0       11.7   2.19700e+01   7.65000e-02     1           2.20410e+02   5.64900e+00  
     2022         3        19        22         0        46          8       7100       5362 1647727246.000   1647727246.000    6.30000e+02     180.00      45.00   2.08500e+02   2.83500e+02     1001.8       13.0   2.67000e+01   9.94000e-02     1           1.97310e+02   5.53500e+00  
     2022         3        19        22        11        34          9       7100       5362 1647727894.000   1647727894.000    6.30000e+02       0.00      45.00   2.08500e+02   2.83500e+02      995.3       11.4   8.10000e+00   2.84000e-02     1           2.70270e+02   6.63300e+00  
     2022         3        19        22        16        22         10       7100       5362 1647728182.000   1647728182.000    6.30000e+02     180.00      45.00   2.08500e+02   2.83500e+02      995.1       17.4   2.61400e+01   1.15900e-01     1           1.22630e+02   4.56100e+00  
     2022         3        19        22        18        46         11       7100       5362 1647728326.000   1647728326.000    6.30000e+02     -90.00      45.00   2.08500e+02   2.83500e+02     1003.1       13.6  -1.90400e+01   7.35000e-02     1           2.09460e+02   6.00800e+00  
     2022         3        19        22        28        58         12       7100       5362 1647728938.000   1647728938.000    6.30000e+02     180.00      45.00   2.08500e+02   2.83500e+02      988.6       11.1   1.08100e+01   3.75000e-02     1           2.51950e+02   6.18900e+00  
     2022         3        19        22        31        22         13       7100       5362 1647729082.000   1647729082.000    6.30000e+02     -90.00      45.00   2.08500e+02   2.83500e+02     1031.3       14.5  -8.55000e+00   3.41000e-02     1           2.19820e+02   6.44800e+00  
     2022         3        19        23        39        10         14       7100       5362 1647733150.000   1647733150.000    6.30000e+02      90.00      45.00   2.18500e+02   2.93500e+02      924.0       10.4   6.47100e+01   2.29100e-01     2           3.33230e+02   7.87300e+00  
     2022         3        19        23        51        46         15       7100       5362 1647733906.000   1647733906.000    6.30000e+02      90.00      45.00   2.18500e+02   2.93500e+02      923.9       11.4   7.46900e+01   2.77900e-01     2           2.91760e+02   7.51500e+00  
     2022         3        19        23        54        10         16       7100       5362 1647734050.000   1647734050.000    6.30000e+02     180.00      45.00   2.18500e+02   2.93500e+02      902.7       10.6   2.57900e+01   9.16000e-02     1           2.42270e+02   6.16100e+00  
     2022         3        19        23        56        34         17       7100       5362 1647734194.000   1647734194.000    6.30000e+02     -90.00      45.00   2.18500e+02   2.93500e+02      946.7       16.5   1.03500e+01   4.68000e-02     1           1.66250e+02   5.93600e+00  
     2022         3        20         0         2        34         18       7100       5362 1647734554.000   1647734554.000    6.30000e+02       0.00      90.00   2.26500e+02   3.01500e+02      901.3       11.7           nan           nan     1           2.38410e+02   6.52600e+00  
     2022         3        20         0         7        22         19       7100       5362 1647734842.000   1647734842.000    6.30000e+02      90.00      45.00   2.26500e+02   3.01500e+02      955.4       13.9   5.11300e+01   2.16800e-01     2           2.48550e+02   7.39800e+00  
     2022         3        20         0        10        22         20       7100       5362 1647735022.000   1647735022.000    6.30000e+02     180.00      45.00   2.26500e+02   3.01500e+02      942.5       14.0   1.20900e+01   5.20000e-02     2           2.26920e+02   6.93300e+00  
     2022         3        20         0        12        46         21       7100       5362 1647735166.000   1647735166.000    6.30000e+02     -90.00      45.00   2.26500e+02   3.01500e+02      909.0        9.1  -2.44200e+01   8.63000e-02     2           3.62180e+02   7.78800e+00  
     2022         3        20         0        15        10         22       7100       5362 1647735310.000   1647735310.000    6.30000e+02       0.00      90.00   2.26500e+02   3.01500e+02      939.8       13.2           nan           nan     2           2.45630e+02   7.09900e+00  
     2022         3        20         0        17        34         23       7100       5362 1647735454.000   1647735454.000    6.30000e+02       0.00      45.00   2.26500e+02   3.01500e+02      925.3       11.2   1.30100e+01   5.17000e-02     2           3.28340e+02   8.19600e+00  
     2022         3        20         0        19        58         24       7100       5362 1647735598.000   1647735598.000    6.30000e+02      90.00      45.00   2.26500e+02   3.01500e+02     1002.0       19.0   5.86000e+00   3.06000e-02     2           1.93550e+02   7.27700e+00  
     2022         3        20         0        22        22         25       7100       5362 1647735742.000   1647735742.000    6.30000e+02     180.00      45.00   2.26500e+02   3.01500e+02      931.3       13.8   7.28000e+00   3.22000e-02     2           2.22990e+02   6.79400e+00  
     2022         3        20         0        30        46         26       7100       5362 1647736246.000   1647736246.000    6.30000e+02       0.00      90.00   2.26500e+02   3.01500e+02      944.6       13.7           nan           nan     2           2.49180e+02   7.36900e+00  
     2022         3        20         0        33        46         27       7100       5362 1647736426.000   1647736426.000    6.30000e+02       0.00      45.00   2.26500e+02   3.01500e+02      920.3       10.6   2.65000e+00   1.07000e-02     2           3.52680e+02   8.43700e+00  
     2022         3        20         0        36        10         28       7100       5362 1647736570.000   1647736570.000    6.30000e+02      90.00      45.00   2.26500e+02   3.01500e+02     1108.7       22.8   8.79000e+00   5.15000e-02     2           2.54420e+02   1.00410e+01  
     2022         3        20         0        38        34         29       7100       5362 1647736714.000   1647736714.000    6.30000e+02     180.00      45.00   2.26500e+02   3.01500e+02     1014.2       26.2   2.35700e+01   1.55200e-01     2           1.12870e+02   5.74900e+00  
     2022         3        20         0        40        58         30       7100       5362 1647736858.000   1647736858.000    6.30000e+02     -90.00      45.00   2.26500e+02   3.01500e+02      937.7       14.8  -1.49200e+01   7.40000e-02     2           2.24550e+02   7.19400e+00  
     2022         3        20         0        43        22         31       7100       5362 1647737002.000   1647737002.000    6.30000e+02       0.00      90.00   2.26500e+02   3.01500e+02      959.9       15.5           nan           nan     2           2.37810e+02   7.68900e+00  
     2022         3        20         0        48        10         32       7100       5362 1647737290.000   1647737290.000    6.30000e+02      90.00      45.00   2.26500e+02   3.01500e+02     1181.3       27.6   8.80000e+00   5.84000e-02     2           2.55940e+02   1.12880e+01  
     2022         3        20         0        50        34         33       7100       5362 1647737434.000   1647737434.000    6.30000e+02     180.00      45.00   2.26500e+02   3.01500e+02      971.8       20.3   1.14500e+01   6.72000e-02     2           1.55670e+02   6.47400e+00  
     2022         3        20         0        53        34         34       7100       5362 1647737614.000   1647737614.000    6.30000e+02     -90.00      45.00   2.26500e+02   3.01500e+02      987.8       19.6  -6.71000e+00   3.82000e-02     2           1.85140e+02   7.26400e+00  
     2022         3        20         0        59        34         35       7100       5362 1647737974.000   1647737974.000    6.30000e+02       0.00      90.00   2.32500e+02   3.07500e+02      966.5       15.5           nan           nan     2           2.28940e+02   7.40700e+00  
     2022         3        20         1         6        46         36       7100       5362 1647738406.000   1647738406.000    6.30000e+02     180.00      45.00   2.32500e+02   3.07500e+02      971.9       19.9   7.43000e+00   4.49000e-02     2           1.62920e+02   6.63500e+00  
     2022         3        20         1         9        46         37       7100       5362 1647738586.000   1647738586.000    6.30000e+02     -90.00      45.00   2.32500e+02   3.07500e+02      961.4       15.4   7.90000e+00   4.21000e-02     2           2.20620e+02   7.15300e+00  
     2022         3        20         1        12        10         38       7100       5362 1647738730.000   1647738730.000    6.30000e+02       0.00      90.00   2.32500e+02   3.07500e+02      958.3       18.2           nan           nan     2           1.71350e+02   6.52900e+00  
     2022         3        20         1        14        34         39       7100       5362 1647738874.000   1647738874.000    6.30000e+02       0.00      45.00   2.32500e+02   3.07500e+02      968.6       14.9   3.56300e+01   2.09000e-01     2           2.47950e+02   7.69800e+00  
     2022         3        20         1        16        58         40       7100       5362 1647739018.000   1647739018.000    6.30000e+02      90.00      45.00   2.32500e+02   3.07500e+02     1006.5       27.7   3.18200e+01   2.69100e-01     2           1.20830e+02   6.45400e+00  
     2022         3        20         1        19        22         41       7100       5362 1647739162.000   1647739162.000    6.30000e+02     180.00      45.00   2.32500e+02   3.07500e+02      993.3       23.6   1.77800e+01   1.47100e-01     2           1.42850e+02   6.64800e+00  
     2022         3        20         1        21        46         42       7100       5362 1647739306.000   1647739306.000    6.30000e+02     -90.00      45.00   2.32500e+02   3.07500e+02     1012.8       20.4   3.99000e+00   3.23000e-02     2           1.80430e+02   7.18300e+00  
     2022         3        20         1        28        22         43       7100       5362 1647739702.000   1647739702.000    6.30000e+02       0.00      90.00   2.32500e+02   3.07500e+02     1157.3       39.6           nan           nan     2           9.75200e+01   6.37600e+00  
     2022         3        20         1        30        46         44       7100       5362 1647739846.000   1647739846.000    6.30000e+02       0.00      45.00   2.32500e+02   3.07500e+02     1148.1       38.8   5.76000e+00   6.82000e-02     2           1.13250e+02   7.26600e+00  
     2022         3        20         1        33        10         45       7100       5362 1647739990.000   1647739990.000    6.30000e+02      90.00      45.00   2.32500e+02   3.07500e+02     1126.1       55.0   2.81300e+01   3.85800e-01     2           4.99400e+01   4.64900e+00  
     2022         3        20         1        35        34         46       7100       5362 1647740134.000   1647740134.000    6.30000e+02     180.00      45.00   2.32500e+02   3.07500e+02     1035.1       29.4   2.42500e+01   2.42500e-01     2           1.17860e+02   6.49000e+00  
     2022         3        20         1        37        58         47       7100       5362 1647740278.000   1647740278.000    6.30000e+02     -90.00      45.00   2.32500e+02   3.07500e+02     1177.3       47.8  -8.41000e+00   1.03500e-01     2           8.14600e+01   6.25900e+00  
     2022         3        20         1        40        22         48       7100       5362 1647740422.000   1647740422.000    6.30000e+02       0.00      90.00   2.32500e+02   3.07500e+02     1059.2       30.0           nan           nan     2           1.21900e+02   6.67900e+00  
     2022         3        20         1        42        46         49       7100       5362 1647740566.000   1647740566.000    6.30000e+02       0.00      45.00   2.32500e+02   3.07500e+02     1009.7       23.6   6.96800e+01   6.00000e-01     2           1.47750e+02   6.77400e+00  
     2022         3        20         1        48        10         50       7100       5362 1647740890.000   1647740890.000    6.30000e+02     180.00      45.00   2.32500e+02   3.07500e+02      995.7       29.6   2.71000e+00   2.66000e-02     2           9.71100e+01   5.63800e+00  
     2022         3        20         1        50        34         51       7100       5362 1647741034.000   1647741034.000    6.30000e+02     -90.00      45.00   2.32500e+02   3.07500e+02     1026.8       29.1  -1.61700e+01   1.55500e-01     2           1.15380e+02   6.35200e+00  
     2022         3        20         1        56        34         52       7100       5362 1647741394.000   1647741394.000    6.30000e+02       0.00      90.00   2.32500e+02   3.07500e+02     1088.4       32.0           nan           nan     2           1.22760e+02   6.92800e+00  
     2022         3        20         1        58        58         53       7100       5362 1647741538.000   1647741538.000    6.30000e+02       0.00      45.00   2.38500e+02   3.13500e+02     1184.9       43.9   1.80200e+01   2.11500e-01     2           1.01180e+02   7.09200e+00  
     2022         3        20         2         3        46         54       7100       5362 1647741826.000   1647741826.000    6.30000e+02     180.00      45.00   2.38500e+02   3.13500e+02     1045.0       30.5   2.69400e+01   2.68400e-01     2           1.06790e+02   6.05700e+00  
     2022         3        20         2         6        10         55       7100       5362 1647741970.000   1647741970.000    6.30000e+02     -90.00      45.00   2.38500e+02   3.13500e+02     1090.1       38.0   1.11900e+01   1.25100e-01     2           9.90400e+01   6.58300e+00  
     2022         3        20         2         9        10         56       7100       5362 1647742150.000   1647742150.000    6.30000e+02       0.00      90.00   2.38500e+02   3.13500e+02     1127.8       33.1           nan           nan     2           1.29110e+02   7.26500e+00  
     2022         3        20         2        11        34         57       7100       5362 1647742294.000   1647742294.000    6.30000e+02       0.00      45.00   2.38500e+02   3.13500e+02     1140.7       35.5   2.52500e+01   2.70500e-01     2           1.30460e+02   7.71700e+00  
     2022         3        20         2        13        58         58       7100       5362 1647742438.000   1647742438.000    6.30000e+02      90.00      45.00   2.38500e+02   3.13500e+02     1185.6       49.4   3.42200e+01   4.33700e-01     2           7.04300e+01   5.58500e+00  
     2022         3        20         2        16        22         59       7100       5362 1647742582.000   1647742582.000    6.30000e+02     180.00      45.00   2.38500e+02   3.13500e+02     1171.0       45.5   2.56200e+01   3.20000e-01     2           8.75600e+01   6.44400e+00  
     2022         3        20         2        18        46         60       7100       5362 1647742726.000   1647742726.000    6.30000e+02     -90.00      45.00   2.38500e+02   3.13500e+02     1134.6       52.4  -1.50500e+01   2.03600e-01     2           6.25900e+01   5.48000e+00  
     2022         3        20         2        32        34         61       7100       5362 1647743554.000   1647743554.000    6.30000e+02     180.00      45.00   2.38500e+02   3.13500e+02     1102.5       44.4   3.56000e+00   4.72000e-02     2           7.41100e+01   5.69200e+00  
     2022         3        20         3        21        46         62       7100       5362 1647746506.000   1647746506.000    6.30000e+02       0.00      90.00   2.41500e+02   3.16500e+02     1257.5       56.4           nan           nan     2           6.24500e+01   5.31200e+00  
     2022         3        20         3        24        10         63       7100       5362 1647746650.000   1647746650.000    6.30000e+02       0.00      45.00   2.41500e+02   3.16500e+02     1244.9       59.7  -4.11200e+01   7.06500e-01     2           5.78000e+01   5.24300e+00  
     2022         3        20         8        10        58         64       7100       5362 1647763858.000   1647763858.000    6.30000e+02      90.00      45.00   2.37500e+02   3.12500e+02     1283.8       50.2  -2.76600e+01   3.61800e-01     2           9.26900e+01   6.83300e+00  
     2022         3        20         8        13        22         65       7100       5362 1647764002.000   1647764002.000    6.30000e+02     180.00      45.00   2.37500e+02   3.12500e+02     1220.1       45.2  -1.52000e+01   1.87900e-01     2           9.99800e+01   6.99300e+00  
     2022         3        20         8        18        46         66       7100       5362 1647764326.000   1647764326.000    6.30000e+02       0.00      90.00   2.37500e+02   3.12500e+02     1167.8       32.4           nan           nan     2           1.59150e+02   8.40400e+00  
     2022         3        20         8        21        10         67       7100       5362 1647764470.000   1647764470.000    6.30000e+02       0.00      45.00   2.37500e+02   3.12500e+02     1129.2       27.5  -1.15800e+01   1.12600e-01     2           1.96130e+02   9.12500e+00  
     2022         3        20         8        23        34         68       7100       5362 1647764614.000   1647764614.000    6.30000e+02      90.00      45.00   2.37500e+02   3.12500e+02     1209.4       22.0   1.05600e+01   9.16000e-02     2           3.71020e+02   1.28470e+01  
