   YEAR     MONTH      DAY       HOUR      MIN       SEC       RECNO     KINDAT      KINST       UT1_UNIX        UT2_UNIX        WAVLEN        AZM        ELM         ALTB          ALTE         TN         DTN        VNHLU         DVNHLU     FPI_DATAQUAL      RLE           DRLE     
     2022         3         7        22         4        22          0       7100       5362 1646690662.000   1646690662.000    6.30000e+02       0.00      90.00   2.13500e+02   2.88500e+02     1096.1        6.2           nan           nan     2           8.45550e+02   1.06700e+01  
     2022         3         7        22         9        10          1       7100       5362 1646690950.000   1646690950.000    6.30000e+02      90.00      45.00   2.13500e+02   2.88500e+02     1080.7        6.4   3.03400e+01   5.14000e-02     1           7.11160e+02   9.57000e+00  
     2022         3         7        22        48        46          2       7100       5362 1646693326.000   1646693326.000    6.30000e+02       0.00      90.00   2.13500e+02   2.88500e+02     1032.9        6.8           nan           nan     1           4.97080e+02   7.68500e+00  
     2022         3         7        22        51        10          3       7100       5362 1646693470.000   1646693470.000    6.30000e+02       0.00      45.00   2.13500e+02   2.88500e+02     1025.0        6.3   4.09000e+00   7.40000e-03     1           5.76450e+02   8.30400e+00  
     2022         3         7        22        55        58          4       7100       5362 1646693758.000   1646693758.000    6.30000e+02     180.00      45.00   2.13500e+02   2.88500e+02     1010.0        6.4   3.45000e+01   6.36000e-02     1           5.13830e+02   7.72200e+00  
     2022         3         7        22        58        22          5       7100       5362 1646693902.000   1646693902.000    6.30000e+02     -90.00      45.00   2.13500e+02   2.88500e+02     1028.5        7.1  -3.04400e+01   5.90000e-02     1           5.36740e+02   8.37100e+00  
     2022         3         7        23         1        22          6       7100       5362 1646694082.000   1646694082.000    6.30000e+02       0.00      90.00   2.24500e+02   2.99500e+02     1030.8        7.1           nan           nan     1           4.59820e+02   7.37200e+00  
     2022         3         7        23         3        46          7       7100       5362 1646694226.000   1646694226.000    6.30000e+02       0.00      45.00   2.24500e+02   2.99500e+02     1023.4        6.2   3.05000e+00   5.60000e-03     1           5.76880e+02   8.24200e+00  
     2022         3         7        23         6        10          8       7100       5362 1646694370.000   1646694370.000    6.30000e+02      90.00      45.00   2.24500e+02   2.99500e+02     1014.5        9.2   2.39200e+01   5.35000e-02     1           3.05010e+02   6.28100e+00  
     2022         3         7        23         8        34          9       7100       5362 1646694514.000   1646694514.000    6.30000e+02     180.00      45.00   2.24500e+02   2.99500e+02     1007.8        7.6   1.92200e+01   3.92000e-02     1           4.02550e+02   7.02900e+00  
     2022         3         7        23        16        58         10       7100       5362 1646695018.000   1646695018.000    6.30000e+02       0.00      90.00   2.24500e+02   2.99500e+02     1007.9        7.1           nan           nan     1           4.23410e+02   7.01900e+00  
     2022         3         7        23        21        46         11       7100       5362 1646695306.000   1646695306.000    6.30000e+02      90.00      45.00   2.24500e+02   2.99500e+02      988.2        9.3   5.29100e+01   1.23900e-01     1           2.81740e+02   6.02300e+00  
     2022         3         7        23        24        10         12       7100       5362 1646695450.000   1646695450.000    6.30000e+02     180.00      45.00   2.24500e+02   2.99500e+02      992.7        9.6   2.63600e+01   6.39000e-02     1           2.76520e+02   6.04800e+00  
     2022         3         7        23        27        10         13       7100       5362 1646695630.000   1646695630.000    6.30000e+02     -90.00      45.00   2.24500e+02   2.99500e+02      999.9        8.4  -3.34000e+01   7.66000e-02     1           3.81830e+02   7.20200e+00  
     2022         3         7        23        29        34         14       7100       5362 1646695774.000   1646695774.000    6.30000e+02       0.00      90.00   2.24500e+02   2.99500e+02      984.3        7.9           nan           nan     1           3.53540e+02   6.58600e+00  
     2022         3         7        23        31        58         15       7100       5362 1646695918.000   1646695918.000    6.30000e+02       0.00      45.00   2.24500e+02   2.99500e+02      980.0        7.1   1.62300e+01   3.51000e-02     1           4.37700e+02   7.35600e+00  
     2022         3         7        23        34        22         16       7100       5362 1646696062.000   1646696062.000    6.30000e+02      90.00      45.00   2.24500e+02   2.99500e+02      987.5       10.4   1.83400e+01   4.90000e-02     1           2.42900e+02   5.75400e+00  
     2022         3         7        23        36        46         17       7100       5362 1646696206.000   1646696206.000    6.30000e+02     180.00      45.00   2.24500e+02   2.99500e+02      964.9        9.3   2.55900e+01   6.46000e-02     1           2.69170e+02   5.91200e+00  
     2022         3         7        23        39        10         18       7100       5362 1646696350.000   1646696350.000    6.30000e+02     -90.00      45.00   2.24500e+02   2.99500e+02      980.0        8.6  -4.96300e+01   1.22300e-01     1           3.53430e+02   6.96900e+00  
     2022         3         7        23        45        10         19       7100       5362 1646696710.000   1646696710.000    6.30000e+02       0.00      90.00   2.24500e+02   2.99500e+02      963.5        8.7           nan           nan     1           2.92600e+02   6.08200e+00  
     2022         3         7        23        48        10         20       7100       5362 1646696890.000   1646696890.000    6.30000e+02       0.00      45.00   2.24500e+02   2.99500e+02      962.1        9.3  -5.14000e+00   1.35000e-02     1           3.05230e+02   6.54100e+00  
     2022         3         7        23        50        34         21       7100       5362 1646697034.000   1646697034.000    6.30000e+02      90.00      45.00   2.24500e+02   2.99500e+02      969.5        8.7   5.79900e+01   1.48400e-01     1           2.88840e+02   6.00000e+00  
     2022         3         7        23        52        58         22       7100       5362 1646697178.000   1646697178.000    6.30000e+02     180.00      45.00   2.24500e+02   2.99500e+02      957.1       10.5   1.51400e+01   4.34000e-02     1           2.27880e+02   5.57800e+00  
     2022         3         7        23        55        22         23       7100       5362 1646697322.000   1646697322.000    6.30000e+02     -90.00      45.00   2.24500e+02   2.99500e+02      972.3       12.4  -2.96000e+00   9.50000e-03     1           2.19010e+02   5.98900e+00  
     2022         3         7        23        57        46         24       7100       5362 1646697466.000   1646697466.000    6.30000e+02       0.00      90.00   2.24500e+02   2.99500e+02      965.1        9.4           nan           nan     1           2.75340e+02   6.03500e+00  
     2022         3         8         0         0        10         25       7100       5362 1646697610.000   1646697610.000    6.30000e+02       0.00      45.00   2.31500e+02   3.06500e+02      972.0       12.8   7.94000e+00   2.61000e-02     1           2.09330e+02   5.88400e+00  
     2022         3         8         0         2        34         26       7100       5362 1646697754.000   1646697754.000    6.30000e+02      90.00      45.00   2.31500e+02   3.06500e+02      946.6        8.8   5.49500e+01   1.47000e-01     1           2.73940e+02   5.84300e+00  
     2022         3         8         0         5        34         27       7100       5362 1646697934.000   1646697934.000    6.30000e+02     180.00      45.00   2.31500e+02   3.06500e+02      943.6       11.9   2.46700e+01   7.91000e-02     1           1.82830e+02   5.10900e+00  
     2022         3         8         0         7        58         28       7100       5362 1646698078.000   1646698078.000    6.30000e+02     -90.00      45.00   2.31500e+02   3.06500e+02      967.5       13.1  -2.30800e+01   7.93000e-02     1           2.04820e+02   5.91700e+00  
     2022         3         8         0        13        58         29       7100       5362 1646698438.000   1646698438.000    6.30000e+02       0.00      90.00   2.31500e+02   3.06500e+02      946.3       10.0           nan           nan     1           2.38180e+02   5.66800e+00  
     2022         3         8         0        16        22         30       7100       5362 1646698582.000   1646698582.000    6.30000e+02       0.00      45.00   2.31500e+02   3.06500e+02      949.2       12.6   2.09600e+01   7.06000e-02     1           1.99740e+02   5.69800e+00  
     2022         3         8         0        18        46         31       7100       5362 1646698726.000   1646698726.000    6.30000e+02      90.00      45.00   2.31500e+02   3.06500e+02      935.7        9.6   6.05200e+01   1.73300e-01     0           2.33940e+02   5.46400e+00  
     2022         3         8         0        21        10         32       7100       5362 1646698870.000   1646698870.000    6.30000e+02     180.00      45.00   2.31500e+02   3.06500e+02      940.6        9.7   9.04000e+00   2.59000e-02     0           2.28900e+02   5.39900e+00  
     2022         3         8         0        23        34         33       7100       5362 1646699014.000   1646699014.000    6.30000e+02     -90.00      45.00   2.31500e+02   3.06500e+02      946.5        7.8  -7.58800e+01   1.94300e-01     1           3.33310e+02   6.38300e+00  
     2022         3         8         0        25        58         34       7100       5362 1646699158.000   1646699158.000    6.30000e+02       0.00      90.00   2.31500e+02   3.06500e+02      947.5        9.6           nan           nan     1           2.46280e+02   5.68100e+00  
     2022         3         8         0        28        58         35       7100       5362 1646699338.000   1646699338.000    6.30000e+02       0.00      45.00   2.31500e+02   3.06500e+02      937.4        7.3   2.69500e+01   6.75000e-02     1           3.68510e+02   6.67700e+00  
     2022         3         8         0        31        22         36       7100       5362 1646699482.000   1646699482.000    6.30000e+02      90.00      45.00   2.31500e+02   3.06500e+02      951.6        9.8   6.03900e+01   1.73800e-01     0           2.26200e+02   5.34200e+00  
     2022         3         8         0        33        46         37       7100       5362 1646699626.000   1646699626.000    6.30000e+02     180.00      45.00   2.31500e+02   3.06500e+02      942.2       11.1   1.58200e+01   4.91000e-02     1           1.92050e+02   5.08100e+00  
     2022         3         8         0        36        10         38       7100       5362 1646699770.000   1646699770.000    6.30000e+02     -90.00      45.00   2.31500e+02   3.06500e+02      948.9       11.0  -3.50600e+01   1.09900e-01     1           2.31240e+02   5.88100e+00  
     2022         3         8         0        42        10         39       7100       5362 1646700130.000   1646700130.000    6.30000e+02       0.00      90.00   2.31500e+02   3.06500e+02      940.3       10.5           nan           nan     1           2.06730e+02   5.22800e+00  
     2022         3         8         0        44        34         40       7100       5362 1646700274.000   1646700274.000    6.30000e+02       0.00      45.00   2.31500e+02   3.06500e+02      937.2        7.3   2.33600e+01   6.12000e-02     1           3.54690e+02   6.47300e+00  
     2022         3         8         0        46        58         41       7100       5362 1646700418.000   1646700418.000    6.30000e+02      90.00      45.00   2.31500e+02   3.06500e+02      932.4       10.4   7.51900e+01   2.33900e-01     0           1.92540e+02   4.93100e+00  
     2022         3         8         0        49        22         42       7100       5362 1646700562.000   1646700562.000    6.30000e+02     180.00      45.00   2.31500e+02   3.06500e+02      934.0       11.4  -1.82200e+01   5.97000e-02     0           1.67330e+02   4.65000e+00  
     2022         3         8         0        52        22         43       7100       5362 1646700742.000   1646700742.000    6.30000e+02     -90.00      45.00   2.31500e+02   3.06500e+02      950.5       12.5  -2.77900e+01   9.70000e-02     1           1.96600e+02   5.60200e+00  
     2022         3         8         0        54        46         44       7100       5362 1646700886.000   1646700886.000    6.30000e+02       0.00      90.00   2.31500e+02   3.06500e+02      934.9       11.0           nan           nan     0           1.74200e+02   4.69500e+00  
     2022         3         8         0        57        10         45       7100       5362 1646701030.000   1646701030.000    6.30000e+02       0.00      45.00   2.31500e+02   3.06500e+02      927.8        9.1   2.44600e+01   7.40000e-02     1           2.66310e+02   5.90100e+00  
     2022         3         8         0        59        34         46       7100       5362 1646701174.000   1646701174.000    6.30000e+02      90.00      45.00   2.38500e+02   3.13500e+02      928.1       11.5   8.79000e+01   2.98600e-01     0           1.54240e+02   4.39400e+00  
     2022         3         8         1         1        58         47       7100       5362 1646701318.000   1646701318.000    6.30000e+02     180.00      45.00   2.38500e+02   3.13500e+02      922.4       11.9  -2.12000e+01   7.43000e-02     0           1.45290e+02   4.29800e+00  
     2022         3         8         1         4        22         48       7100       5362 1646701462.000   1646701462.000    6.30000e+02     -90.00      45.00   2.38500e+02   3.13500e+02      935.1        8.7  -8.46100e+01   2.57700e-01     0           2.60060e+02   5.61500e+00  
     2022         3         8         1        10        22         49       7100       5362 1646701822.000   1646701822.000    6.30000e+02       0.00      90.00   2.38500e+02   3.13500e+02      934.4       12.6           nan           nan     0           1.31120e+02   4.07400e+00  
     2022         3         8         1        12        46         50       7100       5362 1646701966.000   1646701966.000    6.30000e+02       0.00      45.00   2.38500e+02   3.13500e+02      920.4        9.0   6.55900e+01   2.14300e-01     0           2.36560e+02   5.36400e+00  
     2022         3         8         1        15        46         51       7100       5362 1646702146.000   1646702146.000    6.30000e+02      90.00      45.00   2.38500e+02   3.13500e+02      937.5       13.8   7.02300e+01   2.83500e-01     0           1.25170e+02   4.13600e+00  
     2022         3         8         1        18        10         52       7100       5362 1646702290.000   1646702290.000    6.30000e+02     180.00      45.00   2.38500e+02   3.13500e+02      920.8       14.0  -3.37200e+01   1.39500e-01     0           1.12550e+02   3.87600e+00  
     2022         3         8         1        20        34         53       7100       5362 1646702434.000   1646702434.000    6.30000e+02     -90.00      45.00   2.38500e+02   3.13500e+02      950.0       10.6  -6.26000e+01   2.26100e-01     0           1.91040e+02   4.90100e+00  
     2022         3         8         1        22        58         54       7100       5362 1646702578.000   1646702578.000    6.30000e+02       0.00      90.00   2.38500e+02   3.13500e+02      923.4       14.3           nan           nan     0           1.03960e+02   3.67400e+00  
     2022         3         8         1        25        22         55       7100       5362 1646702722.000   1646702722.000    6.30000e+02       0.00      45.00   2.38500e+02   3.13500e+02      925.7       10.2   8.01100e+01   2.99500e-01     0           1.91220e+02   4.87400e+00  
     2022         3         8         1        27        46         56       7100       5362 1646702866.000   1646702866.000    6.30000e+02      90.00      45.00   2.38500e+02   3.13500e+02      915.3       14.9   9.19700e+01   4.22200e-01     0           9.77800e+01   3.60500e+00  
     2022         3         8         1        30        10         57       7100       5362 1646703010.000   1646703010.000    6.30000e+02     180.00      45.00   2.38500e+02   3.13500e+02      915.3       15.3  -4.56900e+01   2.15100e-01     0           9.36900e+01   3.54400e+00  
     2022         3         8         1        33        10         58       7100       5362 1646703190.000   1646703190.000    6.30000e+02     -90.00      45.00   2.38500e+02   3.13500e+02      916.7       12.3  -7.35900e+01   3.19400e-01     0           1.41610e+02   4.31900e+00  
     2022         3         8         1        38        34         59       7100       5362 1646703514.000   1646703514.000    6.30000e+02       0.00      90.00   2.38500e+02   3.13500e+02      924.1       17.8           nan           nan     0           8.08200e+01   3.43100e+00  
     2022         3         8         1        41        34         60       7100       5362 1646703694.000   1646703694.000    6.30000e+02       0.00      45.00   2.38500e+02   3.13500e+02      925.7       13.0   7.41800e+01   3.69400e-01     0           1.41050e+02   4.43200e+00  
     2022         3         8         1        43        58         61       7100       5362 1646703838.000   1646703838.000    6.30000e+02      90.00      45.00   2.38500e+02   3.13500e+02      882.8       16.6   8.04300e+01   4.70800e-01     0           7.99200e+01   3.35200e+00  
     2022         3         8         1        46        22         62       7100       5362 1646703982.000   1646703982.000    6.30000e+02     180.00      45.00   2.38500e+02   3.13500e+02      920.3       19.7  -3.45900e+01   2.27400e-01     0           7.45300e+01   3.45300e+00  
     2022         3         8         1        48        46         63       7100       5362 1646704126.000   1646704126.000    6.30000e+02     -90.00      45.00   2.38500e+02   3.13500e+02     1037.1       36.1   9.70000e+00   9.18000e-02     2           6.13300e+01   4.21200e+00  
     2022         3         8         1        51        10         64       7100       5362 1646704270.000   1646704270.000    6.30000e+02       0.00      90.00   2.38500e+02   3.13500e+02      982.8       26.6           nan           nan     1           6.26800e+01   3.52500e+00  
     2022         3         8         1        53        34         65       7100       5362 1646704414.000   1646704414.000    6.30000e+02       0.00      45.00   2.38500e+02   3.13500e+02      940.2       17.1   5.48700e+01   3.72900e-01     1           1.06870e+02   4.17200e+00  
     2022         3         8         1        55        58         66       7100       5362 1646704558.000   1646704558.000    6.30000e+02      90.00      45.00   2.38500e+02   3.13500e+02      916.3       19.9   7.14700e+01   5.29800e-01     0           7.08100e+01   3.33600e+00  
     2022         3         8         1        58        58         67       7100       5362 1646704738.000   1646704738.000    6.30000e+02     180.00      45.00   2.43500e+02   3.18500e+02      934.8       24.0  -4.50800e+01   3.69900e-01     0           6.02500e+01   3.26700e+00  
     2022         3         8         2         7        22         68       7100       5362 1646705242.000   1646705242.000    6.30000e+02       0.00      90.00   2.43500e+02   3.18500e+02      971.5       31.8           nan           nan     1           4.87600e+01   3.25900e+00  
     2022         3         8         2         9        46         69       7100       5362 1646705386.000   1646705386.000    6.30000e+02       0.00      45.00   2.43500e+02   3.18500e+02     1062.6       50.5   5.47700e+01   6.93400e-01     2           4.35800e+01   4.00300e+00  
     2022         3         8         2        12        10         70       7100       5362 1646705530.000   1646705530.000    6.30000e+02      90.00      45.00   2.43500e+02   3.18500e+02      950.7       24.8   4.51300e+01   3.79100e-01     0           5.62100e+01   3.11600e+00  
     2022         3         8         2        14        34         71       7100       5362 1646705674.000   1646705674.000    6.30000e+02     180.00      45.00   2.43500e+02   3.18500e+02      925.6       24.9  -5.09700e+01   4.19200e-01     0           5.44700e+01   3.10500e+00  
     2022         3         8         2        16        58         72       7100       5362 1646705818.000   1646705818.000    6.30000e+02     -90.00      45.00   2.43500e+02   3.18500e+02     1034.4       42.2  -3.57900e+01   3.90200e-01     2           5.02400e+01   4.00800e+00  
     2022         3         8         2        19        22         73       7100       5362 1646705962.000   1646705962.000    6.30000e+02       0.00      90.00   2.43500e+02   3.18500e+02      952.7       25.7           nan           nan     0           5.66100e+01   3.21400e+00  
     2022         3         8         2        22        22         74       7100       5362 1646706142.000   1646706142.000    6.30000e+02       0.00      45.00   2.43500e+02   3.18500e+02      985.6       34.4   4.40000e-01   4.40000e-03     1           5.40600e+01   3.76000e+00  
     2022         3         8         2        24        46         75       7100       5362 1646706286.000   1646706286.000    6.30000e+02      90.00      45.00   2.43500e+02   3.18500e+02      919.8       24.8   3.99100e+01   3.50300e-01     0           5.22500e+01   2.99800e+00  
     2022         3         8         2        27        10         76       7100       5362 1646706430.000   1646706430.000    6.30000e+02     180.00      45.00   2.43500e+02   3.18500e+02      983.6       33.4  -4.41700e+01   4.61200e-01     0           4.51800e+01   3.13600e+00  
     2022         3         8         2        29        34         77       7100       5362 1646706574.000   1646706574.000    6.30000e+02     -90.00      45.00   2.43500e+02   3.18500e+02     1009.2       41.3  -1.90600e+01   2.35100e-01     2           4.55800e+01   3.67000e+00  
     2022         3         8         2        35        34         78       7100       5362 1646706934.000   1646706934.000    6.30000e+02       0.00      90.00   2.43500e+02   3.18500e+02     1045.5       43.4           nan           nan     2           4.05100e+01   3.33600e+00  
     2022         3         8         2        38        34         79       7100       5362 1646707114.000   1646707114.000    6.30000e+02       0.00      45.00   2.43500e+02   3.18500e+02      987.6       36.3   3.78000e+01   4.60000e-01     1           5.00400e+01   3.66300e+00  
     2022         3         8         2        40        58         80       7100       5362 1646707258.000   1646707258.000    6.30000e+02      90.00      45.00   2.43500e+02   3.18500e+02      905.0       25.6   6.75700e+01   6.74900e-01     0           4.47100e+01   2.71700e+00  
     2022         3         8         2        43        22         81       7100       5362 1646707402.000   1646707402.000    6.30000e+02     180.00      45.00   2.43500e+02   3.18500e+02      952.8       31.4  -3.40400e+01   3.55200e-01     0           4.31900e+01   2.95000e+00  
     2022         3         8         2        45        46         82       7100       5362 1646707546.000   1646707546.000    6.30000e+02     -90.00      45.00   2.43500e+02   3.18500e+02      992.6       26.7  -5.50000e+01   5.06600e-01     1           6.38900e+01   3.56600e+00  
     2022         3         8         2        48        10         83       7100       5362 1646707690.000   1646707690.000    6.30000e+02       0.00      90.00   2.43500e+02   3.18500e+02      992.1       30.8           nan           nan     0           4.92500e+01   3.15600e+00  
     2022         3         8         2        50        34         84       7100       5362 1646707834.000   1646707834.000    6.30000e+02       0.00      45.00   2.43500e+02   3.18500e+02     1019.5       31.0   5.28300e+01   4.91400e-01     1           5.97000e+01   3.68000e+00  
     2022         3         8         2        53        34         85       7100       5362 1646708014.000   1646708014.000    6.30000e+02      90.00      45.00   2.43500e+02   3.18500e+02      950.1       30.0   5.09800e+01   4.70600e-01     0           4.21800e+01   2.79800e+00  
     2022         3         8         2        55        58         86       7100       5362 1646708158.000   1646708158.000    6.30000e+02     180.00      45.00   2.43500e+02   3.18500e+02      977.6       30.8  -6.10400e+01   5.62300e-01     0           4.22400e+01   2.79100e+00  
     2022         3         8         2        58        22         87       7100       5362 1646708302.000   1646708302.000    6.30000e+02     -90.00      45.00   2.43500e+02   3.18500e+02     1004.1       26.0  -5.52900e+01   4.66900e-01     0           6.32700e+01   3.42600e+00  
     2022         3         8         3         4        22         88       7100       5362 1646708662.000   1646708662.000    6.30000e+02       0.00      90.00   2.45500e+02   3.20500e+02      975.3       29.7           nan           nan     0           3.99000e+01   2.59200e+00  
     2022         3         8         3         6        46         89       7100       5362 1646708806.000   1646708806.000    6.30000e+02       0.00      45.00   2.45500e+02   3.20500e+02      958.9       18.6   8.97600e+01   6.54300e-01     0           8.34300e+01   3.54200e+00  
     2022         3         8         3         9        10         90       7100       5362 1646708950.000   1646708950.000    6.30000e+02      90.00      45.00   2.45500e+02   3.20500e+02      974.1       29.3   3.95300e+01   3.54700e-01     0           4.57900e+01   2.89000e+00  
     2022         3         8         3        11        34         91       7100       5362 1646709094.000   1646709094.000    6.30000e+02     180.00      45.00   2.45500e+02   3.20500e+02     1023.3       35.4  -5.06200e+01   5.06200e-01     0           3.79700e+01   2.72900e+00  
     2022         3         8         3        13        58         92       7100       5362 1646709238.000   1646709238.000    6.30000e+02     -90.00      45.00   2.45500e+02   3.20500e+02      999.2       26.0  -4.45200e+01   3.84100e-01     0           6.50700e+01   3.52800e+00  
     2022         3         8         3        16        58         93       7100       5362 1646709418.000   1646709418.000    6.30000e+02       0.00      90.00   2.45500e+02   3.20500e+02      932.6       29.9           nan           nan     0           3.75900e+01   2.56000e+00  
     2022         3         8         3        19        22         94       7100       5362 1646709562.000   1646709562.000    6.30000e+02       0.00      45.00   2.45500e+02   3.20500e+02      952.7       17.9   5.78800e+01   4.29000e-01     0           9.07500e+01   3.71600e+00  
     2022         3         8         3        21        46         95       7100       5362 1646709706.000   1646709706.000    6.30000e+02      90.00      45.00   2.45500e+02   3.20500e+02     1013.9       31.0   4.86200e+01   4.52600e-01     0           4.12500e+01   2.67500e+00  
     2022         3         8         3        24        10         96       7100       5362 1646709850.000   1646709850.000    6.30000e+02     180.00      45.00   2.45500e+02   3.20500e+02     1004.4       36.5  -6.03800e+01   6.16700e-01     0           3.26000e+01   2.47600e+00  
     2022         3         8         3        26        34         97       7100       5362 1646709994.000   1646709994.000    6.30000e+02     -90.00      45.00   2.45500e+02   3.20500e+02      983.9       22.9  -5.40600e+01   4.37100e-01     0           6.64600e+01   3.31200e+00  
     2022         3         8         3        32        34         98       7100       5362 1646710354.000   1646710354.000    6.30000e+02       0.00      90.00   2.45500e+02   3.20500e+02      972.0       30.5           nan           nan     0           3.84400e+01   2.57000e+00  
     2022         3         8         3        34        58         99       7100       5362 1646710498.000   1646710498.000    6.30000e+02       0.00      45.00   2.45500e+02   3.20500e+02      973.6       18.6   5.16200e+01   3.84000e-01     0           8.80700e+01   3.67200e+00  
     2022         3         8         3        37        22        100       7100       5362 1646710642.000   1646710642.000    6.30000e+02      90.00      45.00   2.45500e+02   3.20500e+02     1002.1       30.4   5.88900e+01   5.44800e-01     0           4.24300e+01   2.73000e+00  
     2022         3         8         3        40        22        101       7100       5362 1646710822.000   1646710822.000    6.30000e+02     180.00      45.00   2.45500e+02   3.20500e+02      999.9       35.7  -1.85600e+01   1.91100e-01     0           3.77400e+01   2.78100e+00  
     2022         3         8         3        42        46        102       7100       5362 1646710966.000   1646710966.000    6.30000e+02     -90.00      45.00   2.45500e+02   3.20500e+02      972.3       22.3  -3.19400e+01   2.54500e-01     0           6.54800e+01   3.24300e+00  
     2022         3         8         3        45        10        103       7100       5362 1646711110.000   1646711110.000    6.30000e+02       0.00      90.00   2.45500e+02   3.20500e+02      970.5       30.6           nan           nan     0           3.81600e+01   2.55900e+00  
     2022         3         8         3        47        34        104       7100       5362 1646711254.000   1646711254.000    6.30000e+02       0.00      45.00   2.45500e+02   3.20500e+02      967.9       16.7   7.06100e+01   5.03600e-01     0           9.37800e+01   3.60800e+00  
     2022         3         8         3        49        58        105       7100       5362 1646711398.000   1646711398.000    6.30000e+02      90.00      45.00   2.45500e+02   3.20500e+02      994.5       29.8   5.20000e+01   4.77300e-01     0           4.17900e+01   2.66600e+00  
     2022         3         8         3        52        22        106       7100       5362 1646711542.000   1646711542.000    6.30000e+02     180.00      45.00   2.45500e+02   3.20500e+02     1005.7       32.3  -6.97000e+00   6.62000e-02     0           4.43200e+01   2.94900e+00  
     2022         3         8         3        54        46        107       7100       5362 1646711686.000   1646711686.000    6.30000e+02     -90.00      45.00   2.45500e+02   3.20500e+02     1007.4       23.2  -2.94000e+01   2.40000e-01     0           7.26700e+01   3.55300e+00  
     2022         3         8         4         1        22        108       7100       5362 1646712082.000   1646712082.000    6.30000e+02       0.00      90.00   2.46500e+02   3.21500e+02      989.9       31.6           nan           nan     0           3.76600e+01   2.55200e+00  
     2022         3         8         4         3        46        109       7100       5362 1646712226.000   1646712226.000    6.30000e+02       0.00      45.00   2.46500e+02   3.21500e+02      995.3       20.0   3.36700e+01   2.61900e-01     0           8.85900e+01   3.81500e+00  
     2022         3         8         4         6        10        110       7100       5362 1646712370.000   1646712370.000    6.30000e+02      90.00      45.00   2.46500e+02   3.21500e+02      993.0       28.2   3.60300e+01   3.25800e-01     0           4.50800e+01   2.73800e+00  
     2022         3         8         4         8        34        111       7100       5362 1646712514.000   1646712514.000    6.30000e+02     180.00      45.00   2.46500e+02   3.21500e+02     1025.2       37.7  -5.60700e+01   5.83200e-01     0           3.33900e+01   2.55200e+00  
     2022         3         8         4        10        58        112       7100       5362 1646712658.000   1646712658.000    6.30000e+02     -90.00      45.00   2.46500e+02   3.21500e+02     1012.4       23.6  -3.62900e+01   3.01700e-01     0           6.35700e+01   3.19500e+00  
     2022         3         8         4        13        22        113       7100       5362 1646712802.000   1646712802.000    6.30000e+02       0.00      90.00   2.46500e+02   3.21500e+02     1018.4       32.6           nan           nan     0           3.79000e+01   2.57400e+00  
     2022         3         8         4        15        46        114       7100       5362 1646712946.000   1646712946.000    6.30000e+02       0.00      45.00   2.46500e+02   3.21500e+02      997.9       17.2   3.07800e+01   2.23200e-01     0           9.43800e+01   3.62900e+00  
     2022         3         8         4        18        46        115       7100       5362 1646713126.000   1646713126.000    6.30000e+02      90.00      45.00   2.46500e+02   3.21500e+02      997.8       26.2   3.04300e+01   2.60000e-01     0           5.22500e+01   2.93900e+00  
     2022         3         8         4        21        10        116       7100       5362 1646713270.000   1646713270.000    6.30000e+02     180.00      45.00   2.46500e+02   3.21500e+02     1040.5       35.9  -4.34000e+01   4.26600e-01     0           3.56800e+01   2.58000e+00  
     2022         3         8         4        23        34        117       7100       5362 1646713414.000   1646713414.000    6.30000e+02     -90.00      45.00   2.46500e+02   3.21500e+02     1031.9       23.1  -4.01400e+01   3.09800e-01     0           6.67900e+01   3.24300e+00  
     2022         3         8         4        29        34        118       7100       5362 1646713774.000   1646713774.000    6.30000e+02       0.00      90.00   2.46500e+02   3.21500e+02     1049.5       29.2           nan           nan     0           4.65600e+01   2.77400e+00  
     2022         3         8         4        31        58        119       7100       5362 1646713918.000   1646713918.000    6.30000e+02       0.00      45.00   2.46500e+02   3.21500e+02      983.0       13.9   3.04100e+01   1.80400e-01     0           1.27190e+02   4.08000e+00  
     2022         3         8         4        34        22        120       7100       5362 1646714062.000   1646714062.000    6.30000e+02      90.00      45.00   2.46500e+02   3.21500e+02      987.7       19.8   4.84300e+01   3.22900e-01     0           7.33100e+01   3.25400e+00  
     2022         3         8         4        36        46        121       7100       5362 1646714206.000   1646714206.000    6.30000e+02     180.00      45.00   2.46500e+02   3.21500e+02     1007.9       29.4  -2.93400e+01   2.32500e-01     0           4.45600e+01   2.76400e+00  
     2022         3         8         4        39        10        122       7100       5362 1646714350.000   1646714350.000    6.30000e+02     -90.00      45.00   2.46500e+02   3.21500e+02      995.4       19.2  -2.44900e+01   1.51200e-01     0           8.18600e+01   3.47700e+00  
     2022         3         8         4        42        10        123       7100       5362 1646714530.000   1646714530.000    6.30000e+02       0.00      90.00   2.46500e+02   3.21500e+02      999.8       21.6           nan           nan     0           6.49200e+01   3.08600e+00  
     2022         3         8         4        44        34        124       7100       5362 1646714674.000   1646714674.000    6.30000e+02       0.00      45.00   2.46500e+02   3.21500e+02      979.6       11.2   2.45600e+01   1.14900e-01     0           1.79170e+02   4.73000e+00  
     2022         3         8         4        46        58        125       7100       5362 1646714818.000   1646714818.000    6.30000e+02      90.00      45.00   2.46500e+02   3.21500e+02      984.9       16.3   3.26200e+01   1.73500e-01     0           9.77100e+01   3.63500e+00  
     2022         3         8         4        49        22        126       7100       5362 1646714962.000   1646714962.000    6.30000e+02     180.00      45.00   2.46500e+02   3.21500e+02     1006.9       24.3  -1.83100e+01   1.16200e-01     0           5.80000e+01   3.03000e+00  
     2022         3         8         4        51        46        127       7100       5362 1646715106.000   1646715106.000    6.30000e+02     -90.00      45.00   2.46500e+02   3.21500e+02     1009.1       16.2  -2.43700e+01   1.22000e-01     0           1.07870e+02   3.86800e+00  
     2022         3         8         4        57        46        128       7100       5362 1646715466.000   1646715466.000    6.30000e+02       0.00      90.00   2.46500e+02   3.21500e+02      991.6       16.0           nan           nan     0           1.00360e+02   3.65100e+00  
     2022         3         8         5         0        10        129       7100       5362 1646715610.000   1646715610.000    6.30000e+02       0.00      45.00   2.44500e+02   3.19500e+02      974.6        9.3   1.10700e+01   4.00000e-02     0           2.41230e+02   5.37100e+00  
     2022         3         8         5         2        34        130       7100       5362 1646715754.000   1646715754.000    6.30000e+02      90.00      45.00   2.44500e+02   3.19500e+02      981.4       13.1   2.12500e+01   8.73000e-02     0           1.38810e+02   4.21800e+00  
     2022         3         8         5         5        34        131       7100       5362 1646715934.000   1646715934.000    6.30000e+02     180.00      45.00   2.44500e+02   3.19500e+02      999.7       18.3  -5.93000e+00   2.84000e-02     0           8.94200e+01   3.60000e+00  
     2022         3         8         5         7        58        132       7100       5362 1646716078.000   1646716078.000    6.30000e+02     -90.00      45.00   2.44500e+02   3.19500e+02      997.4       12.4  -1.73100e+01   6.68000e-02     0           1.64030e+02   4.63100e+00  
     2022         3         8         5        10        22        133       7100       5362 1646716222.000   1646716222.000    6.30000e+02       0.00      90.00   2.44500e+02   3.19500e+02      972.7       13.4           nan           nan     0           1.32790e+02   4.15300e+00  
     2022         3         8         5        12        46        134       7100       5362 1646716366.000   1646716366.000    6.30000e+02       0.00      45.00   2.44500e+02   3.19500e+02      961.6        8.5   3.60000e+00   1.14000e-02     0           2.73280e+02   5.65600e+00  
     2022         3         8         5        15        10        135       7100       5362 1646716510.000   1646716510.000    6.30000e+02      90.00      45.00   2.44500e+02   3.19500e+02      972.0       11.3   2.20900e+01   7.80000e-02     0           1.71350e+02   4.59700e+00  
     2022         3         8         5        17        34        136       7100       5362 1646716654.000   1646716654.000    6.30000e+02     180.00      45.00   2.44500e+02   3.19500e+02      982.1       14.4   6.00000e+00   2.37000e-02     0           1.23310e+02   4.08200e+00  
     2022         3         8         5        19        58        137       7100       5362 1646716798.000   1646716798.000    6.30000e+02     -90.00      45.00   2.44500e+02   3.19500e+02      962.8        9.6  -3.06100e+01   9.77000e-02     0           2.28340e+02   5.28900e+00  
     2022         3         8         5        26        34        138       7100       5362 1646717194.000   1646717194.000    6.30000e+02       0.00      90.00   2.44500e+02   3.19500e+02      960.1       11.2           nan           nan     0           1.67860e+02   4.54200e+00  
     2022         3         8         5        28        58        139       7100       5362 1646717338.000   1646717338.000    6.30000e+02       0.00      45.00   2.44500e+02   3.19500e+02      948.6        8.2  -1.48000e+00   4.20000e-03     0           2.86840e+02   5.79900e+00  
     2022         3         8         5        31        22        140       7100       5362 1646717482.000   1646717482.000    6.30000e+02      90.00      45.00   2.44500e+02   3.19500e+02      949.2       10.4   1.41700e+01   4.52000e-02     0           1.90420e+02   4.82400e+00  
     2022         3         8         5        33        46        141       7100       5362 1646717626.000   1646717626.000    6.30000e+02     180.00      45.00   2.44500e+02   3.19500e+02      951.7       11.4   1.83200e+01   6.11000e-02     0           1.69750e+02   4.64300e+00  
     2022         3         8         5        36        10        142       7100       5362 1646717770.000   1646717770.000    6.30000e+02     -90.00      45.00   2.44500e+02   3.19500e+02      938.7        8.3  -3.16100e+01   9.04000e-02     1           2.77370e+02   5.72800e+00  
     2022         3         8         5        39        10        143       7100       5362 1646717950.000   1646717950.000    6.30000e+02       0.00      90.00   2.44500e+02   3.19500e+02      955.2       10.8           nan           nan     0           1.78670e+02   4.68900e+00  
     2022         3         8         5        41        34        144       7100       5362 1646718094.000   1646718094.000    6.30000e+02       0.00      45.00   2.44500e+02   3.19500e+02      927.8        8.7  -5.72000e+00   1.69000e-02     1           2.45090e+02   5.39300e+00  
     2022         3         8         5        43        58        145       7100       5362 1646718238.000   1646718238.000    6.30000e+02      90.00      45.00   2.44500e+02   3.19500e+02      921.8       10.0   1.99600e+01   6.32000e-02     0           1.91650e+02   4.81900e+00  
     2022         3         8         5        46        22        146       7100       5362 1646718382.000   1646718382.000    6.30000e+02     180.00      45.00   2.44500e+02   3.19500e+02      928.9       10.7   2.25000e+01   7.40000e-02     0           1.79020e+02   4.74100e+00  
     2022         3         8         5        48        46        147       7100       5362 1646718526.000   1646718526.000    6.30000e+02     -90.00      45.00   2.44500e+02   3.19500e+02      939.4        8.5  -1.11300e+01   3.30000e-02     0           2.63360e+02   5.60200e+00  
     2022         3         8         5        55        22        148       7100       5362 1646718922.000   1646718922.000    6.30000e+02       0.00      90.00   2.44500e+02   3.19500e+02      913.1       11.2           nan           nan     0           1.54560e+02   4.37300e+00  
     2022         3         8         5        57        46        149       7100       5362 1646719066.000   1646719066.000    6.30000e+02       0.00      45.00   2.44500e+02   3.19500e+02      919.4        9.8  -1.10500e+01   3.58000e-02     0           1.99620e+02   4.94300e+00  
     2022         3         8         6         0        10        150       7100       5362 1646719210.000   1646719210.000    6.30000e+02      90.00      45.00   2.43500e+02   3.18500e+02      927.0       11.0   2.16300e+01   7.47000e-02     0           1.68380e+02   4.58900e+00  
     2022         3         8         6         2        34        151       7100       5362 1646719354.000   1646719354.000    6.30000e+02     180.00      45.00   2.43500e+02   3.18500e+02      905.8       10.2   3.32300e+01   1.11400e-01     0           1.82840e+02   4.74400e+00  
     2022         3         8         6         4        58        152       7100       5362 1646719498.000   1646719498.000    6.30000e+02     -90.00      45.00   2.43500e+02   3.18500e+02      904.9        9.2  -8.84000e+00   2.87000e-02     0           2.14700e+02   5.10000e+00  
     2022         3         8         6         7        22        153       7100       5362 1646719642.000   1646719642.000    6.30000e+02       0.00      90.00   2.43500e+02   3.18500e+02      921.0       12.1           nan           nan     0           1.37810e+02   4.16900e+00  
     2022         3         8         6         9        46        154       7100       5362 1646719786.000   1646719786.000    6.30000e+02       0.00      45.00   2.43500e+02   3.18500e+02      914.8       10.3  -6.86000e+00   2.35000e-02     0           1.79460e+02   4.68800e+00  
     2022         3         8         6        12        46        155       7100       5362 1646719966.000   1646719966.000    6.30000e+02      90.00      45.00   2.43500e+02   3.18500e+02      912.3       11.4   1.86100e+01   6.73000e-02     0           1.52810e+02   4.39000e+00  
     2022         3         8         6        15        10        156       7100       5362 1646720110.000   1646720110.000    6.30000e+02     180.00      45.00   2.43500e+02   3.18500e+02      914.3       10.8   3.24700e+01   1.14500e-01     0           1.70820e+02   4.63100e+00  
     2022         3         8         6        17        34        157       7100       5362 1646720254.000   1646720254.000    6.30000e+02     -90.00      45.00   2.43500e+02   3.18500e+02      912.5       10.2  -2.01300e+01   6.92000e-02     0           1.86310e+02   4.79700e+00  
     2022         3         8         6        23        34        158       7100       5362 1646720614.000   1646720614.000    6.30000e+02       0.00      90.00   2.43500e+02   3.18500e+02      917.7       12.6           nan           nan     0           1.25570e+02   3.97000e+00  
     2022         3         8         6        25        58        159       7100       5362 1646720758.000   1646720758.000    6.30000e+02       0.00      45.00   2.43500e+02   3.18500e+02      904.9       10.7  -1.68700e+01   6.05000e-02     0           1.67820e+02   4.58100e+00  
     2022         3         8         6        28        22        160       7100       5362 1646720902.000   1646720902.000    6.30000e+02      90.00      45.00   2.43500e+02   3.18500e+02      900.4       12.0   2.23600e+01   8.54000e-02     0           1.38460e+02   4.23000e+00  
     2022         3         8         6        30        46        161       7100       5362 1646721046.000   1646721046.000    6.30000e+02     180.00      45.00   2.43500e+02   3.18500e+02      882.7       11.2   3.88400e+01   1.45300e-01     0           1.48190e+02   4.33200e+00  
     2022         3         8         6        33        10        162       7100       5362 1646721190.000   1646721190.000    6.30000e+02     -90.00      45.00   2.43500e+02   3.18500e+02      905.5       10.6  -1.34300e+01   4.88000e-02     0           1.72070e+02   4.63200e+00  
     2022         3         8         6        36        10        163       7100       5362 1646721370.000   1646721370.000    6.30000e+02       0.00      90.00   2.43500e+02   3.18500e+02      885.7       12.8           nan           nan     0           1.15120e+02   3.82600e+00  
     2022         3         8         6        38        34        164       7100       5362 1646721514.000   1646721514.000    6.30000e+02       0.00      45.00   2.43500e+02   3.18500e+02      892.9       10.7  -1.59100e+01   5.87000e-02     0           1.61320e+02   4.47500e+00  
     2022         3         8         6        40        58        165       7100       5362 1646721658.000   1646721658.000    6.30000e+02      90.00      45.00   2.43500e+02   3.18500e+02      883.8       11.8   2.61000e+01   1.01200e-01     0           1.37410e+02   4.19500e+00  
     2022         3         8         6        43        22        166       7100       5362 1646721802.000   1646721802.000    6.30000e+02     180.00      45.00   2.43500e+02   3.18500e+02      860.8       11.8   4.13500e+01   1.60600e-01     0           1.35370e+02   4.20600e+00  
     2022         3         8         6        45        46        167       7100       5362 1646721946.000   1646721946.000    6.30000e+02     -90.00      45.00   2.43500e+02   3.18500e+02      894.1       10.7  -1.43500e+01   5.30000e-02     0           1.64640e+02   4.54300e+00  
     2022         3         8         6        52        22        168       7100       5362 1646722342.000   1646722342.000    6.30000e+02       0.00      90.00   2.43500e+02   3.18500e+02      877.9       12.8           nan           nan     0           1.15810e+02   3.85300e+00  
     2022         3         8         6        54        46        169       7100       5362 1646722486.000   1646722486.000    6.30000e+02       0.00      45.00   2.43500e+02   3.18500e+02      874.8       10.7  -2.48500e+01   9.21000e-02     0           1.55570e+02   4.40100e+00  
     2022         3         8         6        57        10        170       7100       5362 1646722630.000   1646722630.000    6.30000e+02      90.00      45.00   2.43500e+02   3.18500e+02      873.1       12.1   2.42200e+01   9.56000e-02     0           1.30540e+02   4.12600e+00  
     2022         3         8         6        59        34        171       7100       5362 1646722774.000   1646722774.000    6.30000e+02     180.00      45.00   2.42500e+02   3.17500e+02      865.3       11.9   2.90500e+01   1.14400e-01     0           1.29670e+02   4.08600e+00  
     2022         3         8         7         1        58        172       7100       5362 1646722918.000   1646722918.000    6.30000e+02     -90.00      45.00   2.42500e+02   3.17500e+02      887.9       10.9  -2.95800e+01   1.10900e-01     0           1.57950e+02   4.46700e+00  
     2022         3         8         7         4        22        173       7100       5362 1646723062.000   1646723062.000    6.30000e+02       0.00      90.00   2.42500e+02   3.17500e+02      869.8       13.0           nan           nan     0           1.09710e+02   3.74600e+00  
     2022         3         8         7         6        46        174       7100       5362 1646723206.000   1646723206.000    6.30000e+02       0.00      45.00   2.42500e+02   3.17500e+02      863.3       11.1  -3.62100e+01   1.40100e-01     0           1.44770e+02   4.28000e+00  
     2022         3         8         7         9        10        175       7100       5362 1646723350.000   1646723350.000    6.30000e+02      90.00      45.00   2.42500e+02   3.17500e+02      879.1       12.9   2.50900e+01   1.05100e-01     0           1.21070e+02   4.01600e+00  
     2022         3         8         7        12        10        176       7100       5362 1646723530.000   1646723530.000    6.30000e+02     180.00      45.00   2.42500e+02   3.17500e+02      878.8       12.7   3.19200e+01   1.33700e-01     0           1.20110e+02   3.94700e+00  
     2022         3         8         7        14        34        177       7100       5362 1646723674.000   1646723674.000    6.30000e+02     -90.00      45.00   2.42500e+02   3.17500e+02      878.9       11.6  -1.73600e+01   7.05000e-02     0           1.38850e+02   4.21000e+00  
     2022         3         8         7        20        34        178       7100       5362 1646724034.000   1646724034.000    6.30000e+02       0.00      90.00   2.42500e+02   3.17500e+02      856.2       14.5           nan           nan     0           9.10300e+01   3.48100e+00  
     2022         3         8         7        22        58        179       7100       5362 1646724178.000   1646724178.000    6.30000e+02       0.00      45.00   2.42500e+02   3.17500e+02      859.2       12.4  -2.85500e+01   1.25200e-01     0           1.19110e+02   3.93200e+00  
     2022         3         8         7        25        22        180       7100       5362 1646724322.000   1646724322.000    6.30000e+02      90.00      45.00   2.42500e+02   3.17500e+02      848.1       14.4   3.19700e+01   1.53200e-01     0           9.67200e+01   3.67000e+00  
     2022         3         8         7        27        46        181       7100       5362 1646724466.000   1646724466.000    6.30000e+02     180.00      45.00   2.42500e+02   3.17500e+02      839.3       13.4   3.57000e+01   1.67800e-01     0           1.03360e+02   3.72400e+00  
     2022         3         8         7        30        10        182       7100       5362 1646724610.000   1646724610.000    6.30000e+02     -90.00      45.00   2.42500e+02   3.17500e+02      866.7       12.9  -2.92600e+01   1.35000e-01     0           1.15700e+02   3.90800e+00  
     2022         3         8         7        32        34        183       7100       5362 1646724754.000   1646724754.000    6.30000e+02       0.00      90.00   2.42500e+02   3.17500e+02      853.0       16.2           nan           nan     0           7.72800e+01   3.28100e+00  
     2022         3         8         7        35        34        184       7100       5362 1646724934.000   1646724934.000    6.30000e+02       0.00      45.00   2.42500e+02   3.17500e+02      848.0       16.8  -2.64000e+01   1.46000e-01     1           9.58500e+01   4.06000e+00  
     2022         3         8         7        37        58        185       7100       5362 1646725078.000   1646725078.000    6.30000e+02      90.00      45.00   2.42500e+02   3.17500e+02      849.0       15.6   3.29200e+01   1.75600e-01     0           8.33500e+01   3.42300e+00  
     2022         3         8         7        40        22        186       7100       5362 1646725222.000   1646725222.000    6.30000e+02     180.00      45.00   2.42500e+02   3.17500e+02      845.8       14.3   3.46800e+01   1.78700e-01     0           9.55600e+01   3.61800e+00  
     2022         3         8         7        42        46        187       7100       5362 1646725366.000   1646725366.000    6.30000e+02     -90.00      45.00   2.42500e+02   3.17500e+02      868.4       14.7  -2.56600e+01   1.35800e-01     0           9.61800e+01   3.64300e+00  
     2022         3         8         7        48        46        188       7100       5362 1646725726.000   1646725726.000    6.30000e+02       0.00      90.00   2.42500e+02   3.17500e+02      854.6       19.0           nan           nan     0           6.25300e+01   3.05600e+00  
     2022         3         8         7        51        10        189       7100       5362 1646725870.000   1646725870.000    6.30000e+02       0.00      45.00   2.42500e+02   3.17500e+02      860.1       16.4  -1.85900e+01   1.09400e-01     0           7.96200e+01   3.37300e+00  
     2022         3         8         7        53        34        190       7100       5362 1646726014.000   1646726014.000    6.30000e+02      90.00      45.00   2.42500e+02   3.17500e+02      835.1       16.4   3.83000e+01   2.32100e-01     0           8.68800e+01   3.70300e+00  
     2022         3         8         7        55        58        191       7100       5362 1646726158.000   1646726158.000    6.30000e+02     180.00      45.00   2.42500e+02   3.17500e+02      845.0       16.2   4.39000e+01   2.66800e-01     0           8.94500e+01   3.73600e+00  
     2022         3         8         7        58        58        192       7100       5362 1646726338.000   1646726338.000    6.30000e+02     -90.00      45.00   2.40500e+02   3.15500e+02      864.3       16.6  -3.44500e+01   2.13000e-01     0           9.02800e+01   3.77200e+00  
     2022         3         8         8         1        22        193       7100       5362 1646726482.000   1646726482.000    6.30000e+02       0.00      90.00   2.40500e+02   3.15500e+02      839.2       20.8           nan           nan     0           6.38900e+01   3.35400e+00  
     2022         3         8         8         3        46        194       7100       5362 1646726626.000   1646726626.000    6.30000e+02       0.00      45.00   2.40500e+02   3.15500e+02      887.2       20.3  -1.35600e+01   9.38000e-02     1           8.53800e+01   4.06400e+00  
     2022         3         8         8         6        10        195       7100       5362 1646726770.000   1646726770.000    6.30000e+02      90.00      45.00   2.40500e+02   3.15500e+02      917.4       19.0   4.52100e+01   3.05300e-01     2           1.57070e+02   6.48100e+00  
     2022         3         8         8         8        34        196       7100       5362 1646726914.000   1646726914.000    6.30000e+02     180.00      45.00   2.40500e+02   3.15500e+02      956.6       22.7   5.00600e+01   3.68000e-01     2           1.30380e+02   6.12700e+00  
     2022         3         8         8        10        58        197       7100       5362 1646727058.000   1646727058.000    6.30000e+02     -90.00      45.00   2.40500e+02   3.15500e+02      999.8       27.4  -3.21100e+01   2.60900e-01     2           1.12810e+02   6.03400e+00  
