   YEAR     MONTH      DAY       HOUR      MIN       SEC       RECNO     KINDAT      KINST       UT1_UNIX        UT2_UNIX        WAVLEN        AZM        ELM         ALTB          ALTE         TN         DTN        VNHLU         DVNHLU     FPI_DATAQUAL      RLE           DRLE     
     2022         3         6        21        57        46          0       7100       5362 1646603866.000   1646603866.000    6.30000e+02      90.00      45.00   1.98500e+02   2.73500e+02     1090.7        6.8   7.02400e+01   1.21600e-01     2           8.61860e+02   1.16120e+01  
     2022         3         6        22         0        10          1       7100       5362 1646604010.000   1646604010.000    6.30000e+02     180.00      45.00   2.14500e+02   2.89500e+02     1091.7        6.5   1.96800e+01   3.33000e-02     2           9.61390e+02   1.22780e+01  
     2022         3         6        22         2        34          2       7100       5362 1646604154.000   1646604154.000    6.30000e+02     -90.00      45.00   2.14500e+02   2.89500e+02     1103.6        5.3  -4.38800e+01   6.59000e-02     2           1.33233e+03   1.39390e+01  
     2022         3         6        22         4        58          3       7100       5362 1646604298.000   1646604298.000    6.30000e+02       0.00      90.00   2.14500e+02   2.89500e+02     1071.9        5.9           nan           nan     1           7.43840e+02   9.52600e+00  
     2022         3         6        22        10        22          4       7100       5362 1646604622.000   1646604622.000    6.30000e+02      90.00      45.00   2.14500e+02   2.89500e+02     1051.0        5.7   6.98900e+01   1.09400e-01     1           7.07420e+02   9.04400e+00  
     2022         3         6        22        12        46          5       7100       5362 1646604766.000   1646604766.000    6.30000e+02     180.00      45.00   2.14500e+02   2.89500e+02     1049.4        5.3   9.26000e+00   1.40000e-02     1           7.92930e+02   9.49400e+00  
     2022         3         6        22        21        10          6       7100       5362 1646605270.000   1646605270.000    6.30000e+02       0.00      90.00   2.14500e+02   2.89500e+02     1054.1        5.9           nan           nan     1           6.36270e+02   8.46700e+00  
     2022         3         6        22        25        58          7       7100       5362 1646605558.000   1646605558.000    6.30000e+02      90.00      45.00   2.14500e+02   2.89500e+02     1039.2        5.6   6.88700e+01   1.06800e-01     1           6.83340e+02   8.76300e+00  
     2022         3         6        22        33        46          8       7100       5362 1646606026.000   1646606026.000    6.30000e+02       0.00      90.00   2.14500e+02   2.89500e+02     1035.8        5.7           nan           nan     1           6.41060e+02   8.46100e+00  
     2022         3         6        22        38        34          9       7100       5362 1646606314.000   1646606314.000    6.30000e+02      90.00      45.00   2.14500e+02   2.89500e+02     1020.6        5.5   6.99800e+01   1.07400e-01     1           6.77250e+02   8.68200e+00  
     2022         3         6        22        49        22         10       7100       5362 1646606962.000   1646606962.000    6.30000e+02       0.00      90.00   2.14500e+02   2.89500e+02     1020.9        5.6           nan           nan     1           6.46310e+02   8.52300e+00  
     2022         3         6        22        54        10         11       7100       5362 1646607250.000   1646607250.000    6.30000e+02      90.00      45.00   2.14500e+02   2.89500e+02     1013.1        5.5   7.81400e+01   1.20600e-01     1           6.48450e+02   8.48900e+00  
     2022         3         6        22        57        10         12       7100       5362 1646607430.000   1646607430.000    6.30000e+02     180.00      45.00   2.14500e+02   2.89500e+02      999.7        5.5   1.43600e+01   2.23000e-02     1           6.35800e+02   8.43300e+00  
     2022         3         6        23         1        58         13       7100       5362 1646607718.000   1646607718.000    6.30000e+02       0.00      90.00   2.25500e+02   3.00500e+02      996.9        5.6           nan           nan     1           6.18040e+02   8.30400e+00  
     2022         3         6        23         6        46         14       7100       5362 1646608006.000   1646608006.000    6.30000e+02      90.00      45.00   2.25500e+02   3.00500e+02      987.6        5.5   7.43500e+01   1.17000e-01     1           6.13430e+02   8.25600e+00  
     2022         3         6        23         9        10         15       7100       5362 1646608150.000   1646608150.000    6.30000e+02     180.00      45.00   2.25500e+02   3.00500e+02      997.1        5.8   1.26200e+01   2.04000e-02     1           5.75620e+02   8.02900e+00  
     2022         3         6        23        18        10         16       7100       5362 1646608690.000   1646608690.000    6.30000e+02       0.00      90.00   2.25500e+02   3.00500e+02      993.9        5.9           nan           nan     1           5.64560e+02   7.95500e+00  
     2022         3         6        23        22        58         17       7100       5362 1646608978.000   1646608978.000    6.30000e+02      90.00      45.00   2.25500e+02   3.00500e+02      992.4        6.4   5.38700e+01   9.41000e-02     1           4.99360e+02   7.59900e+00  
     2022         3         6        23        25        22         18       7100       5362 1646609122.000   1646609122.000    6.30000e+02     180.00      45.00   2.25500e+02   3.00500e+02      993.4        6.8   1.01500e+01   1.84000e-02     1           4.56340e+02   7.30100e+00  
     2022         3         6        23        28        22         19       7100       5362 1646609302.000   1646609302.000    6.30000e+02     -90.00      45.00   2.25500e+02   3.00500e+02      998.9        5.3  -6.20100e+01   9.98000e-02     1           7.58690e+02   9.41900e+00  
     2022         3         6        23        30        46         20       7100       5362 1646609446.000   1646609446.000    6.30000e+02       0.00      90.00   2.25500e+02   3.00500e+02     1007.7        6.4           nan           nan     1           5.13500e+02   7.68700e+00  
     2022         3         6        23        33        10         21       7100       5362 1646609590.000   1646609590.000    6.30000e+02       0.00      45.00   2.25500e+02   3.00500e+02      998.7        7.3   5.67000e+00   1.10000e-02     1           4.95530e+02   8.16500e+00  
     2022         3         6        23        35        34         22       7100       5362 1646609734.000   1646609734.000    6.30000e+02      90.00      45.00   2.25500e+02   3.00500e+02     1006.5        7.1   5.10900e+01   9.64000e-02     1           4.32300e+02   7.16100e+00  
     2022         3         6        23        37        58         23       7100       5362 1646609878.000   1646609878.000    6.30000e+02     180.00      45.00   2.25500e+02   3.00500e+02     1005.6        7.9  -6.25000e+00   1.25000e-02     1           3.88070e+02   6.96900e+00  
     2022         3         6        23        46        58         24       7100       5362 1646610418.000   1646610418.000    6.30000e+02       0.00      90.00   2.25500e+02   3.00500e+02     1007.1        6.5           nan           nan     1           4.82650e+02   7.43000e+00  
     2022         3         6        23        49        22         25       7100       5362 1646610562.000   1646610562.000    6.30000e+02       0.00      45.00   2.25500e+02   3.00500e+02     1033.7       12.4  -3.58800e+01   1.04100e-01     1           2.80390e+02   7.06900e+00  
     2022         3         6        23        51        46         26       7100       5362 1646610706.000   1646610706.000    6.30000e+02      90.00      45.00   2.25500e+02   3.00500e+02     1021.6        9.3   2.00000e+00   5.10000e-03     1           3.10930e+02   6.38200e+00  
     2022         3         6        23        54        10         27       7100       5362 1646610850.000   1646610850.000    6.30000e+02     180.00      45.00   2.25500e+02   3.00500e+02      991.8        7.3   1.07700e+01   2.63000e-02     1           3.87720e+02   6.70000e+00  
     2022         3         6        23        58        58         28       7100       5362 1646611138.000   1646611138.000    6.30000e+02       0.00      90.00   2.32500e+02   3.07500e+02     1019.2       12.3           nan           nan     1           2.24490e+02   5.87600e+00  
     2022         3         7         0         1        58         29       7100       5362 1646611318.000   1646611318.000    6.30000e+02       0.00      45.00   2.32500e+02   3.07500e+02     1057.0       17.5  -9.35000e+00   4.16000e-02     1           1.76460e+02   6.00100e+00  
     2022         3         7         0         4        22         30       7100       5362 1646611462.000   1646611462.000    6.30000e+02      90.00      45.00   2.32500e+02   3.07500e+02      998.9       12.2   3.89200e+01   1.46700e-01     1           2.04570e+02   5.48400e+00  
     2022         3         7         0         6        46         31       7100       5362 1646611606.000   1646611606.000    6.30000e+02     180.00      45.00   2.32500e+02   3.07500e+02      993.7        9.1   1.42600e+01   4.87000e-02     1           2.95840e+02   6.17000e+00  
     2022         3         7         0         9        10         32       7100       5362 1646611750.000   1646611750.000    6.30000e+02     -90.00      45.00   2.32500e+02   3.07500e+02      986.3        5.5  -4.87100e+01   1.47500e-01     1           7.06060e+02   9.20400e+00  
     2022         3         7         0        15        10         33       7100       5362 1646612110.000   1646612110.000    6.30000e+02       0.00      90.00   2.32500e+02   3.07500e+02     1019.3       17.1           nan           nan     1           1.41010e+02   5.00200e+00  
     2022         3         7         0        17        34         34       7100       5362 1646612254.000   1646612254.000    6.30000e+02       0.00      45.00   2.32500e+02   3.07500e+02     1060.8       20.4   1.01000e+01   5.51000e-02     1           1.38270e+02   5.44000e+00  
     2022         3         7         0        19        58         35       7100       5362 1646612398.000   1646612398.000    6.30000e+02      90.00      45.00   2.32500e+02   3.07500e+02      999.6       14.1   3.30500e+01   1.45500e-01     1           1.64010e+02   5.02800e+00  
     2022         3         7         0        22        22         36       7100       5362 1646612542.000   1646612542.000    6.30000e+02     180.00      45.00   2.32500e+02   3.07500e+02      991.2       12.6   2.46400e+01   9.99000e-02     1           1.95370e+02   5.41200e+00  
     2022         3         7         0        24        46         37       7100       5362 1646612686.000   1646612686.000    6.30000e+02     -90.00      45.00   2.32500e+02   3.07500e+02     1029.1       13.2  -3.62700e+01   1.47500e-01     1           2.47250e+02   6.68300e+00  
     2022         3         7         0        27        46         38       7100       5362 1646612866.000   1646612866.000    6.30000e+02       0.00      90.00   2.32500e+02   3.07500e+02      998.8       13.7           nan           nan     1           1.77870e+02   5.28000e+00  
     2022         3         7         0        30        10         39       7100       5362 1646613010.000   1646613010.000    6.30000e+02       0.00      45.00   2.32500e+02   3.07500e+02     1081.2       26.5  -7.10000e-01   4.20000e-03     1           1.04080e+02   5.10200e+00  
     2022         3         7         0        32        34         40       7100       5362 1646613154.000   1646613154.000    6.30000e+02      90.00      45.00   2.32500e+02   3.07500e+02      972.0        8.1   6.06500e+01   1.73600e-01     1           3.25610e+02   6.27800e+00  
     2022         3         7         0        34        58         41       7100       5362 1646613298.000   1646613298.000    6.30000e+02     180.00      45.00   2.32500e+02   3.07500e+02      968.9       11.8   6.03000e+00   1.97000e-02     1           1.92500e+02   5.20200e+00  
     2022         3         7         0        37        22         42       7100       5362 1646613442.000   1646613442.000    6.30000e+02     -90.00      45.00   2.32500e+02   3.07500e+02     1017.9       13.2  -1.41900e+01   4.76000e-02     1           2.29690e+02   6.31500e+00  
     2022         3         7         0        43        22         43       7100       5362 1646613802.000   1646613802.000    6.30000e+02       0.00      90.00   2.32500e+02   3.07500e+02      966.3        7.2           nan           nan     1           3.92270e+02   6.80800e+00  
     2022         3         7         0        45        46         44       7100       5362 1646613946.000   1646613946.000    6.30000e+02       0.00      45.00   2.32500e+02   3.07500e+02      987.9       15.1   1.95000e+00   6.80000e-03     1           1.77410e+02   5.70200e+00  
     2022         3         7         0        48        46         45       7100       5362 1646614126.000   1646614126.000    6.30000e+02      90.00      45.00   2.32500e+02   3.07500e+02      977.5       13.4  -1.67700e+01   5.52000e-02     1           1.79180e+02   5.30200e+00  
     2022         3         7         0        51        10         46       7100       5362 1646614270.000   1646614270.000    6.30000e+02     180.00      45.00   2.32500e+02   3.07500e+02      957.8        7.9  -2.31400e+01   5.99000e-02     1           3.26660e+02   6.26400e+00  
     2022         3         7         0        53        34         47       7100       5362 1646614414.000   1646614414.000    6.30000e+02     -90.00      45.00   2.32500e+02   3.07500e+02      969.0        9.2  -1.16900e+01   3.46000e-02     1           3.28950e+02   6.91300e+00  
     2022         3         7         0        55        58         48       7100       5362 1646614558.000   1646614558.000    6.30000e+02       0.00      90.00   2.32500e+02   3.07500e+02      971.4       11.8           nan           nan     1           2.12710e+02   5.63900e+00  
     2022         3         7         0        58        22         49       7100       5362 1646614702.000   1646614702.000    6.30000e+02       0.00      45.00   2.32500e+02   3.07500e+02      975.7       13.3   2.39700e+01   8.65000e-02     1           1.95260e+02   5.68000e+00  
     2022         3         7         1         0        46         50       7100       5362 1646614846.000   1646614846.000    6.30000e+02      90.00      45.00   2.38500e+02   3.13500e+02      959.1        7.6   1.05580e+02   2.73200e-01     1           3.32960e+02   6.20400e+00  
     2022         3         7         1         3        10         51       7100       5362 1646614990.000   1646614990.000    6.30000e+02     180.00      45.00   2.38500e+02   3.13500e+02      950.7        7.5  -1.93700e+01   4.77000e-02     1           3.40520e+02   6.30800e+00  
     2022         3         7         1         5        34         52       7100       5362 1646615134.000   1646615134.000    6.30000e+02     -90.00      45.00   2.38500e+02   3.13500e+02      973.4        5.7  -6.57700e+01   1.36200e-01     1           6.17950e+02   8.50200e+00  
     2022         3         7         1        11        34         53       7100       5362 1646615494.000   1646615494.000    6.30000e+02       0.00      90.00   2.38500e+02   3.13500e+02      945.6        6.7           nan           nan     1           4.13730e+02   6.92600e+00  
     2022         3         7         1        14        34         54       7100       5362 1646615674.000   1646615674.000    6.30000e+02       0.00      45.00   2.38500e+02   3.13500e+02      954.9       10.1   1.17200e+01   2.90000e-02     1           2.69100e+02   6.25500e+00  
     2022         3         7         1        16        58         55       7100       5362 1646615818.000   1646615818.000    6.30000e+02      90.00      45.00   2.38500e+02   3.13500e+02      945.9        7.3   9.14900e+01   1.85800e-01     1           3.43790e+02   6.29900e+00  
     2022         3         7         1        19        22         56       7100       5362 1646615962.000   1646615962.000    6.30000e+02     180.00      45.00   2.38500e+02   3.13500e+02      940.7        7.3  -4.80800e+01   9.70000e-02     1           3.43710e+02   6.31300e+00  
     2022         3         7         1        21        46         57       7100       5362 1646616106.000   1646616106.000    6.30000e+02     -90.00      45.00   2.38500e+02   3.13500e+02      949.5        5.3  -8.31300e+01   1.42300e-01     1           6.76900e+02   8.84500e+00  
     2022         3         7         1        24        10         58       7100       5362 1646616250.000   1646616250.000    6.30000e+02       0.00      90.00   2.38500e+02   3.13500e+02      933.2        6.4           nan           nan     1           4.18460e+02   6.88400e+00  
     2022         3         7         1        26        34         59       7100       5362 1646616394.000   1646616394.000    6.30000e+02       0.00      45.00   2.38500e+02   3.13500e+02      937.1        7.8   2.98500e+01   6.35000e-02     1           3.62310e+02   6.88400e+00  
     2022         3         7         1        28        58         60       7100       5362 1646616538.000   1646616538.000    6.30000e+02      90.00      45.00   2.38500e+02   3.13500e+02      926.0        7.3   8.32600e+01   1.70200e-01     1           3.31090e+02   6.18800e+00  
     2022         3         7         1        31        58         61       7100       5362 1646616718.000   1646616718.000    6.30000e+02     180.00      45.00   2.38500e+02   3.13500e+02      927.1        7.4  -3.83000e+01   7.88000e-02     1           3.23100e+02   6.10400e+00  
     2022         3         7         1        34        22         62       7100       5362 1646616862.000   1646616862.000    6.30000e+02     -90.00      45.00   2.38500e+02   3.13500e+02      943.8        5.2  -7.64800e+01   1.33100e-01     1           6.74430e+02   8.78000e+00  
     2022         3         7         1        40        22         63       7100       5362 1646617222.000   1646617222.000    6.30000e+02       0.00      90.00   2.38500e+02   3.13500e+02      930.1        6.8           nan           nan     1           3.73330e+02   6.52200e+00  
     2022         3         7         1        45        10         64       7100       5362 1646617510.000   1646617510.000    6.30000e+02      90.00      45.00   2.38500e+02   3.13500e+02      923.2        7.7   8.98200e+01   1.94200e-01     1           3.05510e+02   5.97000e+00  
     2022         3         7         1        47        34         65       7100       5362 1646617654.000   1646617654.000    6.30000e+02     180.00      45.00   2.38500e+02   3.13500e+02      942.5        7.9  -4.79700e+01   1.04600e-01     1           2.97980e+02   5.88800e+00  
     2022         3         7         1        52        22         66       7100       5362 1646617942.000   1646617942.000    6.30000e+02       0.00      90.00   2.38500e+02   3.13500e+02      932.3        7.2           nan           nan     1           3.42840e+02   6.26700e+00  
     2022         3         7         1        55        22         67       7100       5362 1646618122.000   1646618122.000    6.30000e+02       0.00      45.00   2.38500e+02   3.13500e+02      934.2        5.5   7.30500e+01   1.36900e-01     1           5.72170e+02   8.00100e+00  
     2022         3         7         1        57        46         68       7100       5362 1646618266.000   1646618266.000    6.30000e+02      90.00      45.00   2.38500e+02   3.13500e+02      926.6        8.1   8.57600e+01   1.95400e-01     1           2.73020e+02   5.63000e+00  
     2022         3         7         2         0        10         69       7100       5362 1646618410.000   1646618410.000    6.30000e+02     180.00      45.00   2.43500e+02   3.18500e+02      923.3        8.0  -4.12800e+01   9.41000e-02     1           2.82150e+02   5.76800e+00  
     2022         3         7         2         2        34         70       7100       5362 1646618554.000   1646618554.000    6.30000e+02     -90.00      45.00   2.43500e+02   3.18500e+02      933.0        5.2  -6.94200e+01   1.29200e-01     1           6.27850e+02   8.40900e+00  
     2022         3         7         2         8        34         71       7100       5362 1646618914.000   1646618914.000    6.30000e+02       0.00      90.00   2.43500e+02   3.18500e+02      921.0        7.6           nan           nan     1           3.08770e+02   5.98500e+00  
     2022         3         7         2        10        58         72       7100       5362 1646619058.000   1646619058.000    6.30000e+02       0.00      45.00   2.43500e+02   3.18500e+02      926.2        6.7   5.73300e+01   1.23000e-01     1           4.23470e+02   7.14800e+00  
     2022         3         7         2        13        22         73       7100       5362 1646619202.000   1646619202.000    6.30000e+02      90.00      45.00   2.43500e+02   3.18500e+02      918.7        8.9   7.37000e+01   1.83200e-01     0           2.29020e+02   5.20700e+00  
     2022         3         7         2        15        46         74       7100       5362 1646619346.000   1646619346.000    6.30000e+02     180.00      45.00   2.43500e+02   3.18500e+02      920.4        8.6  -5.35900e+01   1.30400e-01     0           2.51250e+02   5.46600e+00  
     2022         3         7         2        18        46         75       7100       5362 1646619526.000   1646619526.000    6.30000e+02     -90.00      45.00   2.43500e+02   3.18500e+02      925.9        5.5  -7.43300e+01   1.48200e-01     1           5.51970e+02   7.87700e+00  
     2022         3         7         2        21        10         76       7100       5362 1646619670.000   1646619670.000    6.30000e+02       0.00      90.00   2.43500e+02   3.18500e+02      916.2        8.0           nan           nan     1           2.75110e+02   5.67100e+00  
     2022         3         7         2        23        34         77       7100       5362 1646619814.000   1646619814.000    6.30000e+02       0.00      45.00   2.43500e+02   3.18500e+02      915.6        6.2   6.80300e+01   1.46600e-01     1           4.56760e+02   7.30200e+00  
     2022         3         7         2        25        58         78       7100       5362 1646619958.000   1646619958.000    6.30000e+02      90.00      45.00   2.43500e+02   3.18500e+02      903.2        9.8   6.38500e+01   1.75000e-01     0           1.91760e+02   4.83600e+00  
     2022         3         7         2        28        22         79       7100       5362 1646620102.000   1646620102.000    6.30000e+02     180.00      45.00   2.43500e+02   3.18500e+02      910.7        9.6  -6.96600e+01   1.89300e-01     0           2.05970e+02   5.03000e+00  
     2022         3         7         2        30        46         80       7100       5362 1646620246.000   1646620246.000    6.30000e+02     -90.00      45.00   2.43500e+02   3.18500e+02      941.4        9.6  -5.82400e+01   1.57600e-01     0           2.22640e+02   5.23100e+00  
     2022         3         7         2        36        46         81       7100       5362 1646620606.000   1646620606.000    6.30000e+02       0.00      90.00   2.43500e+02   3.18500e+02      915.8        9.0           nan           nan     0           2.24720e+02   5.17300e+00  
     2022         3         7         2        39        10         82       7100       5362 1646620750.000   1646620750.000    6.30000e+02       0.00      45.00   2.43500e+02   3.18500e+02      908.7        5.9   8.75800e+01   1.97900e-01     1           4.71270e+02   7.28400e+00  
     2022         3         7         2        42        10         83       7100       5362 1646620930.000   1646620930.000    6.30000e+02      90.00      45.00   2.43500e+02   3.18500e+02      903.5       11.1   6.23100e+01   1.92000e-01     0           1.54900e+02   4.38700e+00  
     2022         3         7         2        44        34         84       7100       5362 1646621074.000   1646621074.000    6.30000e+02     180.00      45.00   2.43500e+02   3.18500e+02      926.2       11.5  -7.27800e+01   2.28000e-01     0           1.53520e+02   4.38700e+00  
     2022         3         7         2        46        58         85       7100       5362 1646621218.000   1646621218.000    6.30000e+02     -90.00      45.00   2.43500e+02   3.18500e+02      941.7        8.6  -3.46600e+01   9.38000e-02     0           2.69610e+02   5.71200e+00  
     2022         3         7         2        49        22         86       7100       5362 1646621362.000   1646621362.000    6.30000e+02       0.00      90.00   2.43500e+02   3.18500e+02      908.2        9.8           nan           nan     0           1.89970e+02   4.77300e+00  
     2022         3         7         2        51        46         87       7100       5362 1646621506.000   1646621506.000    6.30000e+02       0.00      45.00   2.43500e+02   3.18500e+02      898.0        6.3   9.44100e+01   2.34000e-01     1           4.10970e+02   6.85200e+00  
     2022         3         7         2        54        10         88       7100       5362 1646621650.000   1646621650.000    6.30000e+02      90.00      45.00   2.43500e+02   3.18500e+02      900.6       12.3   6.28000e+01   2.17200e-01     0           1.30120e+02   4.07200e+00  
     2022         3         7         2        56        34         89       7100       5362 1646621794.000   1646621794.000    6.30000e+02     180.00      45.00   2.43500e+02   3.18500e+02      903.3       13.0  -5.62400e+01   2.02200e-01     0           1.22600e+02   4.01300e+00  
     2022         3         7         2        59        34         90       7100       5362 1646621974.000   1646621974.000    6.30000e+02     -90.00      45.00   2.45500e+02   3.20500e+02      917.6        7.7  -3.84800e+01   1.08700e-01     1           3.13270e+02   6.14400e+00  
     2022         3         7         3         4        58         91       7100       5362 1646622298.000   1646622298.000    6.30000e+02       0.00      90.00   2.45500e+02   3.20500e+02      885.4       11.5           nan           nan     0           1.40420e+02   4.20800e+00  
     2022         3         7         3         7        58         92       7100       5362 1646622478.000   1646622478.000    6.30000e+02       0.00      45.00   2.45500e+02   3.20500e+02      898.1        7.0   9.36000e+01   2.71900e-01     1           3.43720e+02   6.31200e+00  
     2022         3         7         3        10        22         93       7100       5362 1646622622.000   1646622622.000    6.30000e+02      90.00      45.00   2.45500e+02   3.20500e+02      892.8       14.0   5.76700e+01   2.33500e-01     0           1.06160e+02   3.76000e+00  
     2022         3         7         3        12        46         94       7100       5362 1646622766.000   1646622766.000    6.30000e+02     180.00      45.00   2.45500e+02   3.20500e+02      904.2       14.6  -5.82600e+01   2.45200e-01     0           1.01720e+02   3.71100e+00  
     2022         3         7         3        15        10         95       7100       5362 1646622910.000   1646622910.000    6.30000e+02     -90.00      45.00   2.45500e+02   3.20500e+02      892.9        8.4  -4.00000e+01   1.31800e-01     0           2.53740e+02   5.56700e+00  
     2022         3         7         3        17        34         96       7100       5362 1646623054.000   1646623054.000    6.30000e+02       0.00      90.00   2.45500e+02   3.20500e+02      917.9       13.6           nan           nan     0           1.15420e+02   3.89000e+00  
     2022         3         7         3        19        58         97       7100       5362 1646623198.000   1646623198.000    6.30000e+02       0.00      45.00   2.45500e+02   3.20500e+02      902.3        8.9   8.49800e+01   2.91400e-01     0           2.25590e+02   5.21000e+00  
     2022         3         7         3        22        22         98       7100       5362 1646623342.000   1646623342.000    6.30000e+02      90.00      45.00   2.45500e+02   3.20500e+02      890.0       14.9   5.82000e+01   2.55900e-01     0           9.28100e+01   3.52200e+00  
     2022         3         7         3        25        22         99       7100       5362 1646623522.000   1646623522.000    6.30000e+02     180.00      45.00   2.45500e+02   3.20500e+02      911.9       16.2  -4.67900e+01   2.12600e-01     0           9.03100e+01   3.57400e+00  
     2022         3         7         3        27        46        100       7100       5362 1646623666.000   1646623666.000    6.30000e+02     -90.00      45.00   2.45500e+02   3.20500e+02      910.3        9.6  -2.71800e+01   9.52000e-02     0           2.05640e+02   5.03800e+00  
     2022         3         7         3        33        46        101       7100       5362 1646624026.000   1646624026.000    6.30000e+02       0.00      90.00   2.45500e+02   3.20500e+02      898.7       13.3           nan           nan     0           1.13690e+02   3.83400e+00  
     2022         3         7         3        36        10        102       7100       5362 1646624170.000   1646624170.000    6.30000e+02       0.00      45.00   2.45500e+02   3.20500e+02      925.3       11.0   6.94600e+01   2.54400e-01     0           1.67130e+02   4.57200e+00  
     2022         3         7         3        38        34        103       7100       5362 1646624314.000   1646624314.000    6.30000e+02      90.00      45.00   2.45500e+02   3.20500e+02      908.7       15.3   4.86400e+01   2.10200e-01     0           9.30300e+01   3.53000e+00  
     2022         3         7         3        40        58        104       7100       5362 1646624458.000   1646624458.000    6.30000e+02     180.00      45.00   2.45500e+02   3.20500e+02      932.5       16.0  -5.50900e+01   2.43400e-01     0           9.50300e+01   3.63900e+00  
     2022         3         7         3        43        22        105       7100       5362 1646624602.000   1646624602.000    6.30000e+02     -90.00      45.00   2.45500e+02   3.20500e+02      923.1        9.9  -3.96400e+01   1.34300e-01     0           2.00720e+02   4.98500e+00  
     2022         3         7         3        45        46        106       7100       5362 1646624746.000   1646624746.000    6.30000e+02       0.00      90.00   2.45500e+02   3.20500e+02      914.0       12.3           nan           nan     0           1.30870e+02   4.05300e+00  
     2022         3         7         3        48        46        107       7100       5362 1646624926.000   1646624926.000    6.30000e+02       0.00      45.00   2.45500e+02   3.20500e+02      924.6       10.2   5.06300e+01   1.72600e-01     0           1.88580e+02   4.82400e+00  
     2022         3         7         3        51        10        108       7100       5362 1646625070.000   1646625070.000    6.30000e+02      90.00      45.00   2.45500e+02   3.20500e+02      920.1       15.6   2.78400e+01   1.18500e-01     0           9.33800e+01   3.56200e+00  
     2022         3         7         3        53        34        109       7100       5362 1646625214.000   1646625214.000    6.30000e+02     180.00      45.00   2.45500e+02   3.20500e+02      918.6       15.5  -4.87000e+01   2.06300e-01     0           9.68800e+01   3.65200e+00  
     2022         3         7         3        55        58        110       7100       5362 1646625358.000   1646625358.000    6.30000e+02     -90.00      45.00   2.45500e+02   3.20500e+02      918.3        9.1  -3.97100e+01   1.27800e-01     0           2.28110e+02   5.26400e+00  
     2022         3         7         4         1        58        111       7100       5362 1646625718.000   1646625718.000    6.30000e+02       0.00      90.00   2.45500e+02   3.20500e+02      904.2       12.0           nan           nan     0           1.31570e+02   4.04600e+00  
     2022         3         7         4         4        22        112       7100       5362 1646625862.000   1646625862.000    6.30000e+02       0.00      45.00   2.45500e+02   3.20500e+02      915.7        7.1   5.77600e+01   1.68200e-01     1           3.47360e+02   6.33500e+00  
     2022         3         7         4         6        46        113       7100       5362 1646626006.000   1646626006.000    6.30000e+02      90.00      45.00   2.45500e+02   3.20500e+02      931.2       16.1   2.79400e+01   1.20100e-01     0           8.98000e+01   3.49500e+00  
     2022         3         7         4         9        10        114       7100       5362 1646626150.000   1646626150.000    6.30000e+02     180.00      45.00   2.45500e+02   3.20500e+02      917.7       15.4  -2.82900e+01   1.19400e-01     0           9.76300e+01   3.67200e+00  
     2022         3         7         4        12        10        115       7100       5362 1646626330.000   1646626330.000    6.30000e+02     -90.00      45.00   2.45500e+02   3.20500e+02      914.6        8.6  -3.48000e+01   1.10400e-01     0           2.49500e+02   5.49100e+00  
     2022         3         7         4        14        34        116       7100       5362 1646626474.000   1646626474.000    6.30000e+02       0.00      90.00   2.45500e+02   3.20500e+02      912.3       12.3           nan           nan     0           1.30740e+02   4.05400e+00  
     2022         3         7         4        16        58        117       7100       5362 1646626618.000   1646626618.000    6.30000e+02       0.00      45.00   2.45500e+02   3.20500e+02      913.7        6.6   5.95100e+01   1.71300e-01     1           3.87880e+02   6.66100e+00  
     2022         3         7         4        19        22        118       7100       5362 1646626762.000   1646626762.000    6.30000e+02      90.00      45.00   2.45500e+02   3.20500e+02      929.4       15.7   2.23300e+01   9.58000e-02     0           9.39000e+01   3.57100e+00  
     2022         3         7         4        21        46        119       7100       5362 1646626906.000   1646626906.000    6.30000e+02     180.00      45.00   2.45500e+02   3.20500e+02      903.7       15.0  -2.86100e+01   1.20800e-01     0           1.01210e+02   3.75200e+00  
     2022         3         7         4        24        10        120       7100       5362 1646627050.000   1646627050.000    6.30000e+02     -90.00      45.00   2.45500e+02   3.20500e+02      909.4        8.7  -2.06600e+01   6.65000e-02     0           2.49430e+02   5.52500e+00  
     2022         3         7         4        30        10        121       7100       5362 1646627410.000   1646627410.000    6.30000e+02       0.00      90.00   2.45500e+02   3.20500e+02      920.7       12.8           nan           nan     0           1.30730e+02   4.13800e+00  
     2022         3         7         4        32        34        122       7100       5362 1646627554.000   1646627554.000    6.30000e+02       0.00      45.00   2.45500e+02   3.20500e+02      907.6        6.6   5.49000e+01   1.60500e-01     1           3.78680e+02   6.58100e+00  
     2022         3         7         4        35        34        123       7100       5362 1646627734.000   1646627734.000    6.30000e+02      90.00      45.00   2.45500e+02   3.20500e+02      917.6       14.5   2.21900e+01   9.24000e-02     0           1.03610e+02   3.71400e+00  
     2022         3         7         4        37        58        124       7100       5362 1646627878.000   1646627878.000    6.30000e+02     180.00      45.00   2.45500e+02   3.20500e+02      923.8       14.5  -2.92800e+01   1.21400e-01     0           1.06960e+02   3.79300e+00  
     2022         3         7         4        40        22        125       7100       5362 1646628022.000   1646628022.000    6.30000e+02     -90.00      45.00   2.45500e+02   3.20500e+02      914.3        8.8  -1.86200e+01   6.10000e-02     0           2.38040e+02   5.36100e+00  
     2022         3         7         4        42        46        126       7100       5362 1646628166.000   1646628166.000    6.30000e+02       0.00      90.00   2.45500e+02   3.20500e+02      902.3       12.6           nan           nan     0           1.27320e+02   4.06500e+00  
     2022         3         7         4        45        10        127       7100       5362 1646628310.000   1646628310.000    6.30000e+02       0.00      45.00   2.45500e+02   3.20500e+02      898.4        7.1   3.98100e+01   1.20500e-01     1           3.32570e+02   6.19500e+00  
     2022         3         7         4        47        34        128       7100       5362 1646628454.000   1646628454.000    6.30000e+02      90.00      45.00   2.45500e+02   3.20500e+02      914.0       13.6   2.04100e+01   8.24000e-02     0           1.12830e+02   3.83400e+00  
     2022         3         7         4        49        58        129       7100       5362 1646628598.000   1646628598.000    6.30000e+02     180.00      45.00   2.45500e+02   3.20500e+02      904.9       14.0  -1.48500e+01   6.12000e-02     0           1.10620e+02   3.86800e+00  
     2022         3         7         4        52        58        130       7100       5362 1646628778.000   1646628778.000    6.30000e+02     -90.00      45.00   2.45500e+02   3.20500e+02      908.9        8.9  -1.93400e+01   6.37000e-02     0           2.43330e+02   5.50400e+00  
     2022         3         7         4        58        58        131       7100       5362 1646629138.000   1646629138.000    6.30000e+02       0.00      90.00   2.43500e+02   3.18500e+02      899.8       12.4           nan           nan     0           1.26760e+02   4.01600e+00  
     2022         3         7         5         1        22        132       7100       5362 1646629282.000   1646629282.000    6.30000e+02       0.00      45.00   2.43500e+02   3.18500e+02      892.5        8.0   3.18500e+01   1.00900e-01     1           2.65580e+02   5.60900e+00  
     2022         3         7         5         3        46        133       7100       5362 1646629426.000   1646629426.000    6.30000e+02      90.00      45.00   2.43500e+02   3.18500e+02      899.9       13.1   9.33000e+00   3.69000e-02     0           1.16710e+02   3.87300e+00  
     2022         3         7         5         6        10        134       7100       5362 1646629570.000   1646629570.000    6.30000e+02     180.00      45.00   2.43500e+02   3.18500e+02      911.0       13.9  -2.27800e+01   9.36000e-02     0           1.14890e+02   3.94600e+00  
     2022         3         7         5         8        34        135       7100       5362 1646629714.000   1646629714.000    6.30000e+02     -90.00      45.00   2.43500e+02   3.18500e+02      895.8        8.9  -1.94100e+01   6.44000e-02     0           2.24990e+02   5.22000e+00  
     2022         3         7         5        10        58        136       7100       5362 1646629858.000   1646629858.000    6.30000e+02       0.00      90.00   2.43500e+02   3.18500e+02      915.8       12.7           nan           nan     0           1.25580e+02   3.99200e+00  
     2022         3         7         5        13        58        137       7100       5362 1646630038.000   1646630038.000    6.30000e+02       0.00      45.00   2.43500e+02   3.18500e+02      908.7        8.6   2.93600e+01   9.59000e-02     0           2.45330e+02   5.42100e+00  
     2022         3         7         5        16        22        138       7100       5362 1646630182.000   1646630182.000    6.30000e+02      90.00      45.00   2.43500e+02   3.18500e+02      923.9       13.5   9.04000e+00   3.64000e-02     0           1.21020e+02   3.99700e+00  
     2022         3         7         5        18        46        139       7100       5362 1646630326.000   1646630326.000    6.30000e+02     180.00      45.00   2.43500e+02   3.18500e+02      933.7       14.6  -1.93400e+01   8.17000e-02     0           1.13450e+02   3.97100e+00  
     2022         3         7         5        21        10        140       7100       5362 1646630470.000   1646630470.000    6.30000e+02     -90.00      45.00   2.43500e+02   3.18500e+02      907.1        9.3  -1.31900e+01   4.52000e-02     0           2.17010e+02   5.15000e+00  
     2022         3         7         5        27        10        141       7100       5362 1646630830.000   1646630830.000    6.30000e+02       0.00      90.00   2.43500e+02   3.18500e+02      911.2       13.4           nan           nan     0           1.17230e+02   3.91700e+00  
     2022         3         7         5        29        34        142       7100       5362 1646630974.000   1646630974.000    6.30000e+02       0.00      45.00   2.43500e+02   3.18500e+02      912.5        9.3   2.67100e+01   9.35000e-02     0           2.17640e+02   5.15000e+00  
     2022         3         7         5        32        34        143       7100       5362 1646631154.000   1646631154.000    6.30000e+02      90.00      45.00   2.43500e+02   3.18500e+02      915.0       13.8   1.68200e+01   7.13000e-02     0           1.15310e+02   3.92900e+00  
     2022         3         7         5        34        58        144       7100       5362 1646631298.000   1646631298.000    6.30000e+02     180.00      45.00   2.43500e+02   3.18500e+02      911.1       14.8  -1.69500e+01   7.50000e-02     0           1.00980e+02   3.69900e+00  
     2022         3         7         5        37        22        145       7100       5362 1646631442.000   1646631442.000    6.30000e+02     -90.00      45.00   2.43500e+02   3.18500e+02      918.1       10.2  -1.61100e+01   5.97000e-02     0           1.94370e+02   4.95400e+00  
     2022         3         7         5        39        46        146       7100       5362 1646631586.000   1646631586.000    6.30000e+02       0.00      90.00   2.43500e+02   3.18500e+02      911.5       14.2           nan           nan     0           1.04040e+02   3.68600e+00  
     2022         3         7         5        42        10        147       7100       5362 1646631730.000   1646631730.000    6.30000e+02       0.00      45.00   2.43500e+02   3.18500e+02      897.7        9.8   2.88000e+01   1.07300e-01     0           1.95980e+02   4.92500e+00  
     2022         3         7         5        44        34        148       7100       5362 1646631874.000   1646631874.000    6.30000e+02      90.00      45.00   2.43500e+02   3.18500e+02      895.0       14.2   1.90200e+01   8.45000e-02     0           1.05850e+02   3.77700e+00  
     2022         3         7         5        47        34        149       7100       5362 1646632054.000   1646632054.000    6.30000e+02     180.00      45.00   2.43500e+02   3.18500e+02      908.7       16.0  -5.80000e+00   2.76000e-02     0           9.23600e+01   3.61500e+00  
     2022         3         7         5        49        58        150       7100       5362 1646632198.000   1646632198.000    6.30000e+02     -90.00      45.00   2.43500e+02   3.18500e+02      899.8       11.4   6.28000e+00   2.55000e-02     1           1.75870e+02   4.95800e+00  
     2022         3         7         5        55        58        151       7100       5362 1646632558.000   1646632558.000    6.30000e+02       0.00      90.00   2.43500e+02   3.18500e+02      897.5       14.9           nan           nan     0           9.81900e+01   3.66500e+00  
     2022         3         7         5        58        22        152       7100       5362 1646632702.000   1646632702.000    6.30000e+02       0.00      45.00   2.43500e+02   3.18500e+02      889.0       10.3   3.28100e+01   1.29700e-01     0           1.82560e+02   4.83200e+00  
     2022         3         7         6         0        46        153       7100       5362 1646632846.000   1646632846.000    6.30000e+02      90.00      45.00   2.42500e+02   3.17500e+02      875.7       13.9   1.96200e+01   8.94000e-02     0           1.06260e+02   3.80400e+00  
     2022         3         7         6         3        10        154       7100       5362 1646632990.000   1646632990.000    6.30000e+02     180.00      45.00   2.42500e+02   3.17500e+02      898.7       15.7   4.09000e+00   1.98000e-02     0           9.39300e+01   3.64600e+00  
     2022         3         7         6         6        10        155       7100       5362 1646633170.000   1646633170.000    6.30000e+02     -90.00      45.00   2.42500e+02   3.17500e+02      904.6       12.4  -2.73000e+00   1.17000e-02     1           1.55670e+02   4.72100e+00  
     2022         3         7         6         8        34        156       7100       5362 1646633314.000   1646633314.000    6.30000e+02       0.00      90.00   2.42500e+02   3.17500e+02      893.8       15.0           nan           nan     0           9.48900e+01   3.58900e+00  
     2022         3         7         6        10        58        157       7100       5362 1646633458.000   1646633458.000    6.30000e+02       0.00      45.00   2.42500e+02   3.17500e+02      880.9       10.6   2.28800e+01   9.18000e-02     0           1.66940e+02   4.60400e+00  
     2022         3         7         6        13        22        158       7100       5362 1646633602.000   1646633602.000    6.30000e+02      90.00      45.00   2.42500e+02   3.17500e+02      876.5       13.7   1.38100e+01   6.26000e-02     0           1.08920e+02   3.83900e+00  
     2022         3         7         6        15        46        159       7100       5362 1646633746.000   1646633746.000    6.30000e+02     180.00      45.00   2.42500e+02   3.17500e+02      873.9       15.2  -1.14700e+01   5.51000e-02     0           9.33200e+01   3.61900e+00  
     2022         3         7         6        18        10        160       7100       5362 1646633890.000   1646633890.000    6.30000e+02     -90.00      45.00   2.42500e+02   3.17500e+02      892.5       11.5  -1.20900e+01   5.02000e-02     0           1.56340e+02   4.54800e+00  
     2022         3         7         6        24        10        161       7100       5362 1646634250.000   1646634250.000    6.30000e+02       0.00      90.00   2.42500e+02   3.17500e+02      880.7       14.7           nan           nan     0           9.39600e+01   3.54900e+00  
     2022         3         7         6        26        34        162       7100       5362 1646634394.000   1646634394.000    6.30000e+02       0.00      45.00   2.42500e+02   3.17500e+02      871.8       12.5   1.07800e+01   4.68000e-02     0           1.37300e+02   4.40000e+00  
     2022         3         7         6        29        34        163       7100       5362 1646634574.000   1646634574.000    6.30000e+02      90.00      45.00   2.42500e+02   3.17500e+02      858.2       13.7   1.67900e+01   7.63000e-02     0           1.09090e+02   3.89000e+00  
     2022         3         7         6        31        58        164       7100       5362 1646634718.000   1646634718.000    6.30000e+02     180.00      45.00   2.42500e+02   3.17500e+02      867.6       14.5  -1.79200e+01   8.38000e-02     0           9.70500e+01   3.64900e+00  
     2022         3         7         6        34        22        165       7100       5362 1646634862.000   1646634862.000    6.30000e+02     -90.00      45.00   2.42500e+02   3.17500e+02      883.8       15.2  -9.88000e+00   4.77000e-02     1           1.21450e+02   4.48700e+00  
     2022         3         7         6        36        46        166       7100       5362 1646635006.000   1646635006.000    6.30000e+02       0.00      90.00   2.42500e+02   3.17500e+02      877.9       14.8           nan           nan     0           9.28600e+01   3.52800e+00  
     2022         3         7         6        39        10        167       7100       5362 1646635150.000   1646635150.000    6.30000e+02       0.00      45.00   2.42500e+02   3.17500e+02      880.8       12.4   1.21700e+01   5.28000e-02     0           1.37980e+02   4.36300e+00  
     2022         3         7         6        41        34        168       7100       5362 1646635294.000   1646635294.000    6.30000e+02      90.00      45.00   2.42500e+02   3.17500e+02      873.0       13.6   2.53000e+01   1.13700e-01     0           1.11800e+02   3.90800e+00  
     2022         3         7         6        43        58        169       7100       5362 1646635438.000   1646635438.000    6.30000e+02     180.00      45.00   2.42500e+02   3.17500e+02      849.2       13.9  -2.28300e+01   1.05800e-01     0           1.00980e+02   3.71000e+00  
     2022         3         7         6        46        58        170       7100       5362 1646635618.000   1646635618.000    6.30000e+02     -90.00      45.00   2.42500e+02   3.17500e+02      874.5       11.2  -1.16400e+01   4.79000e-02     0           1.55030e+02   4.51800e+00  
     2022         3         7         6        52        58        171       7100       5362 1646635978.000   1646635978.000    6.30000e+02       0.00      90.00   2.42500e+02   3.17500e+02      863.2       14.4           nan           nan     0           9.16300e+01   3.47400e+00  
     2022         3         7         6        55        22        172       7100       5362 1646636122.000   1646636122.000    6.30000e+02       0.00      45.00   2.42500e+02   3.17500e+02      870.7       11.4   1.01400e+01   4.19000e-02     0           1.37180e+02   4.14700e+00  
     2022         3         7         6        57        46        173       7100       5362 1646636266.000   1646636266.000    6.30000e+02      90.00      45.00   2.42500e+02   3.17500e+02      860.3       13.8   2.09400e+01   9.59000e-02     0           1.05420e+02   3.80600e+00  
     2022         3         7         7         0        10        174       7100       5362 1646636410.000   1646636410.000    6.30000e+02     180.00      45.00   2.41500e+02   3.16500e+02      878.0       14.1   1.87300e+01   8.59000e-02     0           1.01820e+02   3.70300e+00  
     2022         3         7         7         3        10        175       7100       5362 1646636590.000   1646636590.000    6.30000e+02     -90.00      45.00   2.41500e+02   3.16500e+02      888.4       11.3  -1.81300e+01   7.39000e-02     0           1.48370e+02   4.33100e+00  
     2022         3         7         7         5        34        176       7100       5362 1646636734.000   1646636734.000    6.30000e+02       0.00      90.00   2.41500e+02   3.16500e+02      870.3       14.6           nan           nan     0           9.22800e+01   3.50100e+00  
     2022         3         7         7         7        58        177       7100       5362 1646636878.000   1646636878.000    6.30000e+02       0.00      45.00   2.41500e+02   3.16500e+02      872.5       11.5   5.30000e-01   2.20000e-03     0           1.37760e+02   4.18300e+00  
     2022         3         7         7        10        22        178       7100       5362 1646637022.000   1646637022.000    6.30000e+02      90.00      45.00   2.41500e+02   3.16500e+02      854.1       13.8   1.20400e+01   5.55000e-02     0           1.04490e+02   3.78200e+00  
     2022         3         7         7        12        46        179       7100       5362 1646637166.000   1646637166.000    6.30000e+02     180.00      45.00   2.41500e+02   3.16500e+02      865.9       14.1   4.92000e+00   2.30000e-02     0           1.00500e+02   3.68100e+00  
     2022         3         7         7        15        10        180       7100       5362 1646637310.000   1646637310.000    6.30000e+02     -90.00      45.00   2.41500e+02   3.16500e+02      875.4       11.7  -1.85900e+01   7.91000e-02     0           1.36740e+02   4.17900e+00  
     2022         3         7         7        21        46        181       7100       5362 1646637706.000   1646637706.000    6.30000e+02       0.00      90.00   2.41500e+02   3.16500e+02      864.4       15.5           nan           nan     0           8.30800e+01   3.35300e+00  
     2022         3         7         7        24        10        182       7100       5362 1646637850.000   1646637850.000    6.30000e+02       0.00      45.00   2.41500e+02   3.16500e+02      862.9       11.5  -4.87000e+00   2.11000e-02     0           1.31280e+02   4.04200e+00  
     2022         3         7         7        26        34        183       7100       5362 1646637994.000   1646637994.000    6.30000e+02      90.00      45.00   2.41500e+02   3.16500e+02      869.5       14.1   2.73000e+01   1.30400e-01     0           1.03140e+02   3.75600e+00  
     2022         3         7         7        28        58        184       7100       5362 1646638138.000   1646638138.000    6.30000e+02     180.00      45.00   2.41500e+02   3.16500e+02      856.4       14.4   1.62100e+01   7.89000e-02     0           9.65500e+01   3.63700e+00  
     2022         3         7         7        31        22        185       7100       5362 1646638282.000   1646638282.000    6.30000e+02     -90.00      45.00   2.41500e+02   3.16500e+02      890.9       12.4  -2.24200e+01   1.00600e-01     0           1.28330e+02   4.07500e+00  
     2022         3         7         7        33        46        186       7100       5362 1646638426.000   1646638426.000    6.30000e+02       0.00      90.00   2.41500e+02   3.16500e+02      882.3       16.1           nan           nan     0           8.18400e+01   3.34900e+00  
     2022         3         7         7        36        46        187       7100       5362 1646638606.000   1646638606.000    6.30000e+02       0.00      45.00   2.41500e+02   3.16500e+02      875.0       12.1  -8.05000e+00   3.59000e-02     0           1.27200e+02   4.02900e+00  
     2022         3         7         7        39        10        188       7100       5362 1646638750.000   1646638750.000    6.30000e+02      90.00      45.00   2.41500e+02   3.16500e+02      873.9       14.4   2.22500e+01   1.08000e-01     0           1.02950e+02   3.78700e+00  
     2022         3         7         7        41        34        189       7100       5362 1646638894.000   1646638894.000    6.30000e+02     180.00      45.00   2.41500e+02   3.16500e+02      859.6       14.7  -3.63000e+00   1.79000e-02     0           9.49800e+01   3.64200e+00  
     2022         3         7         7        43        58        190       7100       5362 1646639038.000   1646639038.000    6.30000e+02     -90.00      45.00   2.41500e+02   3.16500e+02      906.7       12.4  -1.96000e+01   8.75000e-02     0           1.31870e+02   4.11800e+00  
     2022         3         7         7        49        58        191       7100       5362 1646639398.000   1646639398.000    6.30000e+02       0.00      90.00   2.41500e+02   3.16500e+02      881.9       15.7           nan           nan     0           8.80500e+01   3.50700e+00  
     2022         3         7         7        52        22        192       7100       5362 1646639542.000   1646639542.000    6.30000e+02       0.00      45.00   2.41500e+02   3.16500e+02      873.7       12.8  -1.00400e+01   4.61000e-02     0           1.20700e+02   4.01000e+00  
     2022         3         7         7        54        46        193       7100       5362 1646639686.000   1646639686.000    6.30000e+02      90.00      45.00   2.41500e+02   3.16500e+02      880.1       13.1   2.45300e+01   1.14900e-01     0           1.32690e+02   4.38100e+00  
     2022         3         7         7        57        10        194       7100       5362 1646639830.000   1646639830.000    6.30000e+02     180.00      45.00   2.41500e+02   3.16500e+02      865.4       14.1   2.17200e+01   1.06500e-01     0           1.15210e+02   4.13700e+00  
     2022         3         7         8         0        10        195       7100       5362 1646640010.000   1646640010.000    6.30000e+02     -90.00      45.00   2.40500e+02   3.15500e+02      890.2       13.1  -1.70100e+01   8.02000e-02     1           1.37070e+02   4.45500e+00  
     2022         3         7         8         2        34        196       7100       5362 1646640154.000   1646640154.000    6.30000e+02       0.00      90.00   2.40500e+02   3.15500e+02      891.6       16.3           nan           nan     1           1.01980e+02   4.03700e+00  
     2022         3         7         8         4        58        197       7100       5362 1646640298.000   1646640298.000    6.30000e+02       0.00      45.00   2.40500e+02   3.15500e+02      898.0       16.1  -7.90000e+00   4.17000e-02     1           1.24700e+02   4.72000e+00  
     2022         3         7         8         7        22        198       7100       5362 1646640442.000   1646640442.000    6.30000e+02      90.00      45.00   2.40500e+02   3.15500e+02      939.9       15.0   3.84700e+01   1.98000e-01     2           2.27750e+02   7.35500e+00  
     2022         3         7         8         9        46        199       7100       5362 1646640586.000   1646640586.000    6.30000e+02     180.00      45.00   2.40500e+02   3.15500e+02      948.1       18.3   2.58400e+01   1.47700e-01     2           1.82220e+02   6.99700e+00  
     2022         3         7         8        12        10        200       7100       5362 1646640730.000   1646640730.000    6.30000e+02     -90.00      45.00   2.40500e+02   3.15500e+02      982.7       21.2  -9.16000e+00   5.64000e-02     2           1.62870e+02   6.92300e+00  
