   YEAR     MONTH      DAY       HOUR      MIN       SEC       RECNO     KINDAT      KINST       UT1_UNIX        UT2_UNIX        WAVLEN        AZM        ELM         ALTB          ALTE         TN         DTN        VNHLU         DVNHLU     FPI_DATAQUAL      RLE           DRLE     
     2022         3        14        21        48        10          0       7100       5362 1647294490.000   1647294490.000    6.30000e+02       0.00      45.00   2.04500e+02   2.79500e+02     1176.4       14.6  -9.55000e+00   4.13000e-02     2           3.33800e+02   8.46100e+00  
     2022         3        14        21        50        34          1       7100       5362 1647294634.000   1647294634.000    6.30000e+02      90.00      45.00   2.04500e+02   2.79500e+02     1134.2       20.0  -5.51000e+00   2.84000e-02     1           1.65900e+02   5.96700e+00  
     2022         3        14        21        52        58          2       7100       5362 1647294778.000   1647294778.000    6.30000e+02     180.00      45.00   2.04500e+02   2.79500e+02     1155.1       21.5   1.95300e+01   1.04900e-01     1           1.51200e+02   5.73600e+00  
     2022         3        14        21        55        22          3       7100       5362 1647294922.000   1647294922.000    6.30000e+02     -90.00      45.00   2.04500e+02   2.79500e+02     1170.9       18.0   1.22300e+01   5.92000e-02     2           2.38270e+02   7.39200e+00  
     2022         3        14        21        57        46          4       7100       5362 1647295066.000   1647295066.000    6.30000e+02       0.00      90.00   2.04500e+02   2.79500e+02     1134.2       15.7           nan           nan     1           2.37230e+02   6.79400e+00  
     2022         3        14        22         0        10          5       7100       5362 1647295210.000   1647295210.000    6.30000e+02       0.00      45.00   2.17500e+02   2.92500e+02     1284.1       45.5   9.50000e+00   8.82000e-02     2           8.93200e+01   6.03800e+00  
     2022         3        14        22         2        34          6       7100       5362 1647295354.000   1647295354.000    6.30000e+02      90.00      45.00   2.17500e+02   2.92500e+02     1236.5       35.1   1.61600e+01   1.29900e-01     2           8.94200e+01   4.99700e+00  
     2022         3        14        22         5        34          7       7100       5362 1647295534.000   1647295534.000    6.30000e+02     180.00      45.00   2.17500e+02   2.92500e+02     1137.0       17.3   1.84500e+01   1.11400e-01     1           2.15550e+02   6.70800e+00  
     2022         3        14        22         7        58          8       7100       5362 1647295678.000   1647295678.000    6.30000e+02     -90.00      45.00   2.17500e+02   2.92500e+02     1395.1       51.8   1.42700e+01   1.55400e-01     2           8.25300e+01   5.82700e+00  
     2022         3        14        22        13        58          9       7100       5362 1647296038.000   1647296038.000    6.30000e+02       0.00      90.00   2.17500e+02   2.92500e+02     1238.2       34.4           nan           nan     2           1.02950e+02   5.58600e+00  
     2022         3        14        22        16        22         10       7100       5362 1647296182.000   1647296182.000    6.30000e+02       0.00      45.00   2.17500e+02   2.92500e+02     1165.1       21.5  -6.83000e+00   5.61000e-02     1           1.73460e+02   6.42200e+00  
     2022         3        14        22        18        46         11       7100       5362 1647296326.000   1647296326.000    6.30000e+02      90.00      45.00   2.17500e+02   2.92500e+02     1206.8       38.4   1.98200e+01   2.13200e-01     2           7.00600e+01   4.40200e+00  
     2022         3        14        22        21        10         12       7100       5362 1647296470.000   1647296470.000    6.30000e+02     180.00      45.00   2.17500e+02   2.92500e+02     1288.9       55.7   3.30200e+01   4.37500e-01     2           5.32800e+01   4.42300e+00  
     2022         3        14        22        23        34         13       7100       5362 1647296614.000   1647296614.000    6.30000e+02     -90.00      45.00   2.17500e+02   2.92500e+02     1313.0       47.4   2.17500e+01   2.64200e-01     2           7.99400e+01   5.51900e+00  
     2022         3        14        22        25        58         14       7100       5362 1647296758.000   1647296758.000    6.30000e+02       0.00      90.00   2.17500e+02   2.92500e+02     1264.6       40.0           nan           nan     2           8.44900e+01   5.19900e+00  
     2022         3        14        22        28        58         15       7100       5362 1647296938.000   1647296938.000    6.30000e+02       0.00      45.00   2.17500e+02   2.92500e+02     1194.0       24.3  -1.17800e+01   1.09300e-01     1           1.48700e+02   6.05800e+00  
     2022         3        14        22        31        22         16       7100       5362 1647297082.000   1647297082.000    6.30000e+02      90.00      45.00   2.17500e+02   2.92500e+02     1393.3       48.4   2.36200e+01   2.98800e-01     2           1.00120e+02   6.59300e+00  
     2022         3        14        22        33        46         17       7100       5362 1647297226.000   1647297226.000    6.30000e+02     180.00      45.00   2.17500e+02   2.92500e+02     1347.3       45.5   3.95400e+01   4.89900e-01     2           8.53900e+01   5.53600e+00  
     2022         3        14        22        36        10         18       7100       5362 1647297370.000   1647297370.000    6.30000e+02     -90.00      45.00   2.17500e+02   2.92500e+02     1407.5       59.1   7.27000e+00   1.05500e-01     2           6.93800e+01   5.51700e+00  
     2022         3        14        22        42        10         19       7100       5362 1647297730.000   1647297730.000    6.30000e+02       0.00      90.00   2.17500e+02   2.92500e+02     1337.8       49.7           nan           nan     2           7.00400e+01   5.00000e+00  
     2022         3        14        22        46        58         20       7100       5362 1647298018.000   1647298018.000    6.30000e+02      90.00      45.00   2.17500e+02   2.92500e+02     1407.7       87.8   2.02300e+01   3.86100e-01     2           3.62900e+01   4.25300e+00  
     2022         3        14        22        49        22         21       7100       5362 1647298162.000   1647298162.000    6.30000e+02     180.00      45.00   2.17500e+02   2.92500e+02     1364.6       61.3   4.65700e+01   7.47700e-01     2           5.81500e+01   4.95700e+00  
     2022         3        14        22        52        22         22       7100       5362 1647298342.000   1647298342.000    6.30000e+02     -90.00      45.00   2.17500e+02   2.92500e+02     1378.5       56.2   1.64800e+01   2.60800e-01     2           7.39100e+01   5.70400e+00  
     2022         3        14        22        54        46         23       7100       5362 1647298486.000   1647298486.000    6.30000e+02       0.00      90.00   2.17500e+02   2.92500e+02     1356.4       58.8           nan           nan     2           5.97000e+01   4.92700e+00  
     2022         3        14        22        57        10         24       7100       5362 1647298630.000   1647298630.000    6.30000e+02       0.00      45.00   2.17500e+02   2.92500e+02     1306.1       46.9   1.85900e+01   2.76200e-01     2           8.01000e+01   5.50500e+00  
     2022         3        14        22        59        34         25       7100       5362 1647298774.000   1647298774.000    6.30000e+02      90.00      45.00   2.26500e+02   3.01500e+02     1287.9       53.4   2.85300e+01   4.39800e-01     2           5.73600e+01   4.57000e+00  
     2022         3        14        23         1        58         26       7100       5362 1647298918.000   1647298918.000    6.30000e+02     180.00      45.00   2.26500e+02   3.01500e+02     1454.8       73.7  -1.43000e+00   2.55000e-02     2           4.94400e+01   4.72600e+00  
     2022         3        14        23         4        22         27       7100       5362 1647299062.000   1647299062.000    6.30000e+02     -90.00      45.00   2.26500e+02   3.01500e+02     1505.1       65.6   2.07800e+01   3.36700e-01     2           7.11900e+01   5.83000e+00  
     2022         3        14        23        10        22         28       7100       5362 1647299422.000   1647299422.000    6.30000e+02       0.00      90.00   2.26500e+02   3.01500e+02     1364.1       54.8           nan           nan     2           6.44100e+01   4.94800e+00  
     2022         3        14        23        12        46         29       7100       5362 1647299566.000   1647299566.000    6.30000e+02       0.00      45.00   2.26500e+02   3.01500e+02     1291.7       49.2   1.45300e+01   2.09500e-01     2           7.17700e+01   5.23300e+00  
     2022         3        14        23        18        10         30       7100       5362 1647299890.000   1647299890.000    6.30000e+02     180.00      45.00   2.26500e+02   3.01500e+02     1565.0       96.5   6.97000e+01   1.38190e+00     2           3.75200e+01   4.33200e+00  
     2022         3        15         1         4        22         31       7100       5362 1647306262.000   1647306262.000    6.30000e+02       0.00      90.00   2.38500e+02   3.13500e+02     1386.0       60.4           nan           nan     2           6.14400e+01   5.08200e+00  
     2022         3        15         1         6        46         32       7100       5362 1647306406.000   1647306406.000    6.30000e+02       0.00      45.00   2.38500e+02   3.13500e+02     1370.1       59.5   1.85200e+01   3.06800e-01     2           6.50100e+01   5.34600e+00  
     2022         3        15         1         9        10         33       7100       5362 1647306550.000   1647306550.000    6.30000e+02      90.00      45.00   2.38500e+02   3.13500e+02     1513.6       92.8   1.52700e+01   3.09700e-01     2           3.66400e+01   4.21600e+00  
     2022         3        15         1        11        34         34       7100       5362 1647306694.000   1647306694.000    6.30000e+02     180.00      45.00   2.38500e+02   3.13500e+02     1274.4       65.1   3.39000e+01   5.91700e-01     2           4.66900e+01   4.53100e+00  
     2022         3        15         1        13        58         35       7100       5362 1647306838.000   1647306838.000    6.30000e+02     -90.00      45.00   2.38500e+02   3.13500e+02     1277.3       42.4   1.69700e+01   2.35500e-01     2           9.72700e+01   6.17600e+00  
     2022         3        15         1        16        22         36       7100       5362 1647306982.000   1647306982.000    6.30000e+02       0.00      90.00   2.38500e+02   3.13500e+02     1298.7       52.5           nan           nan     2           7.00700e+01   5.39000e+00  
     2022         3        15         1        18        46         37       7100       5362 1647307126.000   1647307126.000    6.30000e+02       0.00      45.00   2.38500e+02   3.13500e+02     1318.1       51.0   3.66200e+01   5.42800e-01     2           7.83900e+01   5.76600e+00  
     2022         3        15         1        21        46         38       7100       5362 1647307306.000   1647307306.000    6.30000e+02      90.00      45.00   2.38500e+02   3.13500e+02     1413.2       72.6   3.29500e+01   5.74300e-01     2           4.69300e+01   4.56100e+00  
     2022         3        15         1        24        10         39       7100       5362 1647307450.000   1647307450.000    6.30000e+02     180.00      45.00   2.38500e+02   3.13500e+02     1259.5       50.8   3.67200e+01   5.43300e-01     2           6.89900e+01   5.31000e+00  
     2022         3        15         1        26        34         40       7100       5362 1647307594.000   1647307594.000    6.30000e+02     -90.00      45.00   2.38500e+02   3.13500e+02     1219.4       40.5  -7.20000e+00   9.63000e-02     2           1.00950e+02   6.40100e+00  
     2022         3        15         1        32        34         41       7100       5362 1647307954.000   1647307954.000    6.30000e+02       0.00      90.00   2.38500e+02   3.13500e+02     1306.0       49.8           nan           nan     2           7.68100e+01   5.58900e+00  
     2022         3        15         1        34        58         42       7100       5362 1647308098.000   1647308098.000    6.30000e+02       0.00      45.00   2.38500e+02   3.13500e+02     1295.6       50.8   3.01600e+01   4.57700e-01     2           7.86700e+01   5.85600e+00  
     2022         3        15         1        37        22         43       7100       5362 1647308242.000   1647308242.000    6.30000e+02      90.00      45.00   2.38500e+02   3.13500e+02     1380.0       69.2   2.18800e+01   3.91600e-01     2           5.06400e+01   4.79800e+00  
     2022         3        15         1        39        46         44       7100       5362 1647308386.000   1647308386.000    6.30000e+02     180.00      45.00   2.38500e+02   3.13500e+02     1302.2       62.8   5.11600e+01   9.18500e-01     2           5.40400e+01   4.93500e+00  
     2022         3        15         1        45        10         45       7100       5362 1647308710.000   1647308710.000    6.30000e+02       0.00      90.00   2.38500e+02   3.13500e+02     1374.8       71.6           nan           nan     2           4.92400e+01   4.83500e+00  
     2022         3        15         2         0        46         46       7100       5362 1647309646.000   1647309646.000    6.30000e+02       0.00      90.00   2.44500e+02   3.19500e+02     1347.7       68.4           nan           nan     2           5.35100e+01   5.11500e+00  
     2022         3        15         2         5        34         47       7100       5362 1647309934.000   1647309934.000    6.30000e+02      90.00      45.00   2.44500e+02   3.19500e+02     1359.2       79.5  -1.86500e+01   3.60900e-01     2           4.15200e+01   4.56800e+00  
     2022         3        15         2         8        34         48       7100       5362 1647310114.000   1647310114.000    6.30000e+02     180.00      45.00   2.44500e+02   3.19500e+02     1254.6       61.4   2.07600e+01   3.52300e-01     2           5.57600e+01   5.15600e+00  
     2022         3        15         2        10        58         49       7100       5362 1647310258.000   1647310258.000    6.30000e+02     -90.00      45.00   2.44500e+02   3.19500e+02     1305.1       44.9  -2.31200e+01   3.12100e-01     2           1.06090e+02   6.91800e+00  
     2022         3        15         2        13        22         50       7100       5362 1647310402.000   1647310402.000    6.30000e+02       0.00      90.00   2.44500e+02   3.19500e+02     1268.7       44.3           nan           nan     2           9.74300e+01   6.46400e+00  
     2022         3        15         2        15        46         51       7100       5362 1647310546.000   1647310546.000    6.30000e+02       0.00      45.00   2.44500e+02   3.19500e+02     1439.5       48.2   6.80000e+00   9.10000e-02     2           1.28930e+02   8.10200e+00  
     2022         3        15         2        18        10         52       7100       5362 1647310690.000   1647310690.000    6.30000e+02      90.00      45.00   2.44500e+02   3.19500e+02     1366.5       55.0   2.12200e+01   3.12800e-01     2           7.76400e+01   5.91100e+00  
     2022         3        15         2        20        34         53       7100       5362 1647310834.000   1647310834.000    6.30000e+02     180.00      45.00   2.44500e+02   3.19500e+02     1226.2       46.1   2.23600e+01   3.18900e-01     2           8.04100e+01   5.76800e+00  
     2022         3        15         2        22        58         54       7100       5362 1647310978.000   1647310978.000    6.30000e+02     -90.00      45.00   2.44500e+02   3.19500e+02     1195.2       35.9  -2.84700e+01   3.71800e-01     2           1.04350e+02   6.05700e+00  
     2022         3        15         2        29        34         55       7100       5362 1647311374.000   1647311374.000    6.30000e+02       0.00      90.00   2.44500e+02   3.19500e+02     1344.1       59.5           nan           nan     2           6.43400e+01   5.39300e+00  
     2022         3        15         2        31        58         56       7100       5362 1647311518.000   1647311518.000    6.30000e+02       0.00      45.00   2.44500e+02   3.19500e+02     1347.6       68.8   1.07700e+01   1.92400e-01     2           5.42900e+01   5.21400e+00  
     2022         3        15         2        36        46         57       7100       5362 1647311806.000   1647311806.000    6.30000e+02     180.00      45.00   2.44500e+02   3.19500e+02     1235.1       59.8   1.57800e+01   2.71600e-01     2           5.16500e+01   4.75500e+00  
     2022         3        15         2        42        10         58       7100       5362 1647312130.000   1647312130.000    6.30000e+02       0.00      90.00   2.44500e+02   3.19500e+02     1255.5       54.1           nan           nan     2           6.48600e+01   5.31200e+00  
     2022         3        15         2        44        34         59       7100       5362 1647312274.000   1647312274.000    6.30000e+02       0.00      45.00   2.44500e+02   3.19500e+02     1377.0       57.8   1.42000e+01   2.25800e-01     2           7.56200e+01   5.98800e+00  
     2022         3        15         2        46        58         60       7100       5362 1647312418.000   1647312418.000    6.30000e+02      90.00      45.00   2.44500e+02   3.19500e+02     1282.9       58.1   1.66000e+01   2.63800e-01     2           5.81300e+01   5.00700e+00  
     2022         3        15         2        49        22         61       7100       5362 1647312562.000   1647312562.000    6.30000e+02     180.00      45.00   2.44500e+02   3.19500e+02     1266.0       57.1   3.93000e+00   6.07000e-02     2           5.78700e+01   4.96300e+00  
     2022         3        15         2        51        46         62       7100       5362 1647312706.000   1647312706.000    6.30000e+02     -90.00      45.00   2.44500e+02   3.19500e+02     1297.9       53.6  -3.74500e+01   5.40700e-01     2           7.11900e+01   5.57700e+00  
     2022         3        15         2        57        46         63       7100       5362 1647313066.000   1647313066.000    6.30000e+02       0.00      90.00   2.44500e+02   3.19500e+02     1085.1       38.4           nan           nan     2           6.19900e+01   4.31400e+00  
     2022         3        15         3         0        10         64       7100       5362 1647313210.000   1647313210.000    6.30000e+02       0.00      45.00   2.46500e+02   3.21500e+02     1272.4       41.2   2.70200e+01   3.35400e-01     2           1.11350e+02   6.86000e+00  
     2022         3        15         3         2        34         65       7100       5362 1647313354.000   1647313354.000    6.30000e+02      90.00      45.00   2.46500e+02   3.21500e+02     1231.2       47.1   3.00100e+01   4.12600e-01     2           7.29400e+01   5.34600e+00  
     2022         3        15         3         5        34         66       7100       5362 1647313534.000   1647313534.000    6.30000e+02     180.00      45.00   2.46500e+02   3.21500e+02     1288.8       53.7   2.14100e+01   3.17000e-01     2           6.72600e+01   5.32800e+00  
     2022         3        15         3         7        58         67       7100       5362 1647313678.000   1647313678.000    6.30000e+02     -90.00      45.00   2.46500e+02   3.21500e+02     1267.7       45.7  -5.11900e+01   7.24900e-01     2           9.11600e+01   6.25400e+00  
     2022         3        15         3        10        22         68       7100       5362 1647313822.000   1647313822.000    6.30000e+02       0.00      90.00   2.46500e+02   3.21500e+02     1366.6       55.0           nan           nan     2           7.83500e+01   5.96400e+00  
     2022         3        15         3        12        46         69       7100       5362 1647313966.000   1647313966.000    6.30000e+02       0.00      45.00   2.46500e+02   3.21500e+02     1444.2       66.0  -8.23000e+00   1.37300e-01     2           6.87300e+01   5.89600e+00  
     2022         3        15         3        15        10         70       7100       5362 1647314110.000   1647314110.000    6.30000e+02      90.00      45.00   2.46500e+02   3.21500e+02     1328.8       69.0   2.93000e+01   5.09800e-01     2           4.60300e+01   4.53000e+00  
     2022         3        15         3        17        34         71       7100       5362 1647314254.000   1647314254.000    6.30000e+02     180.00      45.00   2.46500e+02   3.21500e+02     1332.7       72.9   2.36800e+01   4.24300e-01     2           4.44400e+01   4.59000e+00  
     2022         3        15         3        19        58         72       7100       5362 1647314398.000   1647314398.000    6.30000e+02     -90.00      45.00   2.46500e+02   3.21500e+02     1280.1       73.2   2.16100e+01   3.92500e-01     2           4.23500e+01   4.57000e+00  
     2022         3        15         3        25        58         73       7100       5362 1647314758.000   1647314758.000    6.30000e+02       0.00      90.00   2.46500e+02   3.21500e+02     1243.2       47.3           nan           nan     2           7.07800e+01   5.17200e+00  
     2022         3        15         3        28        58         74       7100       5362 1647314938.000   1647314938.000    6.30000e+02       0.00      45.00   2.46500e+02   3.21500e+02     1282.7       45.1   1.93200e+01   2.60300e-01     2           8.60700e+01   5.78500e+00  
     2022         3        15         3        31        22         75       7100       5362 1647315082.000   1647315082.000    6.30000e+02      90.00      45.00   2.46500e+02   3.21500e+02     1200.2       49.2   4.99200e+01   7.13100e-01     2           6.10400e+01   4.80700e+00  
     2022         3        15         3        33        46         76       7100       5362 1647315226.000   1647315226.000    6.30000e+02     180.00      45.00   2.46500e+02   3.21500e+02     1274.0       56.0   1.89600e+01   2.81400e-01     2           5.84200e+01   4.90000e+00  
     2022         3        15         3        36        10         77       7100       5362 1647315370.000   1647315370.000    6.30000e+02     -90.00      45.00   2.46500e+02   3.21500e+02     1390.9       59.3  -2.01600e+01   3.02600e-01     2           7.57400e+01   6.07600e+00  
     2022         3        15         3        38        34         78       7100       5362 1647315514.000   1647315514.000    6.30000e+02       0.00      90.00   2.46500e+02   3.21500e+02     1233.7       46.1           nan           nan     2           7.58500e+01   5.42600e+00  
     2022         3        15         3        40        58         79       7100       5362 1647315658.000   1647315658.000    6.30000e+02       0.00      45.00   2.46500e+02   3.21500e+02     1284.4       46.7   2.26400e+01   3.08700e-01     2           8.38700e+01   5.82100e+00  
     2022         3        15         3        43        58         80       7100       5362 1647315838.000   1647315838.000    6.30000e+02      90.00      45.00   2.46500e+02   3.21500e+02     1272.7       55.9   3.46800e+01   5.19700e-01     2           5.42500e+01   4.56200e+00  
     2022         3        15         3        46        22         81       7100       5362 1647315982.000   1647315982.000    6.30000e+02     180.00      45.00   2.46500e+02   3.21500e+02     1167.7       51.9   9.12000e+00   1.36100e-01     2           5.17700e+01   4.42300e+00  
     2022         3        15         3        48        46         82       7100       5362 1647316126.000   1647316126.000    6.30000e+02     -90.00      45.00   2.46500e+02   3.21500e+02     1281.8       52.8   9.49000e+00   1.40400e-01     2           6.46400e+01   5.08900e+00  
     2022         3        15         3        54        46         83       7100       5362 1647316486.000   1647316486.000    6.30000e+02       0.00      90.00   2.46500e+02   3.21500e+02     1214.2       49.3           nan           nan     2           5.76300e+01   4.51700e+00  
     2022         3        15         3        57        10         84       7100       5362 1647316630.000   1647316630.000    6.30000e+02       0.00      45.00   2.46500e+02   3.21500e+02     1230.2       57.7   9.31000e+00   1.53300e-01     2           4.65100e+01   4.18800e+00  
     2022         3        15         4         0        10         85       7100       5362 1647316810.000   1647316810.000    6.30000e+02      90.00      45.00   2.46500e+02   3.21500e+02     1204.9       58.6   1.12700e+01   1.91400e-01     2           4.03700e+01   3.78700e+00  
     2022         3        15         4         2        34         86       7100       5362 1647316954.000   1647316954.000    6.30000e+02     180.00      45.00   2.46500e+02   3.21500e+02     1212.8       57.8   1.92600e+01   3.31200e-01     2           4.17200e+01   3.83600e+00  
     2022         3        15         4         4        58         87       7100       5362 1647317098.000   1647317098.000    6.30000e+02     -90.00      45.00   2.46500e+02   3.21500e+02     1188.2       58.4   7.89000e+00   1.39800e-01     2           4.09100e+01   3.87100e+00  
     2022         3        15         4         7        22         88       7100       5362 1647317242.000   1647317242.000    6.30000e+02       0.00      90.00   2.46500e+02   3.21500e+02     1177.0       61.1           nan           nan     2           3.44300e+01   3.46500e+00  
     2022         3        15         4         9        46         89       7100       5362 1647317386.000   1647317386.000    6.30000e+02       0.00      45.00   2.46500e+02   3.21500e+02     1154.3       79.0  -1.37900e+01   2.95700e-01     2           2.40100e+01   3.15000e+00  
     2022         3        15         4        12        10         90       7100       5362 1647317530.000   1647317530.000    6.30000e+02      90.00      45.00   2.46500e+02   3.21500e+02     1111.3       73.2   2.79000e+01   5.48000e-01     2           2.34500e+01   2.97400e+00  
     2022         3        15         4        14        34         91       7100       5362 1647317674.000   1647317674.000    6.30000e+02     180.00      45.00   2.46500e+02   3.21500e+02     1087.1       62.0   1.81000e+00   3.19000e-02     2           2.78600e+01   3.08300e+00  
     2022         3        15         4        17        34         92       7100       5362 1647317854.000   1647317854.000    6.30000e+02     -90.00      45.00   2.46500e+02   3.21500e+02     1151.0       52.8   2.22800e+01   3.39900e-01     2           4.31300e+01   3.83300e+00  
     2022         3        15         4        23        34         93       7100       5362 1647318214.000   1647318214.000    6.30000e+02       0.00      90.00   2.46500e+02   3.21500e+02     1079.8       36.3           nan           nan     2           6.65200e+01   4.40400e+00  
     2022         3        15         4        25        58         94       7100       5362 1647318358.000   1647318358.000    6.30000e+02       0.00      45.00   2.46500e+02   3.21500e+02     1174.0       41.9  -7.05000e+00   8.49000e-02     2           6.44600e+01   4.48800e+00  
     2022         3        15         4        28        22         95       7100       5362 1647318502.000   1647318502.000    6.30000e+02      90.00      45.00   2.46500e+02   3.21500e+02     1060.0       38.1   2.89600e+01   3.43300e-01     2           5.64600e+01   4.01100e+00  
     2022         3        15         4        30        46         96       7100       5362 1647318646.000   1647318646.000    6.30000e+02     180.00      45.00   2.46500e+02   3.21500e+02     1074.3       38.7   6.91000e+00   8.26000e-02     2           5.63000e+01   4.00100e+00  
     2022         3        15         4        33        46         97       7100       5362 1647318826.000   1647318826.000    6.30000e+02     -90.00      45.00   2.46500e+02   3.21500e+02     1123.2       39.9  -5.67000e+00   6.78000e-02     2           6.44900e+01   4.47400e+00  
     2022         3        15         4        36        10         98       7100       5362 1647318970.000   1647318970.000    6.30000e+02       0.00      90.00   2.46500e+02   3.21500e+02     1110.5       37.3           nan           nan     2           6.46700e+01   4.28600e+00  
     2022         3        15         4        38        34         99       7100       5362 1647319114.000   1647319114.000    6.30000e+02       0.00      45.00   2.46500e+02   3.21500e+02     1074.7       40.1  -2.57600e+01   3.14800e-01     2           5.43500e+01   3.99100e+00  
     2022         3        15         4        40        58        100       7100       5362 1647319258.000   1647319258.000    6.30000e+02      90.00      45.00   2.46500e+02   3.21500e+02     1041.8       39.4   5.54000e+00   6.75000e-02     1           4.91400e+01   3.68600e+00  
     2022         3        15         4        43        22        101       7100       5362 1647319402.000   1647319402.000    6.30000e+02     180.00      45.00   2.46500e+02   3.21500e+02     1072.3       43.7   2.13100e+01   2.68400e-01     1           4.14200e+01   3.35100e+00  
     2022         3        15         4        45        46        102       7100       5362 1647319546.000   1647319546.000    6.30000e+02     -90.00      45.00   2.46500e+02   3.21500e+02     1040.5       42.5  -4.56000e+00   5.71000e-02     2           4.24700e+01   3.43300e+00  
     2022         3        15         4        52        22        103       7100       5362 1647319942.000   1647319942.000    6.30000e+02       0.00      90.00   2.46500e+02   3.21500e+02     1010.4       33.8           nan           nan     1           5.31600e+01   3.57800e+00  
     2022         3        15         4        54        46        104       7100       5362 1647320086.000   1647320086.000    6.30000e+02       0.00      45.00   2.46500e+02   3.21500e+02      968.7       42.2  -1.60700e+01   2.03200e-01     1           3.59300e+01   3.12200e+00  
     2022         3        15         4        57        10        105       7100       5362 1647320230.000   1647320230.000    6.30000e+02      90.00      45.00   2.46500e+02   3.21500e+02      999.3       35.7  -3.30000e-01   3.70000e-03     1           4.50000e+01   3.25000e+00  
     2022         3        15         4        59        34        106       7100       5362 1647320374.000   1647320374.000    6.30000e+02     180.00      45.00   2.43500e+02   3.18500e+02      971.5       31.3   1.83900e+01   1.86800e-01     1           5.26600e+01   3.44500e+00  
     2022         3        15         5         1        58        107       7100       5362 1647320518.000   1647320518.000    6.30000e+02     -90.00      45.00   2.43500e+02   3.18500e+02     1008.7       35.4   4.00000e-01   4.20000e-03     1           4.68900e+01   3.32700e+00  
     2022         3        15         5         4        22        108       7100       5362 1647320662.000   1647320662.000    6.30000e+02       0.00      90.00   2.43500e+02   3.18500e+02      965.8       27.9           nan           nan     1           5.78400e+01   3.45300e+00  
     2022         3        15         5         7        22        109       7100       5362 1647320842.000   1647320842.000    6.30000e+02       0.00      45.00   2.43500e+02   3.18500e+02      984.4       33.6  -1.80000e-01   1.80000e-03     1           4.70300e+01   3.26800e+00  
     2022         3        15         5         9        46        110       7100       5362 1647320986.000   1647320986.000    6.30000e+02      90.00      45.00   2.43500e+02   3.18500e+02     1008.1       35.8   2.55700e+01   2.55300e-01     1           4.04200e+01   2.94600e+00  
     2022         3        15         5        12        10        111       7100       5362 1647321130.000   1647321130.000    6.30000e+02     180.00      45.00   2.43500e+02   3.18500e+02      979.1       33.0   3.32700e+01   3.17000e-01     1           4.22500e+01   2.93900e+00  
     2022         3        15         5        14        34        112       7100       5362 1647321274.000   1647321274.000    6.30000e+02     -90.00      45.00   2.43500e+02   3.18500e+02      934.7       35.6   2.90600e+01   2.92800e-01     1           3.73900e+01   2.90200e+00  
     2022         3        15         5        20        34        113       7100       5362 1647321634.000   1647321634.000    6.30000e+02       0.00      90.00   2.43500e+02   3.18500e+02      962.0       21.4           nan           nan     1           8.12600e+01   3.81900e+00  
     2022         3        15         5        23        34        114       7100       5362 1647321814.000   1647321814.000    6.30000e+02       0.00      45.00   2.43500e+02   3.18500e+02     1003.1       28.5   9.64000e+00   7.81000e-02     1           6.56400e+01   3.79600e+00  
     2022         3        15         5        25        58        115       7100       5362 1647321958.000   1647321958.000    6.30000e+02      90.00      45.00   2.43500e+02   3.18500e+02      954.7       29.6   2.38600e+01   2.03500e-01     1           5.03200e+01   3.22400e+00  
     2022         3        15         5        28        22        116       7100       5362 1647322102.000   1647322102.000    6.30000e+02     180.00      45.00   2.43500e+02   3.18500e+02      956.6       29.4   4.02900e+01   3.40100e-01     1           5.00700e+01   3.18300e+00  
     2022         3        15         5        30        46        117       7100       5362 1647322246.000   1647322246.000    6.30000e+02     -90.00      45.00   2.43500e+02   3.18500e+02      964.0       26.2   1.80800e+01   1.43600e-01     1           6.08200e+01   3.44000e+00  
     2022         3        15         5        33        10        118       7100       5362 1647322390.000   1647322390.000    6.30000e+02       0.00      90.00   2.43500e+02   3.18500e+02      971.7       22.1           nan           nan     1           8.55900e+01   4.05500e+00  
     2022         3        15         5        35        34        119       7100       5362 1647322534.000   1647322534.000    6.30000e+02       0.00      45.00   2.43500e+02   3.18500e+02      926.8       15.9   1.17200e+01   7.10000e-02     1           1.25610e+02   4.60900e+00  
     2022         3        15         5        38        34        120       7100       5362 1647322714.000   1647322714.000    6.30000e+02      90.00      45.00   2.43500e+02   3.18500e+02      913.3       14.0   2.31500e+01   1.27200e-01     1           1.30220e+02   4.39000e+00  
     2022         3        15         5        40        58        121       7100       5362 1647322858.000   1647322858.000    6.30000e+02     180.00      45.00   2.43500e+02   3.18500e+02      908.7       14.2  -1.04200e+01   5.52000e-02     1           1.24700e+02   4.28900e+00  
     2022         3        15         5        43        22        122       7100       5362 1647323002.000   1647323002.000    6.30000e+02     -90.00      45.00   2.43500e+02   3.18500e+02      964.6       15.2  -1.47500e+01   7.73000e-02     1           1.67880e+02   5.54300e+00  
     2022         3        15         5        49        22        123       7100       5362 1647323362.000   1647323362.000    6.30000e+02       0.00      90.00   2.43500e+02   3.18500e+02      902.0       13.6           nan           nan     1           1.19040e+02   4.02800e+00  
     2022         3        15         5        54        10        124       7100       5362 1647323650.000   1647323650.000    6.30000e+02      90.00      45.00   2.43500e+02   3.18500e+02      896.6       13.2   1.99900e+01   9.18000e-02     1           1.29250e+02   4.23700e+00  
     2022         3        15         5        56        34        125       7100       5362 1647323794.000   1647323794.000    6.30000e+02     180.00      45.00   2.43500e+02   3.18500e+02      889.3       13.8   2.41000e+00   1.16000e-02     1           1.23360e+02   4.23200e+00  
     2022         3        15         5        58        58        126       7100       5362 1647323938.000   1647323938.000    6.30000e+02     -90.00      45.00   2.41500e+02   3.16500e+02      920.6       15.3  -6.17000e+00   3.16000e-02     1           1.15280e+02   4.17900e+00  
     2022         3        15         6         1        22        127       7100       5362 1647324082.000   1647324082.000    6.30000e+02       0.00      90.00   2.41500e+02   3.16500e+02      911.3       16.9           nan           nan     1           8.75700e+01   3.58000e+00  
     2022         3        15         6         4        22        128       7100       5362 1647324262.000   1647324262.000    6.30000e+02       0.00      45.00   2.41500e+02   3.16500e+02      910.7       17.5   2.58000e+00   1.46000e-02     1           8.30800e+01   3.51400e+00  
     2022         3        15         6         6        46        129       7100       5362 1647324406.000   1647324406.000    6.30000e+02      90.00      45.00   2.41500e+02   3.16500e+02      899.4       19.0   1.64000e+00   9.80000e-03     1           6.72300e+01   3.13800e+00  
     2022         3        15         6         9        10        130       7100       5362 1647324550.000   1647324550.000    6.30000e+02     180.00      45.00   2.41500e+02   3.16500e+02      875.7       17.7   1.38300e+01   8.03000e-02     1           7.33400e+01   3.27000e+00  
     2022         3        15         6        11        34        131       7100       5362 1647324694.000   1647324694.000    6.30000e+02     -90.00      45.00   2.41500e+02   3.16500e+02      894.0       17.9   1.06000e+00   6.20000e-03     1           7.59100e+01   3.35000e+00  
     2022         3        15         6        17        34        132       7100       5362 1647325054.000   1647325054.000    6.30000e+02       0.00      90.00   2.41500e+02   3.16500e+02      903.6       18.1           nan           nan     1           7.48600e+01   3.30500e+00  
     2022         3        15         6        20        34        133       7100       5362 1647325234.000   1647325234.000    6.30000e+02       0.00      45.00   2.41500e+02   3.16500e+02      897.5       19.6  -1.35300e+01   8.55000e-02     1           6.64500e+01   3.17200e+00  
     2022         3        15         6        22        58        134       7100       5362 1647325378.000   1647325378.000    6.30000e+02      90.00      45.00   2.41500e+02   3.16500e+02      886.7       23.2   1.59700e+01   1.12700e-01     1           4.77700e+01   2.71900e+00  
     2022         3        15         6        25        22        135       7100       5362 1647325522.000   1647325522.000    6.30000e+02     180.00      45.00   2.41500e+02   3.16500e+02      880.8       24.6   2.23700e+01   1.67600e-01     1           4.43800e+01   2.68000e+00  
     2022         3        15         6        27        46        136       7100       5362 1647325666.000   1647325666.000    6.30000e+02     -90.00      45.00   2.41500e+02   3.16500e+02      837.3       22.8   1.31700e+01   9.69000e-02     1           4.55500e+01   2.68700e+00  
     2022         3        15         6        30        10        137       7100       5362 1647325810.000   1647325810.000    6.30000e+02       0.00      90.00   2.41500e+02   3.16500e+02      892.5       20.8           nan           nan     1           5.97800e+01   3.03300e+00  
     2022         3        15         6        32        34        138       7100       5362 1647325954.000   1647325954.000    6.30000e+02       0.00      45.00   2.41500e+02   3.16500e+02      903.0       25.2  -1.50000e+01   1.16300e-01     1           4.83600e+01   2.87800e+00  
     2022         3        15         6        34        58        139       7100       5362 1647326098.000   1647326098.000    6.30000e+02      90.00      45.00   2.41500e+02   3.16500e+02      895.6       24.8  -4.88000e+00   3.76000e-02     1           4.53000e+01   2.70500e+00  
     2022         3        15         6        37        58        140       7100       5362 1647326278.000   1647326278.000    6.30000e+02     180.00      45.00   2.41500e+02   3.16500e+02      875.0       24.0   1.80700e+01   1.38100e-01     1           4.54000e+01   2.69400e+00  
     2022         3        15         6        40        22        141       7100       5362 1647326422.000   1647326422.000    6.30000e+02     -90.00      45.00   2.41500e+02   3.16500e+02      869.1       23.4  -7.06000e+00   5.43000e-02     1           4.79000e+01   2.78700e+00  
     2022         3        15         6        46        22        142       7100       5362 1647326782.000   1647326782.000    6.30000e+02       0.00      90.00   2.41500e+02   3.16500e+02      906.0       22.8           nan           nan     1           5.02000e+01   2.76400e+00  
     2022         3        15         6        48        46        143       7100       5362 1647326926.000   1647326926.000    6.30000e+02       0.00      45.00   2.41500e+02   3.16500e+02      898.8       28.1  -1.52000e+00   1.34000e-02     1           3.84500e+01   2.56300e+00  
     2022         3        15         6        51        10        144       7100       5362 1647327070.000   1647327070.000    6.30000e+02      90.00      45.00   2.41500e+02   3.16500e+02      865.2       31.4  -2.20500e+01   2.16800e-01     1           2.92500e+01   2.26000e+00  
     2022         3        15         6        53        34        145       7100       5362 1647327214.000   1647327214.000    6.30000e+02     180.00      45.00   2.41500e+02   3.16500e+02      863.9       35.5   4.31200e+01   4.63500e-01     1           2.50800e+01   2.16400e+00  
     2022         3        15         6        55        58        146       7100       5362 1647327358.000   1647327358.000    6.30000e+02     -90.00      45.00   2.41500e+02   3.16500e+02      896.0       39.8   1.42700e+01   1.69100e-01     1           2.40500e+01   2.21400e+00  
     2022         3        15         6        58        22        147       7100       5362 1647327502.000   1647327502.000    6.30000e+02       0.00      90.00   2.41500e+02   3.16500e+02      870.6       30.7           nan           nan     1           3.21600e+01   2.39800e+00  
     2022         3        15         7         1        22        148       7100       5362 1647327682.000   1647327682.000    6.30000e+02       0.00      45.00   2.40500e+02   3.15500e+02      844.2       33.3  -9.25000e+00   1.05800e-01     1           2.75500e+01   2.27800e+00  
     2022         3        15         7         3        46        149       7100       5362 1647327826.000   1647327826.000    6.30000e+02      90.00      45.00   2.40500e+02   3.15500e+02      861.2       39.3   2.46000e+00   3.11000e-02     1           2.23400e+01   2.11600e+00  
     2022         3        15         7         6        10        150       7100       5362 1647327970.000   1647327970.000    6.30000e+02     180.00      45.00   2.40500e+02   3.15500e+02      849.1       44.0   1.94800e+01   2.67000e-01     1           1.88300e+01   2.00800e+00  
     2022         3        15         7         8        34        151       7100       5362 1647328114.000   1647328114.000    6.30000e+02     -90.00      45.00   2.40500e+02   3.15500e+02      884.4       47.6   4.47000e+00   6.60000e-02     1           1.92200e+01   2.10400e+00  
     2022         3        15         7        14        34        152       7100       5362 1647328474.000   1647328474.000    6.30000e+02       0.00      90.00   2.40500e+02   3.15500e+02      853.5       36.9           nan           nan     1           2.34900e+01   2.12300e+00  
     2022         3        15         7        16        58        153       7100       5362 1647328618.000   1647328618.000    6.30000e+02       0.00      45.00   2.40500e+02   3.15500e+02      848.0       56.4   7.82000e+00   1.40100e-01     2           1.54700e+01   2.05500e+00  
     2022         3        15         7        19        22        154       7100       5362 1647328762.000   1647328762.000    6.30000e+02      90.00      45.00   2.40500e+02   3.15500e+02      887.1       43.9   1.54100e+01   2.28400e-01     1           2.01200e+01   2.05300e+00  
     2022         3        15         7        21        46        155       7100       5362 1647328906.000   1647328906.000    6.30000e+02     180.00      45.00   2.40500e+02   3.15500e+02      928.5       50.9   2.63200e+01   4.26500e-01     1           1.88700e+01   2.10000e+00  
     2022         3        15         7        24        46        156       7100       5362 1647329086.000   1647329086.000    6.30000e+02     -90.00      45.00   2.40500e+02   3.15500e+02      863.1       54.9   1.35000e+00   2.37000e-02     1           1.66700e+01   2.11900e+00  
     2022         3        15         7        27        10        157       7100       5362 1647329230.000   1647329230.000    6.30000e+02       0.00      90.00   2.40500e+02   3.15500e+02      845.9       43.7           nan           nan     1           2.02800e+01   2.14000e+00  
     2022         3        15         7        29        34        158       7100       5362 1647329374.000   1647329374.000    6.30000e+02       0.00      45.00   2.40500e+02   3.15500e+02      884.5       46.7   2.13500e+01   3.51500e-01     1           2.32800e+01   2.46300e+00  
     2022         3        15         7        31        58        159       7100       5362 1647329518.000   1647329518.000    6.30000e+02      90.00      45.00   2.40500e+02   3.15500e+02      865.9       49.2   3.40700e+01   5.77200e-01     1           1.88300e+01   2.15900e+00  
     2022         3        15         7        34        22        160       7100       5362 1647329662.000   1647329662.000    6.30000e+02     180.00      45.00   2.40500e+02   3.15500e+02      843.1       50.6   2.17900e+01   3.85100e-01     1           1.72700e+01   2.08800e+00  
     2022         3        15         7        36        46        161       7100       5362 1647329806.000   1647329806.000    6.30000e+02     -90.00      45.00   2.40500e+02   3.15500e+02      874.0       74.9   2.63800e+01   5.93300e-01     2           1.38300e+01   2.29800e+00  
     2022         3        15         7        42        46        162       7100       5362 1647330166.000   1647330166.000    6.30000e+02       0.00      90.00   2.40500e+02   3.15500e+02      905.8       49.5           nan           nan     1           2.13600e+01   2.34200e+00  
     2022         3        15         7        45        10        163       7100       5362 1647330310.000   1647330310.000    6.30000e+02       0.00      45.00   2.40500e+02   3.15500e+02      903.5       53.1   2.90100e+01   5.11800e-01     2           2.08200e+01   2.43000e+00  
     2022         3        15         7        48        10        164       7100       5362 1647330490.000   1647330490.000    6.30000e+02      90.00      45.00   2.40500e+02   3.15500e+02      860.9       46.5   1.91000e+01   3.14700e-01     1           2.07400e+01   2.26300e+00  
     2022         3        15         7        50        34        165       7100       5362 1647330634.000   1647330634.000    6.30000e+02     180.00      45.00   2.40500e+02   3.15500e+02      850.8       44.6   1.46300e+01   2.26400e-01     1           2.19700e+01   2.32600e+00  
     2022         3        15         7        52        58        166       7100       5362 1647330778.000   1647330778.000    6.30000e+02     -90.00      45.00   2.40500e+02   3.15500e+02      946.3       50.8   1.68400e+01   2.63200e-01     2           2.50800e+01   2.67000e+00  
     2022         3        15         7        55        22        167       7100       5362 1647330922.000   1647330922.000    6.30000e+02       0.00      90.00   2.40500e+02   3.15500e+02      869.2       35.5           nan           nan     1           3.04100e+01   2.55600e+00  
     2022         3        15         7        57        46        168       7100       5362 1647331066.000   1647331066.000    6.30000e+02       0.00      45.00   2.40500e+02   3.15500e+02      880.7       33.1  -9.20000e-01   1.09000e-02     1           3.51500e+01   2.72400e+00  
     2022         3        15         8         0        10        169       7100       5362 1647331210.000   1647331210.000    6.30000e+02      90.00      45.00   2.39500e+02   3.14500e+02      861.7       21.0   2.54500e+01   2.37200e-01     1           5.90700e+01   3.10300e+00  
     2022         3        15         8         2        34        170       7100       5362 1647331354.000   1647331354.000    6.30000e+02     180.00      45.00   2.39500e+02   3.14500e+02      856.9       26.7  -2.10600e+01   2.12000e-01     1           4.32900e+01   2.83900e+00  
     2022         3        15         8         5        34        171       7100       5362 1647331534.000   1647331534.000    6.30000e+02     -90.00      45.00   2.39500e+02   3.14500e+02      906.7       34.9  -4.58000e+00   5.17000e-02     1           4.44500e+01   3.42100e+00  
     2022         3        15         8        11        34        172       7100       5362 1647331894.000   1647331894.000    6.30000e+02       0.00      90.00   2.39500e+02   3.14500e+02      843.0       23.6           nan           nan     1           6.15600e+01   3.56500e+00  
     2022         3        15         8        13        58        173       7100       5362 1647332038.000   1647332038.000    6.30000e+02       0.00      45.00   2.39500e+02   3.14500e+02      863.4       20.4   2.02900e+01   1.56900e-01     1           8.15500e+01   4.00400e+00  
     2022         3        15         8        16        22        174       7100       5362 1647332182.000   1647332182.000    6.30000e+02      90.00      45.00   2.39500e+02   3.14500e+02      860.5       14.2   3.24200e+01   2.10600e-01     1           1.71210e+02   5.86600e+00  
     2022         3        15         8        18        46        175       7100       5362 1647332326.000   1647332326.000    6.30000e+02     180.00      45.00   2.39500e+02   3.14500e+02      884.0       18.5   2.45200e+01   1.73900e-01     1           1.22030e+02   5.21600e+00  
     2022         3        15         8        21        10        176       7100       5362 1647332470.000   1647332470.000    6.30000e+02     -90.00      45.00   2.39500e+02   3.14500e+02      973.1       24.3   8.61000e+00   6.75000e-02     2           1.24040e+02   6.09100e+00  
     2022         3        15         8        23        34        177       7100       5362 1647332614.000   1647332614.000    6.30000e+02       0.00      90.00   2.39500e+02   3.14500e+02      986.1       20.0           nan           nan     2           1.80230e+02   7.22000e+00  
     2022         3        15         8        25        58        178       7100       5362 1647332758.000   1647332758.000    6.30000e+02       0.00      45.00   2.39500e+02   3.14500e+02     1042.9       18.9   2.64300e+01   1.74500e-01     2           2.54460e+02   9.00900e+00  
