   YEAR     MONTH      DAY       HOUR      MIN       SEC       RECNO     KINDAT      KINST       UT1_UNIX        UT2_UNIX        WAVLEN        AZM        ELM         ALTB          ALTE         TN         DTN        VNHLU         DVNHLU     FPI_DATAQUAL      RLE           DRLE     
     2022         3        16        22        19        22          0       7100       5362 1647469162.000   1647469162.000    6.30000e+02     180.00      45.00   2.13500e+02   2.88500e+02      999.3        8.9   1.50400e+01   4.94000e-02     2           4.28220e+02   8.24700e+00  
     2022         3        16        22        28        58          1       7100       5362 1647469738.000   1647469738.000    6.30000e+02      90.00      45.00   2.13500e+02   2.88500e+02      987.0        9.0   1.50200e+01   5.00000e-02     2           4.83610e+02   9.31700e+00  
     2022         3        16        22        31        58          2       7100       5362 1647469918.000   1647469918.000    6.30000e+02     180.00      45.00   2.13500e+02   2.88500e+02      989.5       10.3   1.37100e+01   4.82000e-02     2           3.72950e+02   8.18100e+00  
     2022         3        16        22        34        22          3       7100       5362 1647470062.000   1647470062.000    6.30000e+02     -90.00      45.00   2.13500e+02   2.88500e+02      984.0        9.4  -2.15000e+01   7.28000e-02     2           4.43330e+02   8.89000e+00  
     2022         3        16        22        45        10          4       7100       5362 1647470710.000   1647470710.000    6.30000e+02      90.00      45.00   2.13500e+02   2.88500e+02      986.9       10.0   1.68900e+01   5.91000e-02     2           4.49030e+02   9.43400e+00  
     2022         3        16        22        47        34          5       7100       5362 1647470854.000   1647470854.000    6.30000e+02     180.00      45.00   2.13500e+02   2.88500e+02     1004.5       15.4   2.51900e+01   1.09600e-01     2           2.12600e+02   6.69800e+00  
     2022         3        16        22        49        58          6       7100       5362 1647470998.000   1647470998.000    6.30000e+02     -90.00      45.00   2.13500e+02   2.88500e+02      995.1       11.7  -1.63700e+01   6.12000e-02     2           3.27830e+02   7.99300e+00  
     2022         3        16        22        52        22          7       7100       5362 1647471142.000   1647471142.000    6.30000e+02       0.00      90.00   2.13500e+02   2.88500e+02     1007.4       12.7           nan           nan     2           3.03440e+02   7.88900e+00  
     2022         3        16        22        55        22          8       7100       5362 1647471322.000   1647471322.000    6.30000e+02       0.00      45.00   2.13500e+02   2.88500e+02      978.6        9.9  -3.59000e+00   1.30000e-02     2           4.42060e+02   9.27300e+00  
     2022         3        16        22        57        46          9       7100       5362 1647471466.000   1647471466.000    6.30000e+02      90.00      45.00   2.13500e+02   2.88500e+02      992.8       13.4   2.05400e+01   8.85000e-02     2           2.83560e+02   7.81000e+00  
     2022         3        16        23         0        10         10       7100       5362 1647471610.000   1647471610.000    6.30000e+02     180.00      45.00   2.23500e+02   2.98500e+02     1024.7       19.9   1.87300e+01   1.01700e-01     2           1.54410e+02   6.04100e+00  
     2022         3        16        23         2        34         11       7100       5362 1647471754.000   1647471754.000    6.30000e+02     -90.00      45.00   2.23500e+02   2.98500e+02      989.2       12.5  -8.17000e+00   3.63000e-02     2           3.04540e+02   7.89800e+00  
     2022         3        16        23         8        34         12       7100       5362 1647472114.000   1647472114.000    6.30000e+02       0.00      90.00   2.23500e+02   2.98500e+02     1020.2       18.1           nan           nan     2           1.84310e+02   6.60500e+00  
     2022         3        16        23        10        58         13       7100       5362 1647472258.000   1647472258.000    6.30000e+02       0.00      45.00   2.23500e+02   2.98500e+02      976.6       11.7  -1.78700e+01   8.33000e-02     2           3.31710e+02   8.18100e+00  
     2022         3        16        23        13        22         14       7100       5362 1647472402.000   1647472402.000    6.30000e+02      90.00      45.00   2.23500e+02   2.98500e+02     1011.0       17.8   1.59000e+01   8.97000e-02     2           1.87510e+02   6.64900e+00  
     2022         3        16        23        15        46         15       7100       5362 1647472546.000   1647472546.000    6.30000e+02     180.00      45.00   2.23500e+02   2.98500e+02     1077.3       25.2   1.52900e+01   1.02800e-01     2           1.21440e+02   5.65900e+00  
     2022         3        16        23        18        10         16       7100       5362 1647472690.000   1647472690.000    6.30000e+02     -90.00      45.00   2.23500e+02   2.98500e+02     1036.7       16.2  -7.08000e+00   3.85000e-02     2           2.59660e+02   8.10600e+00  
     2022         3        16        23        21        10         17       7100       5362 1647472870.000   1647472870.000    6.30000e+02       0.00      90.00   2.23500e+02   2.98500e+02     1009.6       18.7           nan           nan     2           1.78870e+02   6.65700e+00  
     2022         3        16        23        23        34         18       7100       5362 1647473014.000   1647473014.000    6.30000e+02       0.00      45.00   2.23500e+02   2.98500e+02      975.1       11.4  -7.97000e+00   3.88000e-02     2           3.33510e+02   8.08000e+00  
     2022         3        16        23        25        58         19       7100       5362 1647473158.000   1647473158.000    6.30000e+02      90.00      45.00   2.23500e+02   2.98500e+02     1042.2       21.2   2.46800e+01   1.60000e-01     2           1.52120e+02   6.19700e+00  
     2022         3        16        23        28        22         20       7100       5362 1647473302.000   1647473302.000    6.30000e+02     180.00      45.00   2.23500e+02   2.98500e+02     1119.7       31.5   3.00200e+01   2.46400e-01     2           9.95400e+01   5.48900e+00  
     2022         3        16        23        30        46         21       7100       5362 1647473446.000   1647473446.000    6.30000e+02     -90.00      45.00   2.23500e+02   2.98500e+02     1025.1       18.4  -1.55200e+01   9.92000e-02     2           2.02270e+02   7.25000e+00  
     2022         3        16        23        36        46         22       7100       5362 1647473806.000   1647473806.000    6.30000e+02       0.00      90.00   2.23500e+02   2.98500e+02     1078.0       25.4           nan           nan     2           1.42830e+02   6.60300e+00  
     2022         3        16        23        39        10         23       7100       5362 1647473950.000   1647473950.000    6.30000e+02       0.00      45.00   2.23500e+02   2.98500e+02     1005.5       15.6  -1.68700e+01   1.09800e-01     2           2.44420e+02   7.63800e+00  
     2022         3        16        23        41        34         24       7100       5362 1647474094.000   1647474094.000    6.30000e+02      90.00      45.00   2.23500e+02   2.98500e+02     1092.8       27.7  -1.06200e+01   9.00000e-02     2           1.22010e+02   6.06100e+00  
     2022         3        16        23        44        34         25       7100       5362 1647474274.000   1647474274.000    6.30000e+02     180.00      45.00   2.23500e+02   2.98500e+02     1161.1       39.3   1.44100e+01   1.47500e-01     2           8.30000e+01   5.43200e+00  
     2022         3        16        23        46        58         26       7100       5362 1647474418.000   1647474418.000    6.30000e+02     -90.00      45.00   2.23500e+02   2.98500e+02     1149.2       34.2  -2.77900e+01   2.71700e-01     2           1.09520e+02   6.29100e+00  
     2022         3        16        23        49        22         27       7100       5362 1647474562.000   1647474562.000    6.30000e+02       0.00      90.00   2.23500e+02   2.98500e+02     1131.9       32.0           nan           nan     2           1.15030e+02   6.29500e+00  
     2022         3        16        23        51        46         28       7100       5362 1647474706.000   1647474706.000    6.30000e+02       0.00      45.00   2.23500e+02   2.98500e+02     1025.0       17.3  -3.13000e+00   2.41000e-02     2           2.42430e+02   8.12300e+00  
     2022         3        16        23        54        10         29       7100       5362 1647474850.000   1647474850.000    6.30000e+02      90.00      45.00   2.23500e+02   2.98500e+02     1166.7       34.3   1.18700e+01   1.21000e-01     2           1.05180e+02   5.99800e+00  
     2022         3        16        23        56        34         30       7100       5362 1647474994.000   1647474994.000    6.30000e+02     180.00      45.00   2.23500e+02   2.98500e+02     1175.1       41.3   3.09300e+01   3.54400e-01     2           8.49900e+01   5.73000e+00  
     2022         3        16        23        58        58         31       7100       5362 1647475138.000   1647475138.000    6.30000e+02     -90.00      45.00   2.31500e+02   3.06500e+02     1213.8       39.3   1.54900e+01   1.73700e-01     2           1.01100e+02   6.27500e+00  
     2022         3        17         0         4        58         32       7100       5362 1647475498.000   1647475498.000    6.30000e+02       0.00      90.00   2.31500e+02   3.06500e+02     1243.3       40.0           nan           nan     2           1.04080e+02   6.40700e+00  
     2022         3        17         0         7        58         33       7100       5362 1647475678.000   1647475678.000    6.30000e+02       0.00      45.00   2.31500e+02   3.06500e+02     1150.9       29.4   7.69000e+00   7.94000e-02     2           1.45580e+02   7.17900e+00  
     2022         3        17         0        10        22         34       7100       5362 1647475822.000   1647475822.000    6.30000e+02      90.00      45.00   2.31500e+02   3.06500e+02     1241.4       48.7   1.80400e+01   2.36100e-01     2           7.45000e+01   5.57000e+00  
     2022         3        17         0        12        46         35       7100       5362 1647475966.000   1647475966.000    6.30000e+02     180.00      45.00   2.31500e+02   3.06500e+02     1347.7       63.0   3.39400e+01   5.14700e-01     2           6.01400e+01   5.31200e+00  
     2022         3        17         0        17        34         36       7100       5362 1647476254.000   1647476254.000    6.30000e+02       0.00      90.00   2.31500e+02   3.06500e+02     1248.6       45.6           nan           nan     2           8.78800e+01   6.11600e+00  
     2022         3        17         0        19        58         37       7100       5362 1647476398.000   1647476398.000    6.30000e+02       0.00      45.00   2.31500e+02   3.06500e+02     1243.2       51.6   2.23600e+01   3.15200e-01     2           7.90500e+01   6.20200e+00  
     2022         3        17         0        25        22         38       7100       5362 1647476722.000   1647476722.000    6.30000e+02     180.00      45.00   2.31500e+02   3.06500e+02     1239.4       49.9   2.91200e+01   3.89000e-01     2           7.76400e+01   5.92900e+00  
     2022         3        17         0        33        46         39       7100       5362 1647477226.000   1647477226.000    6.30000e+02       0.00      90.00   2.31500e+02   3.06500e+02     1256.8       39.4           nan           nan     2           1.22080e+02   7.26800e+00  
     2022         3        17         0        36        10         40       7100       5362 1647477370.000   1647477370.000    6.30000e+02       0.00      45.00   2.31500e+02   3.06500e+02     1203.8       36.8   2.01200e+01   2.20000e-01     2           1.22480e+02   7.14900e+00  
     2022         3        17         0        38        34         41       7100       5362 1647477514.000   1647477514.000    6.30000e+02      90.00      45.00   2.31500e+02   3.06500e+02     1290.1       47.7   3.02800e+01   3.69600e-01     2           9.72500e+01   6.79500e+00  
     2022         3        17         0        40        58         42       7100       5362 1647477658.000   1647477658.000    6.30000e+02     180.00      45.00   2.31500e+02   3.06500e+02     1267.9       46.3   7.56000e+00   9.15000e-02     2           1.00920e+02   6.96300e+00  
     2022         3        17         0        43        22         43       7100       5362 1647477802.000   1647477802.000    6.30000e+02     -90.00      45.00   2.31500e+02   3.06500e+02     1093.3       25.3   8.12000e+00   7.60000e-02     2           1.65530e+02   7.44600e+00  
     2022         3        17         0        45        46         44       7100       5362 1647477946.000   1647477946.000    6.30000e+02       0.00      90.00   2.31500e+02   3.06500e+02     1167.7       34.9           nan           nan     2           1.34340e+02   7.65500e+00  
     2022         3        17         0        48        46         45       7100       5362 1647478126.000   1647478126.000    6.30000e+02       0.00      45.00   2.31500e+02   3.06500e+02     1239.2       35.4   8.18000e+00   8.57000e-02     2           1.56110e+02   8.45800e+00  
     2022         3        17         0        51        10         46       7100       5362 1647478270.000   1647478270.000    6.30000e+02      90.00      45.00   2.31500e+02   3.06500e+02     1271.3       47.1  -1.20900e+01   1.44400e-01     2           1.04570e+02   7.29600e+00  
     2022         3        17         0        53        34         47       7100       5362 1647478414.000   1647478414.000    6.30000e+02     180.00      45.00   2.31500e+02   3.06500e+02     1180.0       40.7   2.58000e+01   2.93000e-01     2           1.07210e+02   7.02500e+00  
     2022         3        17         0        55        58         48       7100       5362 1647478558.000   1647478558.000    6.30000e+02     -90.00      45.00   2.31500e+02   3.06500e+02     1043.1       20.3   3.15000e+00   2.65000e-02     2           1.85490e+02   7.16600e+00  
     2022         3        17         1         1        58         49       7100       5362 1647478918.000   1647478918.000    6.30000e+02       0.00      90.00   2.37500e+02   3.12500e+02     1162.9       33.8           nan           nan     2           1.47700e+02   8.15900e+00  
     2022         3        17         1         9        10         50       7100       5362 1647479350.000   1647479350.000    6.30000e+02     180.00      45.00   2.37500e+02   3.12500e+02     1198.8       40.6   3.99200e+01   4.55600e-01     2           1.13730e+02   7.29700e+00  
     2022         3        17         1        12        10         51       7100       5362 1647479530.000   1647479530.000    6.30000e+02     -90.00      45.00   2.37500e+02   3.12500e+02     1241.3       43.7   2.60100e+01   3.04900e-01     2           1.11770e+02   7.43300e+00  
     2022         3        17         1        14        34         52       7100       5362 1647479674.000   1647479674.000    6.30000e+02       0.00      90.00   2.37500e+02   3.12500e+02     1205.7       37.8           nan           nan     2           1.37180e+02   8.13500e+00  
     2022         3        17         1        19        22         53       7100       5362 1647479962.000   1647479962.000    6.30000e+02      90.00      45.00   2.37500e+02   3.12500e+02     1211.8       38.5   3.61900e+01   3.94800e-01     2           1.31240e+02   7.89600e+00  
     2022         3        17         1        21        46         54       7100       5362 1647480106.000   1647480106.000    6.30000e+02     180.00      45.00   2.37500e+02   3.12500e+02     1099.5       32.4   3.01500e+01   3.06000e-01     2           1.27040e+02   7.17100e+00  
     2022         3        17         1        24        10         55       7100       5362 1647480250.000   1647480250.000    6.30000e+02     -90.00      45.00   2.37500e+02   3.12500e+02     1152.7       33.9   1.87000e+00   1.91000e-02     2           1.35870e+02   7.62700e+00  
     2022         3        17         1        30        10         56       7100       5362 1647480610.000   1647480610.000    6.30000e+02       0.00      90.00   2.37500e+02   3.12500e+02     1080.2       29.7           nan           nan     2           1.44740e+02   7.62600e+00  
     2022         3        17         1        34        58         57       7100       5362 1647480898.000   1647480898.000    6.30000e+02      90.00      45.00   2.37500e+02   3.12500e+02     1112.3       29.8   4.67900e+01   4.24100e-01     2           1.51820e+02   7.79400e+00  
     2022         3        17         1        37        58         58       7100       5362 1647481078.000   1647481078.000    6.30000e+02     180.00      45.00   2.37500e+02   3.12500e+02     1051.5       25.0   2.01800e+01   1.70200e-01     2           1.49240e+02   6.93700e+00  
     2022         3        17         1        40        22         59       7100       5362 1647481222.000   1647481222.000    6.30000e+02     -90.00      45.00   2.37500e+02   3.12500e+02     1091.6       27.9  -2.21600e+01   1.96500e-01     2           1.65080e+02   8.11000e+00  
     2022         3        17         1        42        46         60       7100       5362 1647481366.000   1647481366.000    6.30000e+02       0.00      90.00   2.37500e+02   3.12500e+02     1084.5       27.8           nan           nan     2           1.60750e+02   7.91100e+00  
     2022         3        17         1        47        34         61       7100       5362 1647481654.000   1647481654.000    6.30000e+02      90.00      45.00   2.37500e+02   3.12500e+02     1057.1       25.6   5.42100e+01   4.45800e-01     2           1.60360e+02   7.52000e+00  
     2022         3        17         1        49        58         62       7100       5362 1647481798.000   1647481798.000    6.30000e+02     180.00      45.00   2.37500e+02   3.12500e+02      954.4       20.0  -5.91000e+00   4.36000e-02     2           1.50770e+02   6.31600e+00  
     2022         3        17         1        52        22         63       7100       5362 1647481942.000   1647481942.000    6.30000e+02     -90.00      45.00   2.37500e+02   3.12500e+02     1113.7       28.6  -2.45100e+01   2.05500e-01     2           1.64230e+02   8.10100e+00  
     2022         3        17         1        58        22         64       7100       5362 1647482302.000   1647482302.000    6.30000e+02       0.00      90.00   2.37500e+02   3.12500e+02     1013.1       23.3           nan           nan     2           1.59110e+02   7.14000e+00  
     2022         3        17         2         3        46         65       7100       5362 1647482626.000   1647482626.000    6.30000e+02      90.00      45.00   2.42500e+02   3.17500e+02      995.5       22.6   6.20700e+01   4.72200e-01     2           1.52870e+02   6.81900e+00  
     2022         3        17         2         6        10         66       7100       5362 1647482770.000   1647482770.000    6.30000e+02     180.00      45.00   2.42500e+02   3.17500e+02      918.8       18.6  -1.77000e+01   1.26100e-01     2           1.40420e+02   5.74300e+00  
     2022         3        17         2         8        34         67       7100       5362 1647482914.000   1647482914.000    6.30000e+02     -90.00      45.00   2.42500e+02   3.17500e+02     1005.0       21.4  -4.22800e+01   3.19100e-01     2           1.78470e+02   7.44800e+00  
     2022         3        17         2        10        58         68       7100       5362 1647483058.000   1647483058.000    6.30000e+02       0.00      90.00   2.42500e+02   3.17500e+02      991.0       25.2           nan           nan     2           1.32410e+02   6.58400e+00  
     2022         3        17         2        15        46         69       7100       5362 1647483346.000   1647483346.000    6.30000e+02      90.00      45.00   2.42500e+02   3.17500e+02      986.5       24.2   6.87100e+01   5.83800e-01     2           1.28790e+02   6.21700e+00  
     2022         3        17         2        18        46         70       7100       5362 1647483526.000   1647483526.000    6.30000e+02     180.00      45.00   2.42500e+02   3.17500e+02      976.0       23.5  -2.33600e+01   2.00800e-01     2           1.22760e+02   5.84800e+00  
     2022         3        17         2        21        10         71       7100       5362 1647483670.000   1647483670.000    6.30000e+02     -90.00      45.00   2.42500e+02   3.17500e+02      999.5       21.9  -4.88900e+01   4.15600e-01     2           1.60970e+02   6.95000e+00  
     2022         3        17         2        27        10         72       7100       5362 1647484030.000   1647484030.000    6.30000e+02       0.00      90.00   2.42500e+02   3.17500e+02     1042.8       33.4           nan           nan     2           1.03830e+02   6.39500e+00  
     2022         3        17         2        31        58         73       7100       5362 1647484318.000   1647484318.000    6.30000e+02      90.00      45.00   2.42500e+02   3.17500e+02     1077.9       34.5   6.54700e+01   7.12900e-01     2           9.57400e+01   5.91000e+00  
     2022         3        17         2        34        22         74       7100       5362 1647484462.000   1647484462.000    6.30000e+02     180.00      45.00   2.42500e+02   3.17500e+02     1087.7       35.5  -3.98000e+01   4.35300e-01     2           9.60400e+01   6.03900e+00  
     2022         3        17         2        36        46         75       7100       5362 1647484606.000   1647484606.000    6.30000e+02     -90.00      45.00   2.42500e+02   3.17500e+02     1099.9       30.8  -6.79000e+01   6.97300e-01     2           1.30430e+02   7.03900e+00  
     2022         3        17         2        49        22         76       7100       5362 1647485362.000   1647485362.000    6.30000e+02     -90.00      45.00   2.42500e+02   3.17500e+02     1183.6       42.9  -5.12800e+01   6.16500e-01     2           1.04920e+02   7.19700e+00  
     2022         3        17         3        43        22         77       7100       5362 1647488602.000   1647488602.000    6.30000e+02     180.00      45.00   2.45500e+02   3.20500e+02     1292.9       63.8  -4.54800e+01   6.83000e-01     2           5.06600e+01   4.74100e+00  
     2022         3        17         3        57        10         78       7100       5362 1647489430.000   1647489430.000    6.30000e+02      90.00      45.00   2.45500e+02   3.20500e+02     1180.7       61.7   3.18700e+01   4.94100e-01     2           5.08300e+01   5.03000e+00  
     2022         3        17         4         9        10         79       7100       5362 1647490150.000   1647490150.000    6.30000e+02      90.00      45.00   2.44500e+02   3.19500e+02     1068.5       46.8   2.71400e+01   3.66700e-01     2           4.87900e+01   4.14100e+00  
     2022         3        17         4        11        34         80       7100       5362 1647490294.000   1647490294.000    6.30000e+02     180.00      45.00   2.44500e+02   3.19500e+02     1171.7       53.2  -3.49900e+01   4.93500e-01     2           5.95900e+01   5.14500e+00  
     2022         3        17         4        25        22         81       7100       5362 1647491122.000   1647491122.000    6.30000e+02      90.00      45.00   2.44500e+02   3.19500e+02      996.9       33.6   6.64900e+01   7.70400e-01     2           5.69000e+01   3.83200e+00  
     2022         3        17         4        27        46         82       7100       5362 1647491266.000   1647491266.000    6.30000e+02     180.00      45.00   2.44500e+02   3.19500e+02     1041.0       36.0  -2.85000e+01   3.36300e-01     2           6.48300e+01   4.41200e+00  
     2022         3        17         4        37        58         83       7100       5362 1647491878.000   1647491878.000    6.30000e+02      90.00      45.00   2.44500e+02   3.19500e+02      934.1       27.6   8.11200e+01   8.74200e-01     2           6.41900e+01   3.84300e+00  
     2022         3        17         4        40        22         84       7100       5362 1647492022.000   1647492022.000    6.30000e+02     180.00      45.00   2.44500e+02   3.19500e+02     1087.3       39.8  -4.29800e+01   5.32800e-01     2           6.84100e+01   4.85900e+00  
     2022         3        17         4        53        34         85       7100       5362 1647492814.000   1647492814.000    6.30000e+02      90.00      45.00   2.44500e+02   3.19500e+02      925.2       24.7   8.63600e+01   8.98600e-01     2           7.16500e+01   3.91900e+00  
     2022         3        17         4        55        58         86       7100       5362 1647492958.000   1647492958.000    6.30000e+02     180.00      45.00   2.44500e+02   3.19500e+02     1251.1       56.7   3.54000e+00   5.08000e-02     2           6.29400e+01   5.39900e+00  
     2022         3        17         5         1        22         87       7100       5362 1647493282.000   1647493282.000    6.30000e+02       0.00      90.00   2.41500e+02   3.16500e+02     1061.7       39.6           nan           nan     2           6.10600e+01   4.45500e+00  
     2022         3        17         5         6        10         88       7100       5362 1647493570.000   1647493570.000    6.30000e+02      90.00      45.00   2.41500e+02   3.16500e+02      924.6       23.2   7.93100e+01   7.97600e-01     2           7.70100e+01   3.98600e+00  
     2022         3        17         5         8        34         89       7100       5362 1647493714.000   1647493714.000    6.30000e+02     180.00      45.00   2.41500e+02   3.16500e+02      970.2       29.2  -1.37800e+01   1.51800e-01     2           7.25000e+01   4.35200e+00  
     2022         3        17         5        19        22         90       7100       5362 1647494362.000   1647494362.000    6.30000e+02       0.00      45.00   2.41500e+02   3.16500e+02     1108.6       35.9   6.30000e+00   7.27000e-02     2           9.61300e+01   6.00900e+00  
     2022         3        17         5        21        46         91       7100       5362 1647494506.000   1647494506.000    6.30000e+02      90.00      45.00   2.41500e+02   3.16500e+02      903.5       22.6   5.40500e+01   5.17000e-01     2           7.79000e+01   4.01900e+00  
     2022         3        17         5        24        46         92       7100       5362 1647494686.000   1647494686.000    6.30000e+02     180.00      45.00   2.41500e+02   3.16500e+02      963.5       28.0  -7.85000e+00   8.11000e-02     2           7.87200e+01   4.56300e+00  
     2022         3        17         5        29        34         93       7100       5362 1647494974.000   1647494974.000    6.30000e+02       0.00      90.00   2.41500e+02   3.16500e+02     1052.6       34.5           nan           nan     2           7.83500e+01   5.02100e+00  
     2022         3        17         5        31        58         94       7100       5362 1647495118.000   1647495118.000    6.30000e+02       0.00      45.00   2.41500e+02   3.16500e+02     1131.1       36.3  -1.18300e+01   1.33400e-01     2           1.04400e+02   6.44500e+00  
     2022         3        17         5        34        22         95       7100       5362 1647495262.000   1647495262.000    6.30000e+02      90.00      45.00   2.41500e+02   3.16500e+02     1120.7       38.2   3.57500e+01   4.02700e-01     2           8.07000e+01   5.32400e+00  
     2022         3        17         5        36        46         96       7100       5362 1647495406.000   1647495406.000    6.30000e+02     180.00      45.00   2.41500e+02   3.16500e+02      959.2       26.0   1.14500e+01   1.09000e-01     2           8.49800e+01   4.61900e+00  
     2022         3        17         5        39        10         97       7100       5362 1647495550.000   1647495550.000    6.30000e+02     -90.00      45.00   2.41500e+02   3.16500e+02     1144.5       34.8  -5.17800e+01   5.38900e-01     2           1.22130e+02   7.10500e+00  
     2022         3        17         5        45        10         98       7100       5362 1647495910.000   1647495910.000    6.30000e+02       0.00      90.00   2.41500e+02   3.16500e+02      969.9       29.0           nan           nan     2           7.83800e+01   4.64800e+00  
     2022         3        17         5        48        10         99       7100       5362 1647496090.000   1647496090.000    6.30000e+02       0.00      45.00   2.41500e+02   3.16500e+02     1033.4       29.5   5.70000e+00   5.50000e-02     2           1.01840e+02   5.68300e+00  
     2022         3        17         5        50        34        100       7100       5362 1647496234.000   1647496234.000    6.30000e+02      90.00      45.00   2.41500e+02   3.16500e+02      940.0       26.6   5.22300e+01   5.00500e-01     2           7.60800e+01   4.33500e+00  
     2022         3        17         5        52        58        101       7100       5362 1647496378.000   1647496378.000    6.30000e+02     180.00      45.00   2.41500e+02   3.16500e+02      955.2       24.5   1.93900e+01   1.79500e-01     2           8.37600e+01   4.36900e+00  
     2022         3        17         5        57        46        102       7100       5362 1647496666.000   1647496666.000    6.30000e+02       0.00      90.00   2.41500e+02   3.16500e+02      999.5       32.4           nan           nan     2           6.81200e+01   4.37000e+00  
     2022         3        17         6         0        10        103       7100       5362 1647496810.000   1647496810.000    6.30000e+02       0.00      45.00   2.39500e+02   3.14500e+02      990.5       31.4   2.78100e+01   3.01800e-01     2           8.17900e+01   5.08600e+00  
     2022         3        17         6         2        34        104       7100       5362 1647496954.000   1647496954.000    6.30000e+02      90.00      45.00   2.39500e+02   3.14500e+02      931.7       27.0   6.94200e+01   7.22700e-01     2           6.18900e+01   3.66300e+00  
     2022         3        17         6         5        34        105       7100       5362 1647497134.000   1647497134.000    6.30000e+02     180.00      45.00   2.39500e+02   3.14500e+02      927.4       27.5  -5.64700e+01   6.12100e-01     2           6.75200e+01   4.04000e+00  
     2022         3        17         6         7        58        106       7100       5362 1647497278.000   1647497278.000    6.30000e+02     -90.00      45.00   2.39500e+02   3.14500e+02     1235.1       44.2  -7.07700e+01   9.13200e-01     2           1.05380e+02   7.12700e+00  
     2022         3        17         6        13        58        107       7100       5362 1647497638.000   1647497638.000    6.30000e+02       0.00      90.00   2.39500e+02   3.14500e+02     1029.0       42.2           nan           nan     2           5.10900e+01   4.09400e+00  
     2022         3        17         6        16        22        108       7100       5362 1647497782.000   1647497782.000    6.30000e+02       0.00      45.00   2.39500e+02   3.14500e+02     1001.7       38.2   1.92500e+01   2.58300e-01     2           5.63700e+01   4.21100e+00  
     2022         3        17         6        18        46        109       7100       5362 1647497926.000   1647497926.000    6.30000e+02      90.00      45.00   2.39500e+02   3.14500e+02      956.8       37.0   5.22000e+01   7.06300e-01     2           4.57700e+01   3.52300e+00  
     2022         3        17         6        21        46        110       7100       5362 1647498106.000   1647498106.000    6.30000e+02     180.00      45.00   2.39500e+02   3.14500e+02      965.8       33.3   5.50000e-01   7.10000e-03     2           5.05900e+01   3.51400e+00  
     2022         3        17         6        24        10        111       7100       5362 1647498250.000   1647498250.000    6.30000e+02     -90.00      45.00   2.39500e+02   3.14500e+02     1332.1       56.4  -7.41800e+01   1.14200e+00     2           7.61000e+01   6.07100e+00  
     2022         3        17         6        26        34        112       7100       5362 1647498394.000   1647498394.000    6.30000e+02       0.00      90.00   2.39500e+02   3.14500e+02     1006.5       46.1           nan           nan     2           3.66300e+01   3.31000e+00  
     2022         3        17         6        28        58        113       7100       5362 1647498538.000   1647498538.000    6.30000e+02       0.00      45.00   2.39500e+02   3.14500e+02     1160.8       52.5   2.88200e+01   4.54300e-01     2           4.74200e+01   4.14100e+00  
     2022         3        17         6        31        22        114       7100       5362 1647498682.000   1647498682.000    6.30000e+02      90.00      45.00   2.39500e+02   3.14500e+02      929.6       41.2   4.99500e+01   7.57300e-01     2           3.45100e+01   3.04900e+00  
     2022         3        17         6        33        46        115       7100       5362 1647498826.000   1647498826.000    6.30000e+02     180.00      45.00   2.39500e+02   3.14500e+02      922.4       37.0  -3.41400e+01   4.99500e-01     2           3.84300e+01   3.09700e+00  
     2022         3        17         6        36        10        116       7100       5362 1647498970.000   1647498970.000    6.30000e+02     -90.00      45.00   2.39500e+02   3.14500e+02     1265.8       60.2  -7.47800e+01   1.30910e+00     2           5.94900e+01   5.34400e+00  
     2022         3        17         6        42        10        117       7100       5362 1647499330.000   1647499330.000    6.30000e+02       0.00      90.00   2.39500e+02   3.14500e+02     1006.9       55.9           nan           nan     2           2.76700e+01   3.00600e+00  
     2022         3        17         6        44        34        118       7100       5362 1647499474.000   1647499474.000    6.30000e+02       0.00      45.00   2.39500e+02   3.14500e+02     1142.1       59.0   5.31100e+01   1.00120e+00     2           3.61000e+01   3.61100e+00  
     2022         3        17         6        47        34        119       7100       5362 1647499654.000   1647499654.000    6.30000e+02      90.00      45.00   2.39500e+02   3.14500e+02      963.7       48.1   6.18000e+01   1.08070e+00     2           2.73500e+01   2.72200e+00  
     2022         3        17         6        49        58        120       7100       5362 1647499798.000   1647499798.000    6.30000e+02     180.00      45.00   2.39500e+02   3.14500e+02     1028.1       49.0  -3.58600e+01   6.31900e-01     2           2.94400e+01   2.79800e+00  
     2022         3        17         6        54        46        121       7100       5362 1647500086.000   1647500086.000    6.30000e+02       0.00      90.00   2.39500e+02   3.14500e+02      973.5       58.2           nan           nan     2           2.15200e+01   2.53800e+00  
     2022         3        17         6        57        10        122       7100       5362 1647500230.000   1647500230.000    6.30000e+02       0.00      45.00   2.39500e+02   3.14500e+02     1130.9       67.2   4.31700e+01   9.01800e-01     2           3.03000e+01   3.46400e+00  
     2022         3        17         6        59        34        123       7100       5362 1647500374.000   1647500374.000    6.30000e+02      90.00      45.00   2.39500e+02   3.14500e+02      955.6       51.2   3.90400e+01   7.59500e-01     2           2.41000e+01   2.57200e+00  
     2022         3        17         7         2        34        124       7100       5362 1647500554.000   1647500554.000    6.30000e+02     180.00      45.00   2.39500e+02   3.14500e+02     1057.2       58.6  -7.10800e+01   1.46850e+00     2           2.57500e+01   2.80700e+00  
     2022         3        17         7        10        58        125       7100       5362 1647501058.000   1647501058.000    6.30000e+02       0.00      90.00   2.39500e+02   3.14500e+02     1159.7       79.6           nan           nan     2           2.06100e+01   2.73500e+00  
     2022         3        17         7        13        22        126       7100       5362 1647501202.000   1647501202.000    6.30000e+02       0.00      45.00   2.39500e+02   3.14500e+02     1281.9       85.8   3.66200e+01   9.31900e-01     2           2.92700e+01   3.70700e+00  
     2022         3        17         7        15        46        127       7100       5362 1647501346.000   1647501346.000    6.30000e+02      90.00      45.00   2.39500e+02   3.14500e+02     1018.8       58.2   5.83800e+01   1.29280e+00     2           2.35000e+01   2.64700e+00  
     2022         3        17         7        18        46        128       7100       5362 1647501526.000   1647501526.000    6.30000e+02     180.00      45.00   2.39500e+02   3.14500e+02     1103.2       68.7  -8.27400e+01   1.92470e+00     2           2.35000e+01   2.84100e+00  
     2022         3        17         7        23        34        129       7100       5362 1647501814.000   1647501814.000    6.30000e+02       0.00      90.00   2.39500e+02   3.14500e+02     1040.6       76.2           nan           nan     2           1.90400e+01   2.69600e+00  
     2022         3        17         7        25        58        130       7100       5362 1647501958.000   1647501958.000    6.30000e+02       0.00      45.00   2.39500e+02   3.14500e+02     1390.8       93.7   8.33500e+01   2.09210e+00     2           3.09100e+01   3.92900e+00  
     2022         3        17         7        28        22        131       7100       5362 1647502102.000   1647502102.000    6.30000e+02      90.00      45.00   2.39500e+02   3.14500e+02      978.7       53.8   4.88700e+01   1.00340e+00     2           2.45600e+01   2.67100e+00  
     2022         3        17         7        30        46        132       7100       5362 1647502246.000   1647502246.000    6.30000e+02     180.00      45.00   2.39500e+02   3.14500e+02     1190.2       73.6  -7.17700e+01   1.59690e+00     2           2.59900e+01   3.09500e+00  
     2022         3        17         7        39        10        133       7100       5362 1647502750.000   1647502750.000    6.30000e+02       0.00      90.00   2.39500e+02   3.14500e+02     1018.2       63.4           nan           nan     2           2.28900e+01   2.77500e+00  
     2022         3        17         7        42        10        134       7100       5362 1647502930.000   1647502930.000    6.30000e+02       0.00      45.00   2.39500e+02   3.14500e+02     1083.8       56.9   1.08910e+02   1.98530e+00     2           2.99600e+01   3.08000e+00  
     2022         3        17         7        44        34        135       7100       5362 1647503074.000   1647503074.000    6.30000e+02      90.00      45.00   2.39500e+02   3.14500e+02      957.6       38.3   3.29300e+01   4.99500e-01     2           3.56200e+01   2.88700e+00  
     2022         3        17         7        46        58        136       7100       5362 1647503218.000   1647503218.000    6.30000e+02     180.00      45.00   2.39500e+02   3.14500e+02      946.7       43.9  -3.48700e+01   5.52400e-01     2           3.20700e+01   2.95500e+00  
     2022         3        17         7        49        22        137       7100       5362 1647503362.000   1647503362.000    6.30000e+02     -90.00      45.00   2.39500e+02   3.14500e+02     1001.8       50.0  -4.49100e+01   7.17700e-01     2           3.22700e+01   3.16400e+00  
     2022         3        17         7        51        46        138       7100       5362 1647503506.000   1647503506.000    6.30000e+02       0.00      90.00   2.39500e+02   3.14500e+02      892.7       40.0           nan           nan     2           2.78700e+01   2.54100e+00  
     2022         3        17         7        54        10        139       7100       5362 1647503650.000   1647503650.000    6.30000e+02       0.00      45.00   2.39500e+02   3.14500e+02      864.0       31.9   5.19100e+01   6.46700e-01     2           3.84600e+01   2.90900e+00  
     2022         3        17         7        56        34        140       7100       5362 1647503794.000   1647503794.000    6.30000e+02      90.00      45.00   2.39500e+02   3.14500e+02      859.3       24.2   5.77800e+01   6.17500e-01     2           5.87700e+01   3.43100e+00  
     2022         3        17         7        59        34        141       7100       5362 1647503974.000   1647503974.000    6.30000e+02     180.00      45.00   2.37500e+02   3.12500e+02      890.5       28.1  -2.77200e+01   3.02300e-01     2           4.73300e+01   3.09300e+00  
     2022         3        17         8         1        58        142       7100       5362 1647504118.000   1647504118.000    6.30000e+02     -90.00      45.00   2.37500e+02   3.12500e+02      999.8       36.7  -3.58400e+01   4.26800e-01     2           4.48000e+01   3.31000e+00  
     2022         3        17         8         7        58        143       7100       5362 1647504478.000   1647504478.000    6.30000e+02       0.00      90.00   2.37500e+02   3.12500e+02      883.7       28.9           nan           nan     2           4.78000e+01   3.21000e+00  
     2022         3        17         8        10        22        144       7100       5362 1647504622.000   1647504622.000    6.30000e+02       0.00      45.00   2.37500e+02   3.12500e+02      905.1       25.5   4.12200e+01   3.97300e-01     2           7.39200e+01   4.20300e+00  
     2022         3        17         8        12        46        145       7100       5362 1647504766.000   1647504766.000    6.30000e+02      90.00      45.00   2.37500e+02   3.12500e+02      957.2       20.7   3.13800e+01   2.74500e-01     2           1.69640e+02   7.20400e+00  
     2022         3        17         8        15        10        146       7100       5362 1647504910.000   1647504910.000    6.30000e+02     180.00      45.00   2.37500e+02   3.12500e+02     1012.1       27.2   1.61500e+01   1.58100e-01     2           1.24100e+02   6.48700e+00  
     2022         3        17         8        17        34        147       7100       5362 1647505054.000   1647505054.000    6.30000e+02     -90.00      45.00   2.37500e+02   3.12500e+02     1175.1       42.3  -2.42000e+01   2.91300e-01     2           9.60100e+01   6.56700e+00  
     2022         3        17         8        19        58        148       7100       5362 1647505198.000   1647505198.000    6.30000e+02       0.00      90.00   2.37500e+02   3.12500e+02     1111.2       32.9           nan           nan     2           1.34640e+02   7.60600e+00  
