   YEAR     MONTH      DAY       HOUR      MIN       SEC       RECNO     KINDAT      KINST       UT1_UNIX        UT2_UNIX        WAVLEN        AZM        ELM         ALTB          ALTE         TN         DTN        VNHLU         DVNHLU     FPI_DATAQUAL      RLE           DRLE     
     2022         3        18        22        19        58          0       7100       5362 1647641998.000   1647641998.000    6.30000e+02     -90.00      45.00   2.10500e+02   2.85500e+02      996.5        8.7  -3.86500e+01   1.01600e-01     1           4.17320e+02   7.94200e+00  
     2022         3        18        22        38        34          1       7100       5362 1647643114.000   1647643114.000    6.30000e+02       0.00      90.00   2.10500e+02   2.85500e+02      944.8        8.7           nan           nan     1           2.95080e+02   6.17700e+00  
     2022         3        18        22        43        22          2       7100       5362 1647643402.000   1647643402.000    6.30000e+02      90.00      45.00   2.10500e+02   2.85500e+02      932.7        9.6   8.82600e+01   2.52200e-01     1           3.31650e+02   7.33400e+00  
     2022         3        18        22        50        34          3       7100       5362 1647643834.000   1647643834.000    6.30000e+02       0.00      90.00   2.10500e+02   2.85500e+02      956.3        9.5           nan           nan     1           2.68510e+02   5.99700e+00  
     2022         3        18        22        55        58          4       7100       5362 1647644158.000   1647644158.000    6.30000e+02      90.00      45.00   2.10500e+02   2.85500e+02      930.4       10.9   9.56700e+01   3.04800e-01     2           3.00330e+02   7.38900e+00  
     2022         3        18        22        58        22          5       7100       5362 1647644302.000   1647644302.000    6.30000e+02     180.00      45.00   2.10500e+02   2.85500e+02      928.8        9.1   1.50800e+01   4.29000e-02     1           2.92700e+02   6.39900e+00  
     2022         3        18        23         0        46          6       7100       5362 1647644446.000   1647644446.000    6.30000e+02     -90.00      45.00   2.20500e+02   2.95500e+02      962.9        8.9  -5.72900e+01   1.61100e-01     1           3.69540e+02   7.46300e+00  
     2022         3        18        23         6        46          7       7100       5362 1647644806.000   1647644806.000    6.30000e+02       0.00      90.00   2.20500e+02   2.95500e+02      929.3        9.8           nan           nan     1           2.45980e+02   5.82900e+00  
     2022         3        18        23        11        34          8       7100       5362 1647645094.000   1647645094.000    6.30000e+02      90.00      45.00   2.20500e+02   2.95500e+02      954.9       12.2   1.05050e+02   3.63300e-01     2           2.87260e+02   7.57700e+00  
     2022         3        18        23        13        58          9       7100       5362 1647645238.000   1647645238.000    6.30000e+02     180.00      45.00   2.20500e+02   2.95500e+02      903.1        9.6   1.43600e+01   4.37000e-02     1           2.62460e+02   6.14900e+00  
     2022         3        18        23        19        22         10       7100       5362 1647645562.000   1647645562.000    6.30000e+02       0.00      90.00   2.20500e+02   2.95500e+02      929.0       10.1           nan           nan     1           2.40830e+02   5.82900e+00  
     2022         3        18        23        21        46         11       7100       5362 1647645706.000   1647645706.000    6.30000e+02       0.00      45.00   2.20500e+02   2.95500e+02      916.9        8.5   1.35800e+01   3.96000e-02     1           3.40690e+02   6.97100e+00  
     2022         3        18        23        24        10         12       7100       5362 1647645850.000   1647645850.000    6.30000e+02      90.00      45.00   2.20500e+02   2.95500e+02      947.6       13.5   9.92000e+01   3.82200e-01     2           2.63490e+02   7.65700e+00  
     2022         3        18        23        26        34         13       7100       5362 1647645994.000   1647645994.000    6.30000e+02     180.00      45.00   2.20500e+02   2.95500e+02      908.1        9.9   1.82800e+01   5.90000e-02     1           2.53020e+02   6.09200e+00  
     2022         3        18        23        34        58         14       7100       5362 1647646498.000   1647646498.000    6.30000e+02       0.00      90.00   2.20500e+02   2.95500e+02      901.4       11.3           nan           nan     1           2.01300e+02   5.53200e+00  
     2022         3        18        23        37        22         15       7100       5362 1647646642.000   1647646642.000    6.30000e+02       0.00      45.00   2.20500e+02   2.95500e+02      895.1        8.8   3.61100e+01   1.21300e-01     1           3.18800e+02   6.86500e+00  
     2022         3        18        23        40        22         16       7100       5362 1647646822.000   1647646822.000    6.30000e+02      90.00      45.00   2.20500e+02   2.95500e+02      994.1       17.8   1.03860e+02   5.26400e-01     2           2.21280e+02   7.84400e+00  
     2022         3        18        23        42        46         17       7100       5362 1647646966.000   1647646966.000    6.30000e+02     180.00      45.00   2.20500e+02   2.95500e+02      891.0       11.3   2.66700e+01   1.10500e-01     1           2.16730e+02   5.91700e+00  
     2022         3        18        23        45        10         18       7100       5362 1647647110.000   1647647110.000    6.30000e+02     -90.00      45.00   2.20500e+02   2.95500e+02      909.4        8.8  -7.05400e+01   2.72300e-01     1           3.12350e+02   6.68400e+00  
     2022         3        18        23        47        34         19       7100       5362 1647647254.000   1647647254.000    6.30000e+02       0.00      90.00   2.20500e+02   2.95500e+02      960.3       16.4           nan           nan     2           2.10190e+02   7.19500e+00  
     2022         3        18        23        49        58         20       7100       5362 1647647398.000   1647647398.000    6.30000e+02       0.00      45.00   2.20500e+02   2.95500e+02      880.7        9.0   3.84100e+01   1.56600e-01     1           3.07340e+02   6.86600e+00  
     2022         3        18        23        52        22         21       7100       5362 1647647542.000   1647647542.000    6.30000e+02      90.00      45.00   2.20500e+02   2.95500e+02      958.7       18.1   1.11190e+02   6.21000e-01     2           2.02320e+02   7.57700e+00  
     2022         3        18        23        54        46         22       7100       5362 1647647686.000   1647647686.000    6.30000e+02     180.00      45.00   2.20500e+02   2.95500e+02      947.2       17.1   3.23000e+00   1.74000e-02     2           1.89120e+02   6.85000e+00  
     2022         3        18        23        57        46         23       7100       5362 1647647866.000   1647647866.000    6.30000e+02     -90.00      45.00   2.20500e+02   2.95500e+02      891.9       10.1  -7.18200e+01   2.93300e-01     1           2.77690e+02   6.74500e+00  
     2022         3        19         0         3        46         24       7100       5362 1647648226.000   1647648226.000    6.30000e+02       0.00      90.00   2.28500e+02   3.03500e+02      876.2       13.9           nan           nan     1           1.65320e+02   5.51600e+00  
     2022         3        19         0         6        10         25       7100       5362 1647648370.000   1647648370.000    6.30000e+02       0.00      45.00   2.28500e+02   3.03500e+02      925.1       13.4   3.00000e+01   1.39200e-01     2           2.65480e+02   7.80000e+00  
     2022         3        19         0         8        34         26       7100       5362 1647648514.000   1647648514.000    6.30000e+02      90.00      45.00   2.28500e+02   3.03500e+02     1045.9       25.5   8.87500e+01   5.91900e-01     2           1.78520e+02   8.38000e+00  
     2022         3        19         0        10        58         27       7100       5362 1647648658.000   1647648658.000    6.30000e+02     180.00      45.00   2.28500e+02   3.03500e+02      898.9       14.7  -6.00000e+00   2.99000e-02     1           1.65660e+02   5.63800e+00  
     2022         3        19         0        13        58         28       7100       5362 1647648838.000   1647648838.000    6.30000e+02     -90.00      45.00   2.28500e+02   3.03500e+02      931.4       14.8  -6.01500e+01   3.08000e-01     2           2.19330e+02   7.07200e+00  
     2022         3        19         0        16        22         29       7100       5362 1647648982.000   1647648982.000    6.30000e+02       0.00      90.00   2.28500e+02   3.03500e+02      907.1       16.4           nan           nan     1           1.45460e+02   5.43500e+00  
     2022         3        19         0        18        46         30       7100       5362 1647649126.000   1647649126.000    6.30000e+02       0.00      45.00   2.28500e+02   3.03500e+02      886.7       11.1   4.73200e+01   2.21000e-01     1           2.47740e+02   6.56000e+00  
     2022         3        19         0        21        10         31       7100       5362 1647649270.000   1647649270.000    6.30000e+02      90.00      45.00   2.28500e+02   3.03500e+02     1167.7       34.2   7.70000e+01   6.28300e-01     2           1.59850e+02   8.85500e+00  
     2022         3        19         0        23        34         32       7100       5362 1647649414.000   1647649414.000    6.30000e+02     180.00      45.00   2.28500e+02   3.03500e+02      893.7       16.4  -1.54400e+01   8.94000e-02     1           1.45420e+02   5.50400e+00  
     2022         3        19         0        25        58         33       7100       5362 1647649558.000   1647649558.000    6.30000e+02     -90.00      45.00   2.28500e+02   3.03500e+02      949.4       18.0  -3.74300e+01   2.28400e-01     2           1.85460e+02   7.01900e+00  
     2022         3        19         0        32        34         34       7100       5362 1647649954.000   1647649954.000    6.30000e+02       0.00      90.00   2.28500e+02   3.03500e+02      931.8       20.4           nan           nan     1           1.25390e+02   5.53300e+00  
     2022         3        19         0        34        58         35       7100       5362 1647650098.000   1647650098.000    6.30000e+02       0.00      45.00   2.28500e+02   3.03500e+02      902.3       13.8   4.98700e+01   2.86800e-01     2           2.15540e+02   6.75900e+00  
     2022         3        19         0        39        46         36       7100       5362 1647650386.000   1647650386.000    6.30000e+02     180.00      45.00   2.28500e+02   3.03500e+02      891.7       18.2  -3.82300e+01   2.52700e-01     1           1.19620e+02   5.02000e+00  
     2022         3        19         0        42        10         37       7100       5362 1647650530.000   1647650530.000    6.30000e+02     -90.00      45.00   2.28500e+02   3.03500e+02      956.4       18.0  -6.84800e+01   4.47800e-01     2           1.78890e+02   6.73000e+00  
     2022         3        19         0        44        34         38       7100       5362 1647650674.000   1647650674.000    6.30000e+02       0.00      90.00   2.28500e+02   3.03500e+02      927.7       21.8           nan           nan     1           1.10510e+02   5.23200e+00  
     2022         3        19         0        47        34         39       7100       5362 1647650854.000   1647650854.000    6.30000e+02       0.00      45.00   2.28500e+02   3.03500e+02      954.4       18.2   2.90200e+01   1.97100e-01     2           1.88920e+02   7.16200e+00  
     2022         3        19         0        52        22         40       7100       5362 1647651142.000   1647651142.000    6.30000e+02     180.00      45.00   2.28500e+02   3.03500e+02      945.7       19.9  -3.59900e+01   2.61800e-01     1           1.14120e+02   4.93400e+00  
     2022         3        19         0        54        46         41       7100       5362 1647651286.000   1647651286.000    6.30000e+02     -90.00      45.00   2.28500e+02   3.03500e+02      940.5       17.4  -7.31800e+01   5.13600e-01     1           1.64760e+02   6.16800e+00  
     2022         3        19         1         0        46         42       7100       5362 1647651646.000   1647651646.000    6.30000e+02       0.00      90.00   2.33500e+02   3.08500e+02     1000.9       27.7           nan           nan     2           9.70800e+01   5.29800e+00  
     2022         3        19         1         3        46         43       7100       5362 1647651826.000   1647651826.000    6.30000e+02       0.00      45.00   2.33500e+02   3.08500e+02     1025.6       22.8   3.20600e+01   2.64800e-01     2           1.69790e+02   7.37400e+00  
     2022         3        19         1         8        34         44       7100       5362 1647652114.000   1647652114.000    6.30000e+02     180.00      45.00   2.33500e+02   3.08500e+02      928.4       21.3  -3.62100e+01   2.96900e-01     1           1.02650e+02   4.79400e+00  
     2022         3        19         1        10        58         45       7100       5362 1647652258.000   1647652258.000    6.30000e+02     -90.00      45.00   2.33500e+02   3.08500e+02      965.2       19.5  -6.38700e+01   5.11700e-01     2           1.50420e+02   6.10900e+00  
     2022         3        19         1        13        22         46       7100       5362 1647652402.000   1647652402.000    6.30000e+02       0.00      90.00   2.33500e+02   3.08500e+02      969.3       29.0           nan           nan     2           8.83000e+01   5.19400e+00  
     2022         3        19         1        15        46         47       7100       5362 1647652546.000   1647652546.000    6.30000e+02       0.00      45.00   2.33500e+02   3.08500e+02     1014.1       23.9   3.65100e+01   3.22400e-01     2           1.58620e+02   7.27100e+00  
     2022         3        19         1        21        10         48       7100       5362 1647652870.000   1647652870.000    6.30000e+02     180.00      45.00   2.33500e+02   3.08500e+02      916.3       21.9   2.40000e-01   2.00000e-03     1           9.80500e+01   4.75100e+00  
     2022         3        19         1        23        34         49       7100       5362 1647653014.000   1647653014.000    6.30000e+02     -90.00      45.00   2.33500e+02   3.08500e+02      942.6       19.3  -6.30100e+01   5.09100e-01     1           1.46190e+02   6.01000e+00  
     2022         3        19         1        29        34         50       7100       5362 1647653374.000   1647653374.000    6.30000e+02       0.00      90.00   2.33500e+02   3.08500e+02      948.9       28.9           nan           nan     2           8.57100e+01   5.13200e+00  
     2022         3        19         1        31        58         51       7100       5362 1647653518.000   1647653518.000    6.30000e+02       0.00      45.00   2.33500e+02   3.08500e+02      977.4       23.1   4.61100e+01   4.05800e-01     2           1.51410e+02   7.01600e+00  
     2022         3        19         1        37        22         52       7100       5362 1647653842.000   1647653842.000    6.30000e+02     180.00      45.00   2.33500e+02   3.08500e+02      889.5       21.0  -9.38000e+00   7.99000e-02     1           9.75700e+01   4.69300e+00  
     2022         3        19         1        39        46         53       7100       5362 1647653986.000   1647653986.000    6.30000e+02     -90.00      45.00   2.33500e+02   3.08500e+02      947.1       18.5  -5.84700e+01   4.62800e-01     1           1.54280e+02   6.08900e+00  
     2022         3        19         1        42        10         54       7100       5362 1647654130.000   1647654130.000    6.30000e+02       0.00      90.00   2.33500e+02   3.08500e+02      917.3       28.0           nan           nan     2           8.91500e+01   5.32900e+00  
     2022         3        19         1        44        34         55       7100       5362 1647654274.000   1647654274.000    6.30000e+02       0.00      45.00   2.33500e+02   3.08500e+02      932.1       21.2   5.08300e+01   4.31800e-01     2           1.57610e+02   7.04800e+00  
     2022         3        19         1        49        22         56       7100       5362 1647654562.000   1647654562.000    6.30000e+02     180.00      45.00   2.33500e+02   3.08500e+02      907.7       22.1  -1.34200e+01   1.15400e-01     1           9.73200e+01   4.79600e+00  
     2022         3        19         1        51        46         57       7100       5362 1647654706.000   1647654706.000    6.30000e+02     -90.00      45.00   2.33500e+02   3.08500e+02      908.3       16.6  -4.86100e+01   3.69500e-01     1           1.59670e+02   5.94400e+00  
     2022         3        19         1        57        46         58       7100       5362 1647655066.000   1647655066.000    6.30000e+02       0.00      90.00   2.33500e+02   3.08500e+02      954.3       28.3           nan           nan     2           9.04700e+01   5.27900e+00  
     2022         3        19         2         0        10         59       7100       5362 1647655210.000   1647655210.000    6.30000e+02       0.00      45.00   2.38500e+02   3.13500e+02      932.4       20.6   5.36500e+01   4.55900e-01     2           1.61580e+02   7.03000e+00  
     2022         3        19         2         5        34         60       7100       5362 1647655534.000   1647655534.000    6.30000e+02     180.00      45.00   2.38500e+02   3.13500e+02      897.4       22.5  -1.70400e+01   1.51100e-01     1           8.91400e+01   4.53800e+00  
     2022         3        19         2         7        58         61       7100       5362 1647655678.000   1647655678.000    6.30000e+02     -90.00      45.00   2.38500e+02   3.13500e+02      901.0       15.4  -5.73900e+01   4.44500e-01     1           1.62030e+02   5.71800e+00  
     2022         3        19         2        10        22         62       7100       5362 1647655822.000   1647655822.000    6.30000e+02       0.00      90.00   2.38500e+02   3.13500e+02      935.5       29.8           nan           nan     2           8.81800e+01   5.48000e+00  
     2022         3        19         2        12        46         63       7100       5362 1647655966.000   1647655966.000    6.30000e+02       0.00      45.00   2.38500e+02   3.13500e+02      950.0       22.0   6.86400e+01   6.30900e-01     2           1.55980e+02   7.06900e+00  
     2022         3        19         2        18        10         64       7100       5362 1647656290.000   1647656290.000    6.30000e+02     180.00      45.00   2.38500e+02   3.13500e+02      913.7       25.9  -2.22500e+01   2.24400e-01     2           8.98500e+01   5.04100e+00  
     2022         3        19         2        20        34         65       7100       5362 1647656434.000   1647656434.000    6.30000e+02     -90.00      45.00   2.38500e+02   3.13500e+02      893.8       15.2  -5.17700e+01   4.29200e-01     1           1.57350e+02   5.55700e+00  
     2022         3        19         2        26        34         66       7100       5362 1647656794.000   1647656794.000    6.30000e+02       0.00      90.00   2.38500e+02   3.13500e+02     1033.9       36.9           nan           nan     2           8.68500e+01   5.95300e+00  
     2022         3        19         2        28        58         67       7100       5362 1647656938.000   1647656938.000    6.30000e+02       0.00      45.00   2.38500e+02   3.13500e+02     1002.5       25.2   7.70100e+01   7.91300e-01     2           1.46710e+02   7.15200e+00  
     2022         3        19         2        33        46         68       7100       5362 1647657226.000   1647657226.000    6.30000e+02     180.00      45.00   2.38500e+02   3.13500e+02      985.8       31.8  -4.89000e+01   5.60900e-01     2           8.55400e+01   5.36700e+00  
     2022         3        19         2        36        10         69       7100       5362 1647657370.000   1647657370.000    6.30000e+02     -90.00      45.00   2.38500e+02   3.13500e+02      899.4       17.4  -6.83300e+01   6.18900e-01     1           1.44470e+02   5.68900e+00  
     2022         3        19         2        41        34         70       7100       5362 1647657694.000   1647657694.000    6.30000e+02       0.00      45.00   2.38500e+02   3.13500e+02     1007.5       29.3   5.74900e+01   6.40700e-01     2           1.32780e+02   7.40400e+00  
     2022         3        19         2        46        22         71       7100       5362 1647657982.000   1647657982.000    6.30000e+02     180.00      45.00   2.38500e+02   3.13500e+02     1014.1       35.0  -5.10400e+01   6.12200e-01     2           7.92900e+01   5.30300e+00  
     2022         3        19         2        48        46         72       7100       5362 1647658126.000   1647658126.000    6.30000e+02     -90.00      45.00   2.38500e+02   3.13500e+02      885.0       18.1  -7.26100e+01   6.75700e-01     1           1.28360e+02   5.34700e+00  
     2022         3        19         3         1        58         73       7100       5362 1647658918.000   1647658918.000    6.30000e+02     180.00      45.00   2.41500e+02   3.16500e+02     1010.1       39.3  -5.32900e+01   6.86300e-01     2           6.34600e+01   4.77700e+00  
     2022         3        19         3         4        58         74       7100       5362 1647659098.000   1647659098.000    6.30000e+02     -90.00      45.00   2.41500e+02   3.16500e+02      938.4       22.1  -6.89700e+01   6.95600e-01     1           1.10140e+02   5.21900e+00  
     2022         3        19         3        14        34         75       7100       5362 1647659674.000   1647659674.000    6.30000e+02     180.00      45.00   2.41500e+02   3.16500e+02     1071.2       44.1  -7.29000e+01   9.91900e-01     2           5.75100e+01   4.57700e+00  
     2022         3        19         3        16        58         76       7100       5362 1647659818.000   1647659818.000    6.30000e+02     -90.00      45.00   2.41500e+02   3.16500e+02      930.1       24.4  -5.52100e+01   5.86400e-01     1           9.53200e+01   4.99900e+00  
     2022         3        19         3        30        46         77       7100       5362 1647660646.000   1647660646.000    6.30000e+02     180.00      45.00   2.41500e+02   3.16500e+02     1104.2       51.9  -7.41000e+01   1.09540e+00     2           4.86300e+01   4.38600e+00  
     2022         3        19         3        33        10         78       7100       5362 1647660790.000   1647660790.000    6.30000e+02     -90.00      45.00   2.41500e+02   3.16500e+02      992.3       31.5  -6.11400e+01   7.19300e-01     2           8.93300e+01   5.51600e+00  
     2022         3        19         3        43        22         79       7100       5362 1647661402.000   1647661402.000    6.30000e+02     180.00      45.00   2.41500e+02   3.16500e+02     1087.3       56.2  -6.12600e+01   9.62400e-01     2           4.45800e+01   4.39900e+00  
     2022         3        19         3        45        46         80       7100       5362 1647661546.000   1647661546.000    6.30000e+02     -90.00      45.00   2.41500e+02   3.16500e+02     1045.6       36.2  -7.69500e+01   9.75700e-01     2           8.62700e+01   5.74800e+00  
     2022         3        19         3        58        58         81       7100       5362 1647662338.000   1647662338.000    6.30000e+02     180.00      45.00   2.40500e+02   3.15500e+02     1113.2       57.6  -6.85300e+01   1.10890e+00     2           4.37900e+01   4.32800e+00  
     2022         3        19         4         1        58         82       7100       5362 1647662518.000   1647662518.000    6.30000e+02     -90.00      45.00   2.40500e+02   3.15500e+02     1142.4       43.5  -6.53600e+01   8.98500e-01     2           8.83000e+01   6.39300e+00  
     2022         3        19         4        11        34         83       7100       5362 1647663094.000   1647663094.000    6.30000e+02     180.00      45.00   2.40500e+02   3.15500e+02     1232.4       64.2  -7.62600e+01   1.26870e+00     2           4.87800e+01   4.80800e+00  
     2022         3        19         4        27        46         84       7100       5362 1647664066.000   1647664066.000    6.30000e+02     180.00      45.00   2.40500e+02   3.15500e+02     1147.5       54.7  -5.13300e+01   8.02100e-01     2           5.13500e+01   4.67000e+00  
     2022         3        19         4        30        10         85       7100       5362 1647664210.000   1647664210.000    6.30000e+02     -90.00      45.00   2.40500e+02   3.15500e+02     1182.3       45.3  -5.07500e+01   7.08700e-01     2           9.12800e+01   6.62700e+00  
     2022         3        19         4        37        22         86       7100       5362 1647664642.000   1647664642.000    6.30000e+02      90.00      45.00   2.40500e+02   3.15500e+02     1001.2       37.2   5.02100e+01   6.70300e-01     2           6.31200e+01   4.57000e+00  
     2022         3        19         4        39        46         87       7100       5362 1647664786.000   1647664786.000    6.30000e+02     180.00      45.00   2.40500e+02   3.15500e+02     1112.4       46.1  -2.29400e+01   3.33500e-01     2           6.35600e+01   5.05400e+00  
     2022         3        19         4        42        10         88       7100       5362 1647664930.000   1647664930.000    6.30000e+02     -90.00      45.00   2.40500e+02   3.15500e+02     1155.2       42.4  -4.74900e+01   6.58000e-01     2           9.95300e+01   6.91600e+00  
     2022         3        19         4        53        34         89       7100       5362 1647665614.000   1647665614.000    6.30000e+02      90.00      45.00   2.40500e+02   3.15500e+02     1026.0       33.0   4.59400e+01   5.84700e-01     2           9.05100e+01   5.65000e+00  
     2022         3        19         4        55        58         90       7100       5362 1647665758.000   1647665758.000    6.30000e+02     180.00      45.00   2.40500e+02   3.15500e+02     1008.5       32.6   4.09100e+01   5.20100e-01     2           8.26200e+01   5.20600e+00  
     2022         3        19         4        58        22         91       7100       5362 1647665902.000   1647665902.000    6.30000e+02     -90.00      45.00   2.40500e+02   3.15500e+02     1151.9       36.9  -1.66500e+01   2.17400e-01     2           1.24550e+02   7.58000e+00  
     2022         3        19         5         5        34         92       7100       5362 1647666334.000   1647666334.000    6.30000e+02      90.00      45.00   2.38500e+02   3.13500e+02      893.6       23.1   4.79300e+01   5.45100e-01     1           9.51100e+01   4.93100e+00  
     2022         3        19         5         8        34         93       7100       5362 1647666514.000   1647666514.000    6.30000e+02     180.00      45.00   2.38500e+02   3.13500e+02      991.6       28.2   2.57600e+01   3.12800e-01     2           9.67400e+01   5.40600e+00  
     2022         3        19         5        10        58         94       7100       5362 1647666658.000   1647666658.000    6.30000e+02     -90.00      45.00   2.38500e+02   3.13500e+02     1104.0       33.1  -1.96100e+01   2.51300e-01     2           1.38860e+02   7.92600e+00  
     2022         3        19         5        19        22         95       7100       5362 1647667162.000   1647667162.000    6.30000e+02       0.00      45.00   2.38500e+02   3.13500e+02     1112.3       33.9  -8.72000e+00   1.13700e-01     2           1.35680e+02   7.87200e+00  
     2022         3        19         5        21        46         96       7100       5362 1647667306.000   1647667306.000    6.30000e+02      90.00      45.00   2.38500e+02   3.13500e+02      964.4       25.2   5.01400e+01   5.86600e-01     1           9.77800e+01   5.08500e+00  
     2022         3        19         5        24        46         97       7100       5362 1647667486.000   1647667486.000    6.30000e+02     180.00      45.00   2.38500e+02   3.13500e+02      958.4       24.6   3.09600e+01   3.61000e-01     2           1.06240e+02   5.40700e+00  
     2022         3        19         5        31        58         98       7100       5362 1647667918.000   1647667918.000    6.30000e+02       0.00      45.00   2.38500e+02   3.13500e+02     1119.3       35.8  -3.50000e-01   4.70000e-03     2           1.25790e+02   7.63900e+00  
     2022         3        19         5        34        22         99       7100       5362 1647668062.000   1647668062.000    6.30000e+02      90.00      45.00   2.38500e+02   3.13500e+02      945.9       26.9   4.18600e+01   5.08300e-01     2           9.16900e+01   5.16000e+00  
     2022         3        19         5        36        46        100       7100       5362 1647668206.000   1647668206.000    6.30000e+02     180.00      45.00   2.38500e+02   3.13500e+02      933.7       24.6   2.82500e+01   3.35300e-01     2           1.01600e+02   5.31500e+00  
     2022         3        19         5        50        34        101       7100       5362 1647669034.000   1647669034.000    6.30000e+02      90.00      45.00   2.38500e+02   3.13500e+02      999.9       32.8   4.35300e+01   5.76200e-01     2           8.28500e+01   5.29300e+00  
     2022         3        19         5        52        58        102       7100       5362 1647669178.000   1647669178.000    6.30000e+02     180.00      45.00   2.38500e+02   3.13500e+02      939.2       29.1   2.16700e+01   2.77100e-01     2           8.06100e+01   4.92200e+00  
     2022         3        19         6         0        10        103       7100       5362 1647669610.000   1647669610.000    6.30000e+02       0.00      45.00   2.36500e+02   3.11500e+02     1180.3       42.8   6.37000e+00   9.31000e-02     2           1.03630e+02   7.11200e+00  
     2022         3        19         6         2        34        104       7100       5362 1647669754.000   1647669754.000    6.30000e+02      90.00      45.00   2.36500e+02   3.11500e+02      981.8       35.2   7.48200e+01   1.03040e+00     2           6.95100e+01   4.85600e+00  
     2022         3        19         6         5        34        105       7100       5362 1647669934.000   1647669934.000    6.30000e+02     180.00      45.00   2.36500e+02   3.11500e+02      989.9       32.8   2.90100e+01   3.85300e-01     2           7.41200e+01   4.81800e+00  
     2022         3        19         6        13        58        106       7100       5362 1647670438.000   1647670438.000    6.30000e+02       0.00      90.00   2.36500e+02   3.11500e+02     1103.6       48.5           nan           nan     2           6.58100e+01   5.49900e+00  
     2022         3        19         6        16        22        107       7100       5362 1647670582.000   1647670582.000    6.30000e+02       0.00      45.00   2.36500e+02   3.11500e+02     1158.9       45.9   2.09700e+01   3.21400e-01     2           8.19900e+01   6.16400e+00  
     2022         3        19         6        18        46        108       7100       5362 1647670726.000   1647670726.000    6.30000e+02      90.00      45.00   2.36500e+02   3.11500e+02     1014.7       38.8   5.84500e+01   8.52700e-01     2           6.03600e+01   4.49300e+00  
     2022         3        19         6        21        10        109       7100       5362 1647670870.000   1647670870.000    6.30000e+02     180.00      45.00   2.36500e+02   3.11500e+02      966.7       33.3   1.76700e+01   2.44600e-01     2           6.83600e+01   4.61800e+00  
     2022         3        19         6        25        58        110       7100       5362 1647671158.000   1647671158.000    6.30000e+02       0.00      90.00   2.36500e+02   3.11500e+02     1029.3       47.1           nan           nan     2           5.64000e+01   4.93600e+00  
     2022         3        19         6        28        58        111       7100       5362 1647671338.000   1647671338.000    6.30000e+02       0.00      45.00   2.36500e+02   3.11500e+02     1139.8       49.0  -2.73100e+01   4.30800e-01     2           7.34800e+01   5.98200e+00  
     2022         3        19         6        31        22        112       7100       5362 1647671482.000   1647671482.000    6.30000e+02      90.00      45.00   2.36500e+02   3.11500e+02      955.8       37.0   4.65800e+01   6.74200e-01     2           5.55300e+01   4.20700e+00  
     2022         3        19         6        33        46        113       7100       5362 1647671626.000   1647671626.000    6.30000e+02     180.00      45.00   2.36500e+02   3.11500e+02      935.3       35.0   1.72300e+01   2.48200e-01     2           6.17400e+01   4.51900e+00  
     2022         3        19         6        42        10        114       7100       5362 1647672130.000   1647672130.000    6.30000e+02       0.00      90.00   2.36500e+02   3.11500e+02     1023.7       46.3           nan           nan     2           5.08700e+01   4.42900e+00  
     2022         3        19         6        44        34        115       7100       5362 1647672274.000   1647672274.000    6.30000e+02       0.00      45.00   2.36500e+02   3.11500e+02     1117.9       48.8   1.93700e+01   3.05000e-01     2           6.80800e+01   5.64000e+00  
     2022         3        19         6        46        58        116       7100       5362 1647672418.000   1647672418.000    6.30000e+02      90.00      45.00   2.36500e+02   3.11500e+02      987.1       37.5   5.05400e+01   7.18100e-01     2           5.65200e+01   4.21000e+00  
     2022         3        19         6        49        22        117       7100       5362 1647672562.000   1647672562.000    6.30000e+02     180.00      45.00   2.36500e+02   3.11500e+02     1030.3       41.2   9.38000e+00   1.37800e-01     2           5.92200e+01   4.59100e+00  
     2022         3        19         6        54        46        118       7100       5362 1647672886.000   1647672886.000    6.30000e+02       0.00      90.00   2.36500e+02   3.11500e+02     1027.3       46.6           nan           nan     2           4.85500e+01   4.25200e+00  
     2022         3        19         6        57        10        119       7100       5362 1647673030.000   1647673030.000    6.30000e+02       0.00      45.00   2.36500e+02   3.11500e+02     1096.1       46.4  -3.67000e+01   5.73000e-01     2           6.14700e+01   4.99300e+00  
     2022         3        19         6        59        34        120       7100       5362 1647673174.000   1647673174.000    6.30000e+02      90.00      45.00   2.35500e+02   3.10500e+02      945.1       37.5   1.31300e+01   1.92400e-01     2           5.22100e+01   4.06600e+00  
     2022         3        19         7         1        58        121       7100       5362 1647673318.000   1647673318.000    6.30000e+02     180.00      45.00   2.35500e+02   3.10500e+02     1041.9       39.8   2.31200e+01   3.47700e-01     2           5.88300e+01   4.38500e+00  
     2022         3        19         7        10        22        122       7100       5362 1647673822.000   1647673822.000    6.30000e+02       0.00      90.00   2.35500e+02   3.10500e+02     1107.1       55.4           nan           nan     2           4.41900e+01   4.24400e+00  
     2022         3        19         7        12        46        123       7100       5362 1647673966.000   1647673966.000    6.30000e+02       0.00      45.00   2.35500e+02   3.10500e+02     1040.3       50.0  -4.72000e+01   8.30700e-01     2           4.73700e+01   4.37600e+00  
     2022         3        19         7        15        10        124       7100       5362 1647674110.000   1647674110.000    6.30000e+02      90.00      45.00   2.35500e+02   3.10500e+02      979.9       41.0   3.26100e+01   5.43100e-01     2           4.80200e+01   3.92800e+00  
     2022         3        19         7        18        10        125       7100       5362 1647674290.000   1647674290.000    6.30000e+02     180.00      45.00   2.35500e+02   3.10500e+02      994.6       39.4   2.97200e+01   4.89800e-01     2           5.53600e+01   4.28100e+00  
     2022         3        19         7        22        58        126       7100       5362 1647674578.000   1647674578.000    6.30000e+02       0.00      90.00   2.35500e+02   3.10500e+02     1055.4       59.8           nan           nan     2           3.73600e+01   4.04300e+00  
     2022         3        19         7        25        22        127       7100       5362 1647674722.000   1647674722.000    6.30000e+02       0.00      45.00   2.35500e+02   3.10500e+02     1123.1       63.1  -4.46100e+01   9.12000e-01     2           4.03700e+01   4.31200e+00  
     2022         3        19         7        27        46        128       7100       5362 1647674866.000   1647674866.000    6.30000e+02      90.00      45.00   2.35500e+02   3.10500e+02      936.5       39.9   4.53500e+01   7.71500e-01     2           4.33400e+01   3.63500e+00  
     2022         3        19         7        30        10        129       7100       5362 1647675010.000   1647675010.000    6.30000e+02     180.00      45.00   2.35500e+02   3.10500e+02      990.4       42.2   8.32600e+01   1.42910e+00     2           5.24600e+01   4.33100e+00  
     2022         3        19         7        43        58        130       7100       5362 1647675838.000   1647675838.000    6.30000e+02      90.00      45.00   2.35500e+02   3.10500e+02      949.1       42.9   4.30000e+01   7.08700e-01     2           4.14900e+01   3.67000e+00  
     2022         3        19         7        46        22        131       7100       5362 1647675982.000   1647675982.000    6.30000e+02     180.00      45.00   2.35500e+02   3.10500e+02      938.8       39.4   5.84800e+01   9.26800e-01     2           4.97600e+01   4.07900e+00  
     2022         3        19         7        55        58        132       7100       5362 1647676558.000   1647676558.000    6.30000e+02      90.00      45.00   2.35500e+02   3.10500e+02      908.1       35.6   5.59700e+01   8.20200e-01     2           5.05600e+01   3.90800e+00  
     2022         3        19         7        58        58        133       7100       5362 1647676738.000   1647676738.000    6.30000e+02     180.00      45.00   2.33500e+02   3.08500e+02      951.3       37.6   6.35900e+01   9.36800e-01     2           5.27600e+01   4.08400e+00  
     2022         3        19         8         9        46        134       7100       5362 1647677386.000   1647677386.000    6.30000e+02       0.00      45.00   2.33500e+02   3.08500e+02     1142.0       51.6   8.24000e+00   1.31300e-01     2           6.09500e+01   5.24200e+00  
     2022         3        19         8        12        10        135       7100       5362 1647677530.000   1647677530.000    6.30000e+02      90.00      45.00   2.33500e+02   3.08500e+02      902.0       22.7   5.20000e+01   5.94900e-01     2           1.17500e+02   5.84700e+00  
     2022         3        19         8        14        34        136       7100       5362 1647677674.000   1647677674.000    6.30000e+02     180.00      45.00   2.33500e+02   3.08500e+02      965.2       31.0   4.27200e+01   5.43600e-01     2           8.87000e+01   5.54100e+00  
     2022         3        19         8        19        22        137       7100       5362 1647677962.000   1647677962.000    6.30000e+02       0.00      90.00   2.33500e+02   3.08500e+02     1108.0       41.5           nan           nan     2           9.38700e+01   6.66600e+00  
