   YEAR     MONTH      DAY       HOUR      MIN       SEC       RECNO     KINDAT      KINST       UT1_UNIX        UT2_UNIX        WAVLEN        AZM        ELM         ALTB          ALTE         TN         DTN        VNHLU         DVNHLU     FPI_DATAQUAL      RLE           DRLE     
     2022         3        30        22        46        58          0       7100       5362 1648680418.000   1648680418.000    6.30000e+02     180.00      45.00   2.30500e+02   3.05500e+02     1061.6        6.7   1.41300e+01   2.52000e-02     1           5.14060e+02   7.66700e+00  
     2022         3        30        22        55        22          1       7100       5362 1648680922.000   1648680922.000    6.30000e+02       0.00      90.00   2.30500e+02   3.05500e+02     1064.6        6.4           nan           nan     1           5.50610e+02   7.91300e+00  
     2022         3        30        23         3        10          2       7100       5362 1648681390.000   1648681390.000    6.30000e+02     180.00      45.00   2.38500e+02   3.13500e+02     1065.1        7.8   1.48200e+01   2.89000e-02     1           3.91770e+02   6.74300e+00  
     2022         3        30        23         7        58          3       7100       5362 1648681678.000   1648681678.000    6.30000e+02       0.00      90.00   2.38500e+02   3.13500e+02     1051.9        6.7           nan           nan     1           4.94660e+02   7.49400e+00  
     2022         3        30        23        12        46          4       7100       5362 1648681966.000   1648681966.000    6.30000e+02      90.00      45.00   2.38500e+02   3.13500e+02     1038.4        6.7   9.25900e+01   1.72300e-01     1           4.82220e+02   7.41000e+00  
     2022         3        30        23        15        10          5       7100       5362 1648682110.000   1648682110.000    6.30000e+02     180.00      45.00   2.38500e+02   3.13500e+02     1058.1        8.1  -1.06800e+01   2.19000e-02     1           3.60880e+02   6.49200e+00  
     2022         3        30        23        24        10          6       7100       5362 1648682650.000   1648682650.000    6.30000e+02       0.00      90.00   2.38500e+02   3.13500e+02     1041.6        7.1           nan           nan     1           4.46600e+02   7.16000e+00  
     2022         3        30        23        31        58          7       7100       5362 1648683118.000   1648683118.000    6.30000e+02     180.00      45.00   2.38500e+02   3.13500e+02     1018.3        7.6  -1.43000e+00   2.90000e-03     1           3.89930e+02   6.81300e+00  
     2022         3        30        23        36        46          8       7100       5362 1648683406.000   1648683406.000    6.30000e+02       0.00      90.00   2.38500e+02   3.13500e+02     1035.8        6.7           nan           nan     1           4.80540e+02   7.41100e+00  
     2022         3        30        23        41        34          9       7100       5362 1648683694.000   1648683694.000    6.30000e+02      90.00      45.00   2.38500e+02   3.13500e+02     1015.0        6.3   9.39500e+01   1.69800e-01     1           5.23060e+02   7.74300e+00  
     2022         3        30        23        43        58         10       7100       5362 1648683838.000   1648683838.000    6.30000e+02     180.00      45.00   2.38500e+02   3.13500e+02     1031.2        7.7   1.39500e+01   2.77000e-02     1           4.18420e+02   7.20100e+00  
     2022         3        30        23        52        58         11       7100       5362 1648684378.000   1648684378.000    6.30000e+02       0.00      90.00   2.38500e+02   3.13500e+02     1017.7        6.2           nan           nan     1           5.57580e+02   8.04800e+00  
     2022         3        30        23        57        46         12       7100       5362 1648684666.000   1648684666.000    6.30000e+02      90.00      45.00   2.38500e+02   3.13500e+02     1017.3        6.7   6.66900e+01   1.26600e-01     1           4.95670e+02   7.65900e+00  
     2022         3        31         0         0        10         13       7100       5362 1648684810.000   1648684810.000    6.30000e+02     180.00      45.00   2.46500e+02   3.21500e+02     1006.6        7.5   5.41000e+00   1.11000e-02     1           4.22990e+02   7.26500e+00  
     2022         3        31         0         5        34         14       7100       5362 1648685134.000   1648685134.000    6.30000e+02       0.00      90.00   2.46500e+02   3.21500e+02     1013.2        7.4           nan           nan     1           4.63470e+02   7.73900e+00  
     2022         3        31         0        10        22         15       7100       5362 1648685422.000   1648685422.000    6.30000e+02      90.00      45.00   2.46500e+02   3.21500e+02     1001.3        7.1   5.62900e+01   1.15700e-01     1           4.47660e+02   7.38100e+00  
     2022         3        31         0        15        10         16       7100       5362 1648685710.000   1648685710.000    6.30000e+02     -90.00      45.00   2.46500e+02   3.21500e+02      999.5        6.2  -2.06700e+01   3.98000e-02     1           6.16220e+02   8.76900e+00  
     2022         3        31         0        28        58         17       7100       5362 1648686538.000   1648686538.000    6.30000e+02     180.00      45.00   2.46500e+02   3.21500e+02      973.9        6.2   1.59600e+01   3.03000e-02     1           5.33310e+02   7.92200e+00  
     2022         3        31         0        31        22         18       7100       5362 1648686682.000   1648686682.000    6.30000e+02     -90.00      45.00   2.46500e+02   3.21500e+02      991.9        8.1   4.62000e+00   1.01000e-02     1           4.27740e+02   7.78100e+00  
     2022         3        31         0        40        58         19       7100       5362 1648687258.000   1648687258.000    6.30000e+02     180.00      45.00   2.46500e+02   3.21500e+02      977.8        7.2   1.14700e+01   2.32000e-02     1           4.33930e+02   7.35000e+00  
     2022         3        31         0        43        58         20       7100       5362 1648687438.000   1648687438.000    6.30000e+02     -90.00      45.00   2.46500e+02   3.21500e+02     1012.0        9.3  -1.55000e+00   3.60000e-03     1           3.70550e+02   7.45500e+00  
     2022         3        31         0        49        58         21       7100       5362 1648687798.000   1648687798.000    6.30000e+02       0.00      90.00   2.46500e+02   3.21500e+02      986.8        6.7           nan           nan     1           5.05900e+02   7.91100e+00  
     2022         3        31         0        52        22         22       7100       5362 1648687942.000   1648687942.000    6.30000e+02       0.00      45.00   2.46500e+02   3.21500e+02      980.3        6.0   1.96000e+01   3.67000e-02     1           5.87020e+02   8.38800e+00  
     2022         3        31         0        57        10         23       7100       5362 1648688230.000   1648688230.000    6.30000e+02     180.00      45.00   2.46500e+02   3.21500e+02      973.6        7.6  -1.10200e+01   2.42000e-02     1           3.99160e+02   7.15200e+00  
     2022         3        31         0        59        34         24       7100       5362 1648688374.000   1648688374.000    6.30000e+02     -90.00      45.00   2.61500e+02   3.36500e+02      993.7        9.1  -1.87000e+01   4.59000e-02     1           3.67070e+02   7.36700e+00  
     2022         3        31         1         1        58         25       7100       5362 1648688518.000   1648688518.000    6.30000e+02       0.00      90.00   2.61500e+02   3.36500e+02      970.7        7.8           nan           nan     1           3.91520e+02   7.16500e+00  
     2022         3        31         1         4        58         26       7100       5362 1648688698.000   1648688698.000    6.30000e+02       0.00      45.00   2.61500e+02   3.36500e+02      978.6        7.7   1.44200e+01   3.26000e-02     1           4.00450e+02   7.20900e+00  
     2022         3        31         1         7        22         27       7100       5362 1648688842.000   1648688842.000    6.30000e+02      90.00      45.00   2.61500e+02   3.36500e+02      964.8        6.5   4.50400e+01   9.22000e-02     1           4.65830e+02   7.38600e+00  
     2022         3        31         1         9        46         28       7100       5362 1648688986.000   1648688986.000    6.30000e+02     180.00      45.00   2.61500e+02   3.36500e+02      968.4        6.5  -1.70200e+01   3.43000e-02     1           4.71020e+02   7.43300e+00  
     2022         3        31         1        18        10         29       7100       5362 1648689490.000   1648689490.000    6.30000e+02       0.00      90.00   2.61500e+02   3.36500e+02      962.9        6.6           nan           nan     1           4.76240e+02   7.57400e+00  
     2022         3        31         1        20        34         30       7100       5362 1648689634.000   1648689634.000    6.30000e+02       0.00      45.00   2.61500e+02   3.36500e+02      971.5        8.5   1.85500e+01   4.10000e-02     1           3.47860e+02   6.82800e+00  
     2022         3        31         1        22        58         31       7100       5362 1648689778.000   1648689778.000    6.30000e+02      90.00      45.00   2.61500e+02   3.36500e+02      961.0        7.2   2.96100e+01   5.98000e-02     1           4.01720e+02   6.97300e+00  
     2022         3        31         1        25        58         32       7100       5362 1648689958.000   1648689958.000    6.30000e+02     180.00      45.00   2.61500e+02   3.36500e+02      945.6        6.5  -1.07000e+01   2.05000e-02     1           4.49490e+02   7.24200e+00  
     2022         3        31         1        33        10         33       7100       5362 1648690390.000   1648690390.000    6.30000e+02       0.00      45.00   2.61500e+02   3.36500e+02      958.1        6.5   2.05300e+01   3.98000e-02     1           4.88980e+02   7.73500e+00  
     2022         3        31         1        37        58         34       7100       5362 1648690678.000   1648690678.000    6.30000e+02     180.00      45.00   2.61500e+02   3.36500e+02      950.5        6.9  -1.09700e+01   2.18000e-02     1           4.13920e+02   7.00100e+00  
     2022         3        31         1        46        58         35       7100       5362 1648691218.000   1648691218.000    6.30000e+02       0.00      90.00   2.61500e+02   3.36500e+02      953.6        6.7           nan           nan     1           4.39270e+02   7.19100e+00  
     2022         3        31         1        51        46         36       7100       5362 1648691506.000   1648691506.000    6.30000e+02      90.00      45.00   2.61500e+02   3.36500e+02      959.5        7.3   4.36400e+01   9.22000e-02     1           3.65930e+02   6.55300e+00  
     2022         3        31         1        54        10         37       7100       5362 1648691650.000   1648691650.000    6.30000e+02     180.00      45.00   2.61500e+02   3.36500e+02      955.9        8.2  -1.63100e+01   3.72000e-02     1           3.14310e+02   6.22100e+00  
     2022         3        31         1        58        58         38       7100       5362 1648691938.000   1648691938.000    6.30000e+02       0.00      90.00   2.73500e+02   3.48500e+02      951.6        7.6           nan           nan     1           3.49600e+02   6.50000e+00  
     2022         3        31         2         4        22         39       7100       5362 1648692262.000   1648692262.000    6.30000e+02      90.00      45.00   2.73500e+02   3.48500e+02      960.3        8.5   3.52800e+01   8.71000e-02     1           2.92420e+02   5.97800e+00  
     2022         3        31         2         6        46         40       7100       5362 1648692406.000   1648692406.000    6.30000e+02     180.00      45.00   2.73500e+02   3.48500e+02      953.6        9.8  -1.03100e+01   2.81000e-02     1           2.39580e+02   5.60700e+00  
     2022         3        31         2         9        10         41       7100       5362 1648692550.000   1648692550.000    6.30000e+02     -90.00      45.00   2.73500e+02   3.48500e+02      963.3        7.8  -2.86800e+01   7.06000e-02     1           3.75760e+02   6.94300e+00  
     2022         3        31         2        15        10         42       7100       5362 1648692910.000   1648692910.000    6.30000e+02       0.00      90.00   2.73500e+02   3.48500e+02      948.9        9.3           nan           nan     1           2.52300e+02   5.64300e+00  
     2022         3        31         2        17        34         43       7100       5362 1648693054.000   1648693054.000    6.30000e+02       0.00      45.00   2.73500e+02   3.48500e+02      956.5        6.8   4.81800e+01   1.17500e-01     1           4.30360e+02   7.12800e+00  
     2022         3        31         2        19        58         44       7100       5362 1648693198.000   1648693198.000    6.30000e+02      90.00      45.00   2.73500e+02   3.48500e+02      951.1       10.6   3.13300e+01   9.59000e-02     0           1.99990e+02   5.09000e+00  
     2022         3        31         2        22        22         45       7100       5362 1648693342.000   1648693342.000    6.30000e+02     180.00      45.00   2.73500e+02   3.48500e+02      969.2       11.8  -1.65700e+01   5.44000e-02     1           1.81760e+02   4.98100e+00  
     2022         3        31         2        24        46         46       7100       5362 1648693486.000   1648693486.000    6.30000e+02     -90.00      45.00   2.73500e+02   3.48500e+02      958.5        9.8  -3.63900e+01   1.09600e-01     1           2.71070e+02   6.15300e+00  
     2022         3        31         2        27        46         47       7100       5362 1648693666.000   1648693666.000    6.30000e+02       0.00      90.00   2.73500e+02   3.48500e+02      960.5       10.6           nan           nan     0           2.09970e+02   5.24000e+00  
     2022         3        31         2        30        10         48       7100       5362 1648693810.000   1648693810.000    6.30000e+02       0.00      45.00   2.73500e+02   3.48500e+02      967.4        8.2   3.56800e+01   1.01200e-01     1           3.26510e+02   6.36900e+00  
     2022         3        31         2        32        34         49       7100       5362 1648693954.000   1648693954.000    6.30000e+02      90.00      45.00   2.73500e+02   3.48500e+02      977.8       10.6   2.86600e+01   9.27000e-02     0           2.09810e+02   5.19800e+00  
     2022         3        31         2        34        58         50       7100       5362 1648694098.000   1648694098.000    6.30000e+02     180.00      45.00   2.73500e+02   3.48500e+02      970.1       12.3  -1.10000e+01   3.92000e-02     1           1.79590e+02   5.05100e+00  
     2022         3        31         2        37        22         51       7100       5362 1648694242.000   1648694242.000    6.30000e+02     -90.00      45.00   2.73500e+02   3.48500e+02      974.2       13.4  -2.00800e+01   7.69000e-02     1           1.93610e+02   5.69800e+00  
     2022         3        31         2        43        22         52       7100       5362 1648694602.000   1648694602.000    6.30000e+02       0.00      90.00   2.73500e+02   3.48500e+02      956.0       12.4           nan           nan     1           1.82770e+02   5.19300e+00  
     2022         3        31         2        45        46         53       7100       5362 1648694746.000   1648694746.000    6.30000e+02       0.00      45.00   2.73500e+02   3.48500e+02      963.4        9.3   3.41700e+01   1.14400e-01     1           2.68850e+02   5.88900e+00  
     2022         3        31         2        48        46         54       7100       5362 1648694926.000   1648694926.000    6.30000e+02      90.00      45.00   2.73500e+02   3.48500e+02      959.5       13.2   2.55300e+01   1.02800e-01     0           1.49540e+02   4.58800e+00  
     2022         3        31         2        51        10         55       7100       5362 1648695070.000   1648695070.000    6.30000e+02     180.00      45.00   2.73500e+02   3.48500e+02      946.2       13.4   9.93000e+00   4.11000e-02     1           1.51100e+02   4.71800e+00  
     2022         3        31         2        53        34         56       7100       5362 1648695214.000   1648695214.000    6.30000e+02     -90.00      45.00   2.73500e+02   3.48500e+02      982.8       15.5  -7.25000e+00   3.30000e-02     1           1.59310e+02   5.30800e+00  
     2022         3        31         2        55        58         57       7100       5362 1648695358.000   1648695358.000    6.30000e+02       0.00      90.00   2.73500e+02   3.48500e+02      953.8       14.3           nan           nan     1           1.45270e+02   4.73200e+00  
     2022         3        31         2        58        22         58       7100       5362 1648695502.000   1648695502.000    6.30000e+02       0.00      45.00   2.73500e+02   3.48500e+02      955.3       15.1   8.28000e+00   3.78000e-02     1           1.36550e+02   4.65800e+00  
     2022         3        31         3         0        46         59       7100       5362 1648695646.000   1648695646.000    6.30000e+02      90.00      45.00   2.80500e+02   3.55500e+02      970.9       16.0   2.24500e+01   1.04700e-01     0           1.15770e+02   4.16900e+00  
     2022         3        31         3         3        10         60       7100       5362 1648695790.000   1648695790.000    6.30000e+02     180.00      45.00   2.80500e+02   3.55500e+02      960.8       18.2   1.42300e+01   7.21000e-02     1           1.02760e+02   4.15700e+00  
     2022         3        31         3         6        10         61       7100       5362 1648695970.000   1648695970.000    6.30000e+02     -90.00      45.00   2.80500e+02   3.55500e+02      990.1       19.8  -1.65900e+01   9.05000e-02     1           1.18250e+02   4.89200e+00  
     2022         3        31         3        12        10         62       7100       5362 1648696330.000   1648696330.000    6.30000e+02       0.00      90.00   2.80500e+02   3.55500e+02      944.0       14.7           nan           nan     1           1.33090e+02   4.51800e+00  
     2022         3        31         3        14        34         63       7100       5362 1648696474.000   1648696474.000    6.30000e+02       0.00      45.00   2.80500e+02   3.55500e+02      933.1       15.2   9.12000e+00   4.28000e-02     1           1.28780e+02   4.52500e+00  
     2022         3        31         3        16        58         64       7100       5362 1648696618.000   1648696618.000    6.30000e+02      90.00      45.00   2.80500e+02   3.55500e+02      934.1       14.4   2.62700e+01   1.20100e-01     0           1.24710e+02   4.25600e+00  
     2022         3        31         3        19        22         65       7100       5362 1648696762.000   1648696762.000    6.30000e+02     180.00      45.00   2.80500e+02   3.55500e+02      966.1       20.9   1.90100e+01   1.07300e-01     1           8.77500e+01   3.99800e+00  
     2022         3        31         3        21        46         66       7100       5362 1648696906.000   1648696906.000    6.30000e+02     -90.00      45.00   2.80500e+02   3.55500e+02      980.3       16.6  -6.25000e+00   3.11000e-02     1           1.47020e+02   5.22800e+00  
     2022         3        31         3        24        10         67       7100       5362 1648697050.000   1648697050.000    6.30000e+02       0.00      90.00   2.80500e+02   3.55500e+02      945.8       15.3           nan           nan     1           1.32610e+02   4.62300e+00  
     2022         3        31         3        27        10         68       7100       5362 1648697230.000   1648697230.000    6.30000e+02       0.00      45.00   2.80500e+02   3.55500e+02      936.2       12.6   1.22200e+01   5.23000e-02     1           1.69210e+02   5.00100e+00  
     2022         3        31         3        29        34         69       7100       5362 1648697374.000   1648697374.000    6.30000e+02      90.00      45.00   2.80500e+02   3.55500e+02      932.6       16.8   1.68400e+01   8.26000e-02     0           1.01780e+02   3.98200e+00  
     2022         3        31         3        31        58         70       7100       5362 1648697518.000   1648697518.000    6.30000e+02     180.00      45.00   2.80500e+02   3.55500e+02      953.3       18.4   1.77600e+01   9.13000e-02     1           1.08640e+02   4.42800e+00  
     2022         3        31         3        34        22         71       7100       5362 1648697662.000   1648697662.000    6.30000e+02     -90.00      45.00   2.80500e+02   3.55500e+02      935.9       12.9  -6.98000e+00   2.91000e-02     1           1.86660e+02   5.51500e+00  
     2022         3        31         3        40        22         72       7100       5362 1648698022.000   1648698022.000    6.30000e+02       0.00      90.00   2.80500e+02   3.55500e+02      925.2       12.6           nan           nan     1           1.67550e+02   4.99400e+00  
     2022         3        31         3        43        22         73       7100       5362 1648698202.000   1648698202.000    6.30000e+02       0.00      45.00   2.80500e+02   3.55500e+02      911.8       11.7   1.10600e+01   4.24000e-02     1           1.77190e+02   5.05000e+00  
     2022         3        31         3        45        46         74       7100       5362 1648698346.000   1648698346.000    6.30000e+02      90.00      45.00   2.80500e+02   3.55500e+02      937.2       17.1   2.03500e+01   9.51000e-02     1           1.03430e+02   4.06800e+00  
     2022         3        31         3        48        10         75       7100       5362 1648698490.000   1648698490.000    6.30000e+02     180.00      45.00   2.80500e+02   3.55500e+02      914.7       12.8   1.35700e+01   5.40000e-02     1           1.53370e+02   4.72800e+00  
     2022         3        31         3        50        34         76       7100       5362 1648698634.000   1648698634.000    6.30000e+02     -90.00      45.00   2.80500e+02   3.55500e+02      932.4       12.3  -1.86800e+01   7.31000e-02     1           1.90350e+02   5.46200e+00  
     2022         3        31         3        52        58         77       7100       5362 1648698778.000   1648698778.000    6.30000e+02       0.00      90.00   2.80500e+02   3.55500e+02      922.5       12.4           nan           nan     1           1.63630e+02   4.87300e+00  
     2022         3        31         3        55        22         78       7100       5362 1648698922.000   1648698922.000    6.30000e+02       0.00      45.00   2.80500e+02   3.55500e+02      937.3       12.6   9.78000e+00   3.81000e-02     1           1.67400e+02   4.95800e+00  
     2022         3        31         3        58        22         79       7100       5362 1648699102.000   1648699102.000    6.30000e+02      90.00      45.00   2.80500e+02   3.55500e+02      909.8       13.1   2.47700e+01   9.89000e-02     0           1.36230e+02   4.36600e+00  
     2022         3        31         4         0        46         80       7100       5362 1648699246.000   1648699246.000    6.30000e+02     180.00      45.00   2.90500e+02   3.65500e+02      910.1       12.2   8.43000e+00   3.25000e-02     1           1.59870e+02   4.76600e+00  
     2022         3        31         4         3        10         81       7100       5362 1648699390.000   1648699390.000    6.30000e+02     -90.00      45.00   2.90500e+02   3.65500e+02      925.6       10.1  -3.36900e+01   1.17900e-01     1           2.32670e+02   5.67800e+00  
     2022         3        31         4         9        10         82       7100       5362 1648699750.000   1648699750.000    6.30000e+02       0.00      90.00   2.90500e+02   3.65500e+02      921.9       12.2           nan           nan     0           1.58470e+02   4.68300e+00  
     2022         3        31         4        11        34         83       7100       5362 1648699894.000   1648699894.000    6.30000e+02       0.00      45.00   2.90500e+02   3.65500e+02      921.4       12.5   4.38000e+00   1.69000e-02     1           1.60540e+02   4.80900e+00  
     2022         3        31         4        13        58         84       7100       5362 1648700038.000   1648700038.000    6.30000e+02      90.00      45.00   2.90500e+02   3.65500e+02      917.2       16.7   1.03600e+01   4.74000e-02     0           1.02040e+02   4.02000e+00  
     2022         3        31         4        16        22         85       7100       5362 1648700182.000   1648700182.000    6.30000e+02     180.00      45.00   2.90500e+02   3.65500e+02      907.9       12.1  -6.06000e+00   2.30000e-02     0           1.50230e+02   4.49800e+00  
     2022         3        31         4        18        46         86       7100       5362 1648700326.000   1648700326.000    6.30000e+02     -90.00      45.00   2.90500e+02   3.65500e+02      903.0        9.1  -4.22700e+01   1.42000e-01     1           2.39830e+02   5.54100e+00  
     2022         3        31         4        21        46         87       7100       5362 1648700506.000   1648700506.000    6.30000e+02       0.00      90.00   2.90500e+02   3.65500e+02      929.3       12.5           nan           nan     0           1.37310e+02   4.20300e+00  
     2022         3        31         4        24        10         88       7100       5362 1648700650.000   1648700650.000    6.30000e+02       0.00      45.00   2.90500e+02   3.65500e+02      914.4       10.9   1.03300e+01   3.79000e-02     0           1.82510e+02   4.92100e+00  
     2022         3        31         4        26        34         89       7100       5362 1648700794.000   1648700794.000    6.30000e+02      90.00      45.00   2.90500e+02   3.65500e+02      923.9       13.6   3.05000e+01   1.25900e-01     0           1.23450e+02   4.09300e+00  
     2022         3        31         4        28        58         90       7100       5362 1648700938.000   1648700938.000    6.30000e+02     180.00      45.00   2.90500e+02   3.65500e+02      912.3       13.5  -9.66000e+00   4.04000e-02     0           1.25590e+02   4.15800e+00  
     2022         3        31         4        31        22         91       7100       5362 1648701082.000   1648701082.000    6.30000e+02     -90.00      45.00   2.90500e+02   3.65500e+02      920.3       10.8  -4.43000e+01   1.66800e-01     1           1.97610e+02   5.18500e+00  
     2022         3        31         4        37        22         92       7100       5362 1648701442.000   1648701442.000    6.30000e+02       0.00      90.00   2.90500e+02   3.65500e+02      955.4       14.6           nan           nan     0           1.13910e+02   3.91500e+00  
     2022         3        31         4        39        46         93       7100       5362 1648701586.000   1648701586.000    6.30000e+02       0.00      45.00   2.90500e+02   3.65500e+02      941.4       10.9   1.72300e+01   7.02000e-02     0           1.83690e+02   4.86000e+00  
     2022         3        31         4        42        46         94       7100       5362 1648701766.000   1648701766.000    6.30000e+02      90.00      45.00   2.90500e+02   3.65500e+02      956.1       16.0   3.73000e+01   1.88500e-01     0           1.02880e+02   3.81900e+00  
     2022         3        31         4        45        10         95       7100       5362 1648701910.000   1648701910.000    6.30000e+02     180.00      45.00   2.90500e+02   3.65500e+02      968.4       18.5  -1.11000e+00   6.20000e-03     0           9.49300e+01   3.90800e+00  
     2022         3        31         4        47        34         96       7100       5362 1648702054.000   1648702054.000    6.30000e+02     -90.00      45.00   2.90500e+02   3.65500e+02      978.9       20.4  -7.70000e+00   4.74000e-02     1           1.05450e+02   4.55100e+00  
     2022         3        31         4        49        58         97       7100       5362 1648702198.000   1648702198.000    6.30000e+02       0.00      90.00   2.90500e+02   3.65500e+02      982.5       20.1           nan           nan     0           8.56500e+01   3.75900e+00  
     2022         3        31         4        52        22         98       7100       5362 1648702342.000   1648702342.000    6.30000e+02       0.00      45.00   2.90500e+02   3.65500e+02      960.7       14.1   1.40700e+01   7.85000e-02     1           1.46660e+02   4.70900e+00  
     2022         3        31         4        54        46         99       7100       5362 1648702486.000   1648702486.000    6.30000e+02      90.00      45.00   2.90500e+02   3.65500e+02      985.6       24.4   2.10300e+01   1.56700e-01     0           6.67800e+01   3.47400e+00  
     2022         3        31         4        57        10        100       7100       5362 1648702630.000   1648702630.000    6.30000e+02     180.00      45.00   2.90500e+02   3.65500e+02      978.7       23.1   9.82000e+00   7.40000e-02     0           6.95100e+01   3.47900e+00  
     2022         3        31         5         0        10        101       7100       5362 1648702810.000   1648702810.000    6.30000e+02     -90.00      45.00   2.87500e+02   3.62500e+02      982.2       18.5  -2.30800e+01   1.62000e-01     1           1.05700e+02   4.24400e+00  
     2022         3        31         5         6        10        102       7100       5362 1648703170.000   1648703170.000    6.30000e+02       0.00      90.00   2.87500e+02   3.62500e+02     1006.0       30.4           nan           nan     0           5.06400e+01   3.17100e+00  
     2022         3        31         5         8        34        103       7100       5362 1648703314.000   1648703314.000    6.30000e+02       0.00      45.00   2.87500e+02   3.62500e+02     1020.9       30.8   1.82000e+01   1.77400e-01     1           6.79400e+01   4.11100e+00  
     2022         3        31         5        10        58        104       7100       5362 1648703458.000   1648703458.000    6.30000e+02      90.00      45.00   2.87500e+02   3.62500e+02     1017.7       29.9   2.95900e+01   2.80500e-01     0           5.28800e+01   3.22700e+00  
     2022         3        31         5        13        22        105       7100       5362 1648703602.000   1648703602.000    6.30000e+02     180.00      45.00   2.87500e+02   3.62500e+02     1034.1       35.4   1.81000e+01   1.86200e-01     0           4.10700e+01   2.90300e+00  
     2022         3        31         5        15        46        106       7100       5362 1648703746.000   1648703746.000    6.30000e+02     -90.00      45.00   2.87500e+02   3.62500e+02     1031.9       25.0   1.33200e+01   1.13300e-01     1           7.59400e+01   3.82400e+00  
     2022         3        31         5        18        10        107       7100       5362 1648703890.000   1648703890.000    6.30000e+02       0.00      90.00   2.87500e+02   3.62500e+02     1003.1       29.7           nan           nan     0           5.14600e+01   3.17000e+00  
     2022         3        31         5        21        10        108       7100       5362 1648704070.000   1648704070.000    6.30000e+02       0.00      45.00   2.87500e+02   3.62500e+02      987.5       33.1   2.62200e+01   2.85000e-01     1           5.21400e+01   3.52500e+00  
     2022         3        31         5        23        34        109       7100       5362 1648704214.000   1648704214.000    6.30000e+02      90.00      45.00   2.87500e+02   3.62500e+02     1039.9       41.5   1.89100e+01   2.36300e-01     0           3.35600e+01   2.73000e+00  
     2022         3        31         5        25        58        110       7100       5362 1648704358.000   1648704358.000    6.30000e+02     180.00      45.00   2.87500e+02   3.62500e+02     1019.4       38.8   4.61200e+01   5.79700e-01     0           3.49500e+01   2.72600e+00  
     2022         3        31         5        28        22        111       7100       5362 1648704502.000   1648704502.000    6.30000e+02     -90.00      45.00   2.87500e+02   3.62500e+02     1078.6       47.4   1.45300e+01   2.12300e-01     1           3.39200e+01   2.97800e+00  
     2022         3        31         5        34        22        112       7100       5362 1648704862.000   1648704862.000    6.30000e+02       0.00      90.00   2.87500e+02   3.62500e+02     1062.8       54.1           nan           nan     1           2.43900e+01   2.48800e+00  
     2022         3        31         5        36        46        113       7100       5362 1648705006.000   1648705006.000    6.30000e+02       0.00      45.00   2.87500e+02   3.62500e+02     1034.1       71.2   5.49300e+01   1.23320e+00     2           2.23800e+01   2.96600e+00  
     2022         3        31         5        39        10        114       7100       5362 1648705150.000   1648705150.000    6.30000e+02      90.00      45.00   2.87500e+02   3.62500e+02     1075.6       75.7  -3.10700e+01   7.63000e-01     2           1.65900e+01   2.28700e+00  
     2022         3        31         5        41        34        115       7100       5362 1648705294.000   1648705294.000    6.30000e+02     180.00      45.00   2.87500e+02   3.62500e+02     1109.3       86.8   2.73100e+01   7.61000e-01     2           1.52500e+01   2.31600e+00  
     2022         3        31         5        46        58        116       7100       5362 1648705618.000   1648705618.000    6.30000e+02       0.00      90.00   2.87500e+02   3.62500e+02     1141.6      118.5           nan           nan     2           1.15900e+01   2.29300e+00  
     2022         3        31         5        51        46        117       7100       5362 1648705906.000   1648705906.000    6.30000e+02      90.00      45.00   2.87500e+02   3.62500e+02     1250.6      148.9  -5.70200e+01   2.34490e+00     2           1.01400e+01   2.28100e+00  
     2022         3        31         6         3        10        118       7100       5362 1648706590.000   1648706590.000    6.30000e+02       0.00      90.00   2.87500e+02   3.62500e+02     1197.3      114.1           nan           nan     2           1.33300e+01   2.42300e+00  
     2022         3        31         6        15        46        119       7100       5362 1648707346.000   1648707346.000    6.30000e+02       0.00      90.00   2.87500e+02   3.62500e+02     1277.2      131.0           nan           nan     2           1.23400e+01   2.40200e+00  
     2022         3        31         6        18        10        120       7100       5362 1648707490.000   1648707490.000    6.30000e+02       0.00      45.00   2.87500e+02   3.62500e+02     1100.7       57.3   8.97900e+01   2.44080e+00     2           2.78300e+01   2.85400e+00  
     2022         3        31         6        22        58        121       7100       5362 1648707778.000   1648707778.000    6.30000e+02     180.00      45.00   2.87500e+02   3.62500e+02     1070.1       80.1   2.52300e+01   7.04000e-01     2           1.67300e+01   2.43100e+00  
     2022         3        31         6        25        22        122       7100       5362 1648707922.000   1648707922.000    6.30000e+02     -90.00      45.00   2.87500e+02   3.62500e+02     1091.6       68.0   1.78300e+01   4.34500e-01     2           2.61500e+01   3.14100e+00  
     2022         3        31         6        31        22        123       7100       5362 1648708282.000   1648708282.000    6.30000e+02       0.00      90.00   2.87500e+02   3.62500e+02     1040.9       58.8           nan           nan     2           2.33700e+01   2.60600e+00  
     2022         3        31         6        33        46        124       7100       5362 1648708426.000   1648708426.000    6.30000e+02       0.00      45.00   2.87500e+02   3.62500e+02     1015.0       40.8   2.49900e+01   3.92300e-01     1           3.77700e+01   3.05400e+00  
     2022         3        31         6        36        10        125       7100       5362 1648708570.000   1648708570.000    6.30000e+02      90.00      45.00   2.87500e+02   3.62500e+02     1005.7       49.1  -3.06100e+01   5.12800e-01     1           2.61900e+01   2.56500e+00  
     2022         3        31         6        39        10        126       7100       5362 1648708750.000   1648708750.000    6.30000e+02     180.00      45.00   2.87500e+02   3.62500e+02     1030.1       50.1  -1.26500e+01   2.04000e-01     1           2.84800e+01   2.76100e+00  
     2022         3        31         6        41        34        127       7100       5362 1648708894.000   1648708894.000    6.30000e+02     -90.00      45.00   2.87500e+02   3.62500e+02     1057.4       44.5   3.13400e+01   4.58400e-01     2           4.10200e+01   3.41700e+00  
     2022         3        31         6        43        58        128       7100       5362 1648709038.000   1648709038.000    6.30000e+02       0.00      90.00   2.87500e+02   3.62500e+02     1086.5       44.4           nan           nan     1           3.47300e+01   2.86700e+00  
     2022         3        31         6        46        22        129       7100       5362 1648709182.000   1648709182.000    6.30000e+02       0.00      45.00   2.87500e+02   3.62500e+02     1092.5       69.6   6.96000e+00   1.23400e-01     2           2.71200e+01   3.32200e+00  
     2022         3        31         6        48        46        130       7100       5362 1648709326.000   1648709326.000    6.30000e+02      90.00      45.00   2.87500e+02   3.62500e+02      999.6       54.9   3.06600e+01   4.61900e-01     2           2.32400e+01   2.53600e+00  
     2022         3        31         6        51        10        131       7100       5362 1648709470.000   1648709470.000    6.30000e+02     180.00      45.00   2.87500e+02   3.62500e+02      970.4       29.2   2.18800e+01   2.24900e-01     0           4.87100e+01   3.05700e+00  
     2022         3        31         6        54        10        132       7100       5362 1648709650.000   1648709650.000    6.30000e+02     -90.00      45.00   2.87500e+02   3.62500e+02      982.8       33.0   1.38700e+01   1.45300e-01     1           5.29200e+01   3.58600e+00  
     2022         3        31         7         0        10        133       7100       5362 1648710010.000   1648710010.000    6.30000e+02       0.00      90.00   2.89500e+02   3.64500e+02      994.6       25.2           nan           nan     0           6.39600e+01   3.41200e+00  
     2022         3        31         7         2        34        134       7100       5362 1648710154.000   1648710154.000    6.30000e+02       0.00      45.00   2.89500e+02   3.64500e+02     1055.8       53.3  -2.09200e+01   2.63800e-01     2           3.70400e+01   3.62400e+00  
     2022         3        31         7         4        58        135       7100       5362 1648710298.000   1648710298.000    6.30000e+02      90.00      45.00   2.89500e+02   3.64500e+02     1066.7       39.4  -7.07000e+00   6.89000e-02     0           3.85300e+01   2.90600e+00  
     2022         3        31         7         7        22        136       7100       5362 1648710442.000   1648710442.000    6.30000e+02     180.00      45.00   2.89500e+02   3.64500e+02      978.3       25.2  -1.03000e+01   7.91000e-02     0           5.98900e+01   3.25900e+00  
     2022         3        31         7         9        46        137       7100       5362 1648710586.000   1648710586.000    6.30000e+02     -90.00      45.00   2.89500e+02   3.64500e+02      987.3       23.3  -1.36900e+01   1.01500e-01     1           8.01000e+01   3.94400e+00  
     2022         3        31         7        12        10        138       7100       5362 1648710730.000   1648710730.000    6.30000e+02       0.00      90.00   2.89500e+02   3.64500e+02      980.2       22.5           nan           nan     0           6.68700e+01   3.30700e+00  
     2022         3        31         7        14        34        139       7100       5362 1648710874.000   1648710874.000    6.30000e+02       0.00      45.00   2.89500e+02   3.64500e+02      950.2       19.0   3.60000e+00   2.58000e-02     0           8.69600e+01   3.75000e+00  
     2022         3        31         7        17        34        140       7100       5362 1648711054.000   1648711054.000    6.30000e+02      90.00      45.00   2.89500e+02   3.64500e+02      989.5       26.1   9.20000e+00   8.10000e-02     0           5.43100e+01   3.05400e+00  
     2022         3        31         7        19        58        141       7100       5362 1648711198.000   1648711198.000    6.30000e+02     180.00      45.00   2.89500e+02   3.64500e+02      986.0       30.8   1.94200e+01   1.98300e-01     0           4.64300e+01   3.01400e+00  
     2022         3        31         7        22        22        142       7100       5362 1648711342.000   1648711342.000    6.30000e+02     -90.00      45.00   2.89500e+02   3.64500e+02      992.3       28.2  -1.02200e+01   1.06700e-01     1           6.12100e+01   3.57600e+00  
     2022         3        31         7        28        22        143       7100       5362 1648711702.000   1648711702.000    6.30000e+02       0.00      90.00   2.89500e+02   3.64500e+02     1005.2       44.2           nan           nan     1           3.27300e+01   2.88600e+00  
     2022         3        31         7        30        46        144       7100       5362 1648711846.000   1648711846.000    6.30000e+02       0.00      45.00   2.89500e+02   3.64500e+02     1028.7       45.9   3.17200e+01   4.68700e-01     2           3.93800e+01   3.45000e+00  
     2022         3        31         7        33        10        145       7100       5362 1648711990.000   1648711990.000    6.30000e+02      90.00      45.00   2.89500e+02   3.64500e+02      993.6       37.4   2.56700e+01   3.29800e-01     0           3.60700e+01   2.78500e+00  
     2022         3        31         7        35        34        146       7100       5362 1648712134.000   1648712134.000    6.30000e+02     180.00      45.00   2.89500e+02   3.64500e+02     1011.6       43.9   2.45800e+01   3.33500e-01     1           3.28100e+01   2.86100e+00  
     2022         3        31         7        38        34        147       7100       5362 1648712314.000   1648712314.000    6.30000e+02     -90.00      45.00   2.89500e+02   3.64500e+02      992.5       29.9  -5.05000e+00   5.54000e-02     0           5.09200e+01   3.18500e+00  
     2022         3        31         7        40        58        148       7100       5362 1648712458.000   1648712458.000    6.30000e+02       0.00      90.00   2.89500e+02   3.64500e+02      995.3       35.8           nan           nan     0           3.57400e+01   2.66800e+00  
     2022         3        31         7        43        22        149       7100       5362 1648712602.000   1648712602.000    6.30000e+02       0.00      45.00   2.89500e+02   3.64500e+02      979.7       25.4   3.63800e+01   3.62700e-01     0           5.85700e+01   3.21700e+00  
     2022         3        31         7        45        46        150       7100       5362 1648712746.000   1648712746.000    6.30000e+02      90.00      45.00   2.89500e+02   3.64500e+02     1020.2       46.0  -1.62300e+01   2.16500e-01     1           3.03100e+01   2.74500e+00  
     2022         3        31         7        48        10        151       7100       5362 1648712890.000   1648712890.000    6.30000e+02     180.00      45.00   2.89500e+02   3.64500e+02     1024.2       45.9   6.26000e+00   8.38000e-02     1           3.06500e+01   2.76200e+00  
     2022         3        31         7        50        34        152       7100       5362 1648713034.000   1648713034.000    6.30000e+02     -90.00      45.00   2.89500e+02   3.64500e+02     1006.9       36.6   9.28000e+00   1.09700e-01     0           4.12700e+01   3.05100e+00  
     2022         3        31         7        56        34        153       7100       5362 1648713394.000   1648713394.000    6.30000e+02       0.00      90.00   2.89500e+02   3.64500e+02      970.2       37.5           nan           nan     0           3.21200e+01   2.56600e+00  
     2022         3        31         7        59        34        154       7100       5362 1648713574.000   1648713574.000    6.30000e+02       0.00      45.00   2.86500e+02   3.61500e+02      945.6       25.8   2.95600e+01   2.97600e-01     0           5.59600e+01   3.21300e+00  
     2022         3        31         8         1        58        155       7100       5362 1648713718.000   1648713718.000    6.30000e+02      90.00      45.00   2.86500e+02   3.61500e+02      940.9       21.2   2.16000e+01   1.95000e-01     0           7.03800e+01   3.41200e+00  
     2022         3        31         8         4        22        156       7100       5362 1648713862.000   1648713862.000    6.30000e+02     180.00      45.00   2.86500e+02   3.61500e+02      989.5       33.4   3.85000e+00   4.12000e-02     0           4.25000e+01   2.95900e+00  
     2022         3        31         8         6        46        157       7100       5362 1648714006.000   1648714006.000    6.30000e+02     -90.00      45.00   2.86500e+02   3.61500e+02     1025.7       33.6   2.07600e+01   2.13900e-01     0           4.68600e+01   3.14900e+00  
     2022         3        31         8         9        10        158       7100       5362 1648714150.000   1648714150.000    6.30000e+02       0.00      90.00   2.86500e+02   3.61500e+02      982.7       28.9           nan           nan     0           5.06300e+01   3.11100e+00  
     2022         3        31         8        11        34        159       7100       5362 1648714294.000   1648714294.000    6.30000e+02       0.00      45.00   2.86500e+02   3.61500e+02      973.9       21.2   1.63800e+01   1.28400e-01     1           8.67300e+01   3.97600e+00  
     2022         3        31         8        13        58        160       7100       5362 1648714438.000   1648714438.000    6.30000e+02      90.00      45.00   2.86500e+02   3.61500e+02      963.8       15.3   1.80200e+01   1.20100e-01     1           1.50930e+02   5.08900e+00  
     2022         3        31         8        16        58        161       7100       5362 1648714618.000   1648714618.000    6.30000e+02     180.00      45.00   2.86500e+02   3.61500e+02      975.3       21.1   1.18400e+01   8.82000e-02     1           9.48900e+01   4.27700e+00  
     2022         3        31         8        19        22        162       7100       5362 1648714762.000   1648714762.000    6.30000e+02     -90.00      45.00   2.86500e+02   3.61500e+02     1079.4       29.7  -1.08100e+01   9.26000e-02     1           7.66800e+01   4.25600e+00  
     2022         3        31         8        25        22        163       7100       5362 1648715122.000   1648715122.000    6.30000e+02       0.00      90.00   2.86500e+02   3.61500e+02     1064.0       20.8           nan           nan     2           1.63520e+02   6.39400e+00  
     2022         3        31         8        27        46        164       7100       5362 1648715266.000   1648715266.000    6.30000e+02       0.00      45.00   2.86500e+02   3.61500e+02     1109.2       17.8   7.51000e+00   4.63000e-02     2           2.80950e+02   8.90600e+00  
