   YEAR     MONTH      DAY       HOUR      MIN       SEC       RECNO     KINDAT      KINST       UT1_UNIX        UT2_UNIX        WAVLEN        AZM        ELM         ALTB          ALTE         TN         DTN        VNHLU         DVNHLU     FPI_DATAQUAL      RLE           DRLE     
     2022         3        12        21        49        58          0       7100       5362 1647121798.000   1647121798.000    6.30000e+02       0.00      45.00   2.04500e+02   2.79500e+02     1158.4       11.0  -2.42400e+01   6.80000e-02     2           5.21370e+02   1.01960e+01  
     2022         3        12        21        52        22          1       7100       5362 1647121942.000   1647121942.000    6.30000e+02      90.00      45.00   2.04500e+02   2.79500e+02     1107.0        9.8   2.14900e+01   5.70000e-02     2           4.76490e+02   8.95200e+00  
     2022         3        12        21        54        46          2       7100       5362 1647122086.000   1647122086.000    6.30000e+02     180.00      45.00   2.04500e+02   2.79500e+02     1095.2       10.9   4.92000e+00   1.39000e-02     1           3.53610e+02   7.57700e+00  
     2022         3        12        21        57        10          3       7100       5362 1647122230.000   1647122230.000    6.30000e+02     -90.00      45.00   2.04500e+02   2.79500e+02     1102.7        9.4  -1.27100e+01   3.29000e-02     2           4.77570e+02   8.73200e+00  
     2022         3        12        21        59        34          4       7100       5362 1647122374.000   1647122374.000    6.30000e+02       0.00      90.00   2.18500e+02   2.93500e+02     1090.9        8.9           nan           nan     2           5.17820e+02   9.10200e+00  
     2022         3        12        22         1        58          5       7100       5362 1647122518.000   1647122518.000    6.30000e+02       0.00      45.00   2.18500e+02   2.93500e+02     1096.3       10.6  -3.50000e-01   1.00000e-03     2           4.06750e+02   8.36200e+00  
     2022         3        12        22         4        58          6       7100       5362 1647122698.000   1647122698.000    6.30000e+02      90.00      45.00   2.18500e+02   2.93500e+02     1079.7       11.6   6.12000e+00   1.85000e-02     1           3.07240e+02   7.06700e+00  
     2022         3        12        22         7        22          7       7100       5362 1647122842.000   1647122842.000    6.30000e+02     180.00      45.00   2.18500e+02   2.93500e+02     1054.9        9.4   2.79700e+01   7.72000e-02     1           3.95670e+02   7.71200e+00  
     2022         3        12        22         9        46          8       7100       5362 1647122986.000   1647122986.000    6.30000e+02     -90.00      45.00   2.18500e+02   2.93500e+02     1092.7       16.7   7.76000e+00   3.04000e-02     1           1.96630e+02   6.22600e+00  
     2022         3        12        22        15        46          9       7100       5362 1647123346.000   1647123346.000    6.30000e+02       0.00      90.00   2.18500e+02   2.93500e+02     1070.9       11.0           nan           nan     2           3.63890e+02   7.92400e+00  
     2022         3        12        22        18        10         10       7100       5362 1647123490.000   1647123490.000    6.30000e+02       0.00      45.00   2.18500e+02   2.93500e+02     1100.8       14.3  -3.56000e+00   1.40000e-02     1           2.68980e+02   7.22800e+00  
     2022         3        12        22        20        34         11       7100       5362 1647123634.000   1647123634.000    6.30000e+02      90.00      45.00   2.18500e+02   2.93500e+02     1068.4       15.9   8.34000e+00   3.71000e-02     1           1.87480e+02   5.84400e+00  
     2022         3        12        22        22        58         12       7100       5362 1647123778.000   1647123778.000    6.30000e+02     180.00      45.00   2.18500e+02   2.93500e+02     1082.3       17.7   2.01700e+01   1.00500e-01     1           1.66520e+02   5.66300e+00  
     2022         3        12        22        25        22         13       7100       5362 1647123922.000   1647123922.000    6.30000e+02     -90.00      45.00   2.18500e+02   2.93500e+02     1093.6       15.2  -1.40000e-01   7.00000e-04     2           2.48890e+02   7.10900e+00  
     2022         3        12        22        28        22         14       7100       5362 1647124102.000   1647124102.000    6.30000e+02       0.00      90.00   2.18500e+02   2.93500e+02     1093.2       20.2           nan           nan     1           1.52330e+02   5.73600e+00  
     2022         3        12        22        30        46         15       7100       5362 1647124246.000   1647124246.000    6.30000e+02       0.00      45.00   2.18500e+02   2.93500e+02     1099.7       13.7  -1.26800e+01   6.17000e-02     2           3.27100e+02   8.31300e+00  
     2022         3        12        22        33        10         16       7100       5362 1647124390.000   1647124390.000    6.30000e+02      90.00      45.00   2.18500e+02   2.93500e+02     1071.5       16.5   1.49400e+01   7.71000e-02     1           1.84600e+02   5.92100e+00  
     2022         3        12        22        35        34         17       7100       5362 1647124534.000   1647124534.000    6.30000e+02     180.00      45.00   2.18500e+02   2.93500e+02     1100.2       25.0   1.73200e+01   1.10000e-01     1           1.09000e+02   5.00700e+00  
     2022         3        12        22        37        58         18       7100       5362 1647124678.000   1647124678.000    6.30000e+02     -90.00      45.00   2.18500e+02   2.93500e+02     1099.3       18.9   6.57000e+00   3.48000e-02     2           1.94600e+02   6.75300e+00  
     2022         3        12        22        43        58         19       7100       5362 1647125038.000   1647125038.000    6.30000e+02       0.00      90.00   2.18500e+02   2.93500e+02     1054.0       14.7           nan           nan     1           2.40710e+02   6.92700e+00  
     2022         3        12        22        46        22         20       7100       5362 1647125182.000   1647125182.000    6.30000e+02       0.00      45.00   2.18500e+02   2.93500e+02     1067.1       15.9   8.20000e-01   3.70000e-03     2           2.23300e+02   6.83600e+00  
     2022         3        12        22        48        46         21       7100       5362 1647125326.000   1647125326.000    6.30000e+02      90.00      45.00   2.18500e+02   2.93500e+02     1049.2       13.3   1.69300e+01   6.87000e-02     1           2.62960e+02   6.97100e+00  
     2022         3        12        22        51        46         22       7100       5362 1647125506.000   1647125506.000    6.30000e+02     180.00      45.00   2.18500e+02   2.93500e+02     1057.0       16.4   1.86100e+01   8.30000e-02     1           1.93510e+02   6.20500e+00  
     2022         3        12        22        54        10         23       7100       5362 1647125650.000   1647125650.000    6.30000e+02     -90.00      45.00   2.18500e+02   2.93500e+02     1037.0       11.5  -2.51600e+01   9.21000e-02     2           3.42530e+02   7.92700e+00  
     2022         3        12        22        56        34         24       7100       5362 1647125794.000   1647125794.000    6.30000e+02       0.00      90.00   2.18500e+02   2.93500e+02     1041.5       12.7           nan           nan     1           2.86360e+02   7.28000e+00  
     2022         3        12        22        58        58         25       7100       5362 1647125938.000   1647125938.000    6.30000e+02       0.00      45.00   2.28500e+02   3.03500e+02     1068.3       14.7   8.17000e+00   3.38000e-02     2           2.63440e+02   7.44300e+00  
     2022         3        12        23         1        22         26       7100       5362 1647126082.000   1647126082.000    6.30000e+02      90.00      45.00   2.28500e+02   3.03500e+02     1037.6       13.2   1.90000e+01   7.35000e-02     1           2.48910e+02   6.65900e+00  
     2022         3        12        23         3        46         27       7100       5362 1647126226.000   1647126226.000    6.30000e+02     180.00      45.00   2.28500e+02   3.03500e+02     1020.4       12.0   2.07800e+01   7.68000e-02     1           2.68510e+02   6.74700e+00  
     2022         3        12        23         6        10         28       7100       5362 1647126370.000   1647126370.000    6.30000e+02     -90.00      45.00   2.28500e+02   3.03500e+02     1048.9       12.0  -1.80000e+01   6.66000e-02     2           3.21790e+02   7.69300e+00  
     2022         3        12        23        12        10         29       7100       5362 1647126730.000   1647126730.000    6.30000e+02       0.00      90.00   2.28500e+02   3.03500e+02     1017.2       12.7           nan           nan     1           2.73350e+02   7.15700e+00  
     2022         3        12        23        15        10         30       7100       5362 1647126910.000   1647126910.000    6.30000e+02       0.00      45.00   2.28500e+02   3.03500e+02     1146.4       15.2   1.12200e+01   4.77000e-02     2           4.21640e+02   1.10110e+01  
     2022         3        12        23        17        34         31       7100       5362 1647127054.000   1647127054.000    6.30000e+02      90.00      45.00   2.28500e+02   3.03500e+02     1032.3       17.4   1.36400e+01   6.41000e-02     1           1.73490e+02   5.99400e+00  
     2022         3        12        23        19        58         32       7100       5362 1647127198.000   1647127198.000    6.30000e+02     180.00      45.00   2.28500e+02   3.03500e+02     1029.1       13.9   1.71000e+01   7.17000e-02     1           2.28540e+02   6.47200e+00  
     2022         3        12        23        22        22         33       7100       5362 1647127342.000   1647127342.000    6.30000e+02     -90.00      45.00   2.28500e+02   3.03500e+02     1061.1       19.7   1.28900e+01   6.68000e-02     2           1.80930e+02   6.72200e+00  
     2022         3        12        23        24        46         34       7100       5362 1647127486.000   1647127486.000    6.30000e+02       0.00      90.00   2.28500e+02   3.03500e+02     1021.5       14.5           nan           nan     1           2.32370e+02   6.81800e+00  
     2022         3        12        23        27        10         35       7100       5362 1647127630.000   1647127630.000    6.30000e+02       0.00      45.00   2.28500e+02   3.03500e+02     1102.6       15.6   1.32200e+01   6.11000e-02     2           3.49570e+02   9.78300e+00  
     2022         3        12        23        29        34         36       7100       5362 1647127774.000   1647127774.000    6.30000e+02      90.00      45.00   2.28500e+02   3.03500e+02     1003.9       13.3   4.16500e+01   1.80500e-01     1           2.22650e+02   6.23900e+00  
     2022         3        12        23        32        34         37       7100       5362 1647127954.000   1647127954.000    6.30000e+02     180.00      45.00   2.28500e+02   3.03500e+02     1044.9       19.5   2.11600e+01   1.12700e-01     1           1.55640e+02   5.89600e+00  
     2022         3        12        23        34        58         38       7100       5362 1647128098.000   1647128098.000    6.30000e+02     -90.00      45.00   2.28500e+02   3.03500e+02     1068.5       21.2   2.31000e+00   1.31000e-02     2           1.64000e+02   6.50000e+00  
     2022         3        12        23        40        58         39       7100       5362 1647128458.000   1647128458.000    6.30000e+02       0.00      90.00   2.28500e+02   3.03500e+02     1044.3       16.8           nan           nan     1           1.90850e+02   6.31000e+00  
     2022         3        12        23        43        22         40       7100       5362 1647128602.000   1647128602.000    6.30000e+02       0.00      45.00   2.28500e+02   3.03500e+02     1083.8       17.3   1.44300e+01   7.57000e-02     2           2.37710e+02   7.62300e+00  
     2022         3        12        23        45        46         41       7100       5362 1647128746.000   1647128746.000    6.30000e+02      90.00      45.00   2.28500e+02   3.03500e+02      994.5       13.2   5.69600e+01   2.65500e-01     1           1.99000e+02   5.70000e+00  
     2022         3        12        23        48        10         42       7100       5362 1647128890.000   1647128890.000    6.30000e+02     180.00      45.00   2.28500e+02   3.03500e+02     1085.1       25.4   3.29600e+01   2.17400e-01     1           1.11870e+02   5.25300e+00  
     2022         3        12        23        50        34         43       7100       5362 1647129034.000   1647129034.000    6.30000e+02     -90.00      45.00   2.28500e+02   3.03500e+02     1142.6       32.5   2.34800e+01   1.78500e-01     2           1.06250e+02   5.87800e+00  
     2022         3        12        23        52        58         44       7100       5362 1647129178.000   1647129178.000    6.30000e+02       0.00      90.00   2.28500e+02   3.03500e+02     1034.3       18.2           nan           nan     1           1.64630e+02   5.93000e+00  
     2022         3        12        23        55        58         45       7100       5362 1647129358.000   1647129358.000    6.30000e+02       0.00      45.00   2.28500e+02   3.03500e+02     1084.1       20.3   1.76700e+01   1.04600e-01     2           1.85310e+02   6.92300e+00  
     2022         3        12        23        58        22         46       7100       5362 1647129502.000   1647129502.000    6.30000e+02      90.00      45.00   2.28500e+02   3.03500e+02      998.4       15.9   4.01300e+01   2.12500e-01     1           1.58510e+02   5.30900e+00  
     2022         3        13         0         0        46         47       7100       5362 1647129646.000   1647129646.000    6.30000e+02     180.00      45.00   2.35500e+02   3.10500e+02     1062.1       25.6   2.03700e+01   1.40200e-01     1           1.06490e+02   5.14300e+00  
     2022         3        13         0         3        10         48       7100       5362 1647129790.000   1647129790.000    6.30000e+02     -90.00      45.00   2.35500e+02   3.10500e+02     1117.2       30.0   2.58500e+01   1.94600e-01     2           1.09500e+02   5.76100e+00  
     2022         3        13         0         9        10         49       7100       5362 1647130150.000   1647130150.000    6.30000e+02       0.00      90.00   2.35500e+02   3.10500e+02     1028.3       19.8           nan           nan     1           1.41910e+02   5.56800e+00  
     2022         3        13         0        11        34         50       7100       5362 1647130294.000   1647130294.000    6.30000e+02       0.00      45.00   2.35500e+02   3.10500e+02     1103.1       26.6   1.63500e+01   1.21000e-01     2           1.29290e+02   6.14400e+00  
     2022         3        13         0        13        58         51       7100       5362 1647130438.000   1647130438.000    6.30000e+02      90.00      45.00   2.35500e+02   3.10500e+02      967.3       19.2   4.60300e+01   3.04700e-01     1           1.19100e+02   4.87900e+00  
     2022         3        13         0        16        22         52       7100       5362 1647130582.000   1647130582.000    6.30000e+02     180.00      45.00   2.35500e+02   3.10500e+02     1063.6       24.9   2.20700e+01   1.69800e-01     1           1.08160e+02   5.09800e+00  
     2022         3        13         0        19        22         53       7100       5362 1647130762.000   1647130762.000    6.30000e+02     -90.00      45.00   2.35500e+02   3.10500e+02     1137.8       37.3   3.02000e+01   2.98300e-01     2           8.63300e+01   5.47900e+00  
     2022         3        13         0        21        46         54       7100       5362 1647130906.000   1647130906.000    6.30000e+02       0.00      90.00   2.35500e+02   3.10500e+02     1059.8       28.1           nan           nan     1           9.50200e+01   5.01800e+00  
     2022         3        13         0        24        10         55       7100       5362 1647131050.000   1647131050.000    6.30000e+02       0.00      45.00   2.35500e+02   3.10500e+02     1159.3       43.3   2.73800e+01   3.05800e-01     2           7.27600e+01   5.23000e+00  
     2022         3        13         0        26        34         56       7100       5362 1647131194.000   1647131194.000    6.30000e+02      90.00      45.00   2.35500e+02   3.10500e+02     1080.8       30.3   3.40700e+01   3.27100e-01     1           8.41500e+01   4.69400e+00  
     2022         3        13         0        28        58         57       7100       5362 1647131338.000   1647131338.000    6.30000e+02     180.00      45.00   2.35500e+02   3.10500e+02     1082.1       32.4   2.10500e+01   2.16600e-01     2           8.25500e+01   4.87500e+00  
     2022         3        13         0        31        22         58       7100       5362 1647131482.000   1647131482.000    6.30000e+02     -90.00      45.00   2.35500e+02   3.10500e+02     1220.0       57.5   1.99700e+01   2.81300e-01     2           5.96200e+01   5.31700e+00  
     2022         3        13         0        37        22         59       7100       5362 1647131842.000   1647131842.000    6.30000e+02       0.00      90.00   2.35500e+02   3.10500e+02     1143.7       42.5           nan           nan     2           6.52400e+01   4.70200e+00  
     2022         3        13         0        39        46         60       7100       5362 1647131986.000   1647131986.000    6.30000e+02       0.00      45.00   2.35500e+02   3.10500e+02     1215.2       54.0   1.79300e+01   2.61300e-01     2           5.85200e+01   4.95800e+00  
     2022         3        13         0        42        46         61       7100       5362 1647132166.000   1647132166.000    6.30000e+02      90.00      45.00   2.35500e+02   3.10500e+02     1132.5       35.9   5.36600e+01   6.51400e-01     2           7.44900e+01   4.64800e+00  
     2022         3        13         0        45        10         62       7100       5362 1647132310.000   1647132310.000    6.30000e+02     180.00      45.00   2.35500e+02   3.10500e+02     1164.4       44.2   1.95400e+01   2.62900e-01     2           6.32700e+01   4.65400e+00  
     2022         3        13         0        49        58         63       7100       5362 1647132598.000   1647132598.000    6.30000e+02       0.00      90.00   2.35500e+02   3.10500e+02     1201.4       48.5           nan           nan     2           6.17300e+01   4.79600e+00  
     2022         3        13         0        54        46         64       7100       5362 1647132886.000   1647132886.000    6.30000e+02      90.00      45.00   2.35500e+02   3.10500e+02     1112.7       42.8   1.21000e+00   1.70000e-02     2           5.95800e+01   4.45100e+00  
     2022         3        13         0        57        10         65       7100       5362 1647133030.000   1647133030.000    6.30000e+02     180.00      45.00   2.35500e+02   3.10500e+02     1189.7       64.9   7.29100e+01   1.27130e+00     2           4.06700e+01   4.22200e+00  
     2022         3        13         1         5        34         66       7100       5362 1647133534.000   1647133534.000    6.30000e+02       0.00      90.00   2.41500e+02   3.16500e+02     1218.1       56.4           nan           nan     2           5.27500e+01   4.66500e+00  
     2022         3        13         1         8        34         67       7100       5362 1647133714.000   1647133714.000    6.30000e+02       0.00      45.00   2.41500e+02   3.16500e+02     1213.7       50.8   3.78400e+01   5.91500e-01     2           6.39300e+01   5.11400e+00  
     2022         3        13         1        10        58         68       7100       5362 1647133858.000   1647133858.000    6.30000e+02      90.00      45.00   2.41500e+02   3.16500e+02     1112.6       37.3   1.48500e+01   1.98900e-01     2           7.14700e+01   4.69200e+00  
     2022         3        13         1        13        22         69       7100       5362 1647134002.000   1647134002.000    6.30000e+02     180.00      45.00   2.41500e+02   3.16500e+02     1135.9       52.9   4.94200e+01   7.48600e-01     2           4.57500e+01   4.10900e+00  
     2022         3        13         1        18        10         70       7100       5362 1647134290.000   1647134290.000    6.30000e+02       0.00      90.00   2.41500e+02   3.16500e+02     1150.9       41.1           nan           nan     2           6.83700e+01   4.74400e+00  
     2022         3        13         1        20        34         71       7100       5362 1647134434.000   1647134434.000    6.30000e+02       0.00      45.00   2.41500e+02   3.16500e+02     1218.3       59.0   1.27100e+01   1.95700e-01     2           5.19500e+01   4.78300e+00  
     2022         3        13         1        22        58         72       7100       5362 1647134578.000   1647134578.000    6.30000e+02      90.00      45.00   2.41500e+02   3.16500e+02     1113.1       43.3   3.72000e+00   5.06000e-02     2           5.51200e+01   4.18700e+00  
     2022         3        13         1        25        58         73       7100       5362 1647134758.000   1647134758.000    6.30000e+02     180.00      45.00   2.41500e+02   3.16500e+02     1157.6       56.0   1.28400e+01   2.02000e-01     2           4.16200e+01   3.88500e+00  
     2022         3        13         1        28        22         74       7100       5362 1647134902.000   1647134902.000    6.30000e+02     -90.00      45.00   2.41500e+02   3.16500e+02     1284.5       63.7   4.28100e+01   7.36700e-01     2           5.26800e+01   4.94100e+00  
     2022         3        13         1        34        22         75       7100       5362 1647135262.000   1647135262.000    6.30000e+02       0.00      90.00   2.41500e+02   3.16500e+02     1180.4       56.5           nan           nan     2           4.56800e+01   4.19500e+00  
     2022         3        13         1        36        46         76       7100       5362 1647135406.000   1647135406.000    6.30000e+02       0.00      45.00   2.41500e+02   3.16500e+02     1290.1       69.1   2.80200e+01   5.26400e-01     2           4.63000e+01   4.68500e+00  
     2022         3        13         1        39        10         77       7100       5362 1647135550.000   1647135550.000    6.30000e+02      90.00      45.00   2.41500e+02   3.16500e+02     1076.6       41.6   1.15700e+01   1.74300e-01     2           5.38100e+01   4.07000e+00  
     2022         3        13         1        41        34         78       7100       5362 1647135694.000   1647135694.000    6.30000e+02     180.00      45.00   2.41500e+02   3.16500e+02     1108.9       51.3   1.89800e+01   3.08600e-01     2           4.30500e+01   3.85700e+00  
     2022         3        13         1        46        22         79       7100       5362 1647135982.000   1647135982.000    6.30000e+02       0.00      90.00   2.41500e+02   3.16500e+02     1142.6       51.8           nan           nan     2           4.84800e+01   4.23400e+00  
     2022         3        13         1        48        46         80       7100       5362 1647136126.000   1647136126.000    6.30000e+02       0.00      45.00   2.41500e+02   3.16500e+02     1253.1       63.5   1.10500e+01   1.88800e-01     2           4.72700e+01   4.55100e+00  
     2022         3        13         1        51        46         81       7100       5362 1647136306.000   1647136306.000    6.30000e+02      90.00      45.00   2.41500e+02   3.16500e+02     1067.1       45.4   3.98600e+01   5.89100e-01     2           4.57600e+01   3.80100e+00  
     2022         3        13         1        54        10         82       7100       5362 1647136450.000   1647136450.000    6.30000e+02     180.00      45.00   2.41500e+02   3.16500e+02     1138.1       47.4   3.50000e+01   5.18400e-01     2           4.96400e+01   4.02600e+00  
     2022         3        13         2         2        34         83       7100       5362 1647136954.000   1647136954.000    6.30000e+02       0.00      90.00   2.47500e+02   3.22500e+02     1088.1       43.7           nan           nan     2           5.35200e+01   4.18500e+00  
     2022         3        13         2         4        58         84       7100       5362 1647137098.000   1647137098.000    6.30000e+02       0.00      45.00   2.47500e+02   3.22500e+02     1132.1       55.6  -3.52000e+00   5.43000e-02     2           4.63200e+01   4.35600e+00  
     2022         3        13         2         7        22         85       7100       5362 1647137242.000   1647137242.000    6.30000e+02      90.00      45.00   2.47500e+02   3.22500e+02     1059.1       37.0   2.25000e+01   2.84500e-01     1           5.58700e+01   3.87800e+00  
     2022         3        13         2         9        46         86       7100       5362 1647137386.000   1647137386.000    6.30000e+02     180.00      45.00   2.47500e+02   3.22500e+02     1204.6       57.5  -3.18000e+00   4.87000e-02     2           4.27000e+01   3.92900e+00  
     2022         3        13         2        15        10         87       7100       5362 1647137710.000   1647137710.000    6.30000e+02       0.00      90.00   2.47500e+02   3.22500e+02     1056.4       40.9           nan           nan     2           5.47200e+01   4.14100e+00  
     2022         3        13         2        17        34         88       7100       5362 1647137854.000   1647137854.000    6.30000e+02       0.00      45.00   2.47500e+02   3.22500e+02     1109.7       49.2   1.96200e+01   2.78800e-01     2           5.05800e+01   4.32400e+00  
     2022         3        13         2        19        58         89       7100       5362 1647137998.000   1647137998.000    6.30000e+02      90.00      45.00   2.47500e+02   3.22500e+02     1018.5       47.4   2.36600e+01   3.34900e-01     2           3.89300e+01   3.53900e+00  
     2022         3        13         2        22        22         90       7100       5362 1647138142.000   1647138142.000    6.30000e+02     180.00      45.00   2.47500e+02   3.22500e+02     1067.2       45.2   3.42900e+01   4.57000e-01     2           4.68900e+01   3.87500e+00  
     2022         3        13         2        24        46         91       7100       5362 1647138286.000   1647138286.000    6.30000e+02     -90.00      45.00   2.47500e+02   3.22500e+02     1210.3       55.3   3.92200e+01   5.74300e-01     2           5.55200e+01   4.83500e+00  
     2022         3        13         2        30        46         92       7100       5362 1647138646.000   1647138646.000    6.30000e+02       0.00      90.00   2.47500e+02   3.22500e+02     1067.7       37.1           nan           nan     2           6.21100e+01   4.24800e+00  
     2022         3        13         2        33        10         93       7100       5362 1647138790.000   1647138790.000    6.30000e+02       0.00      45.00   2.47500e+02   3.22500e+02     1063.6       37.9   8.17000e+00   9.58000e-02     2           6.21200e+01   4.34500e+00  
     2022         3        13         2        35        34         94       7100       5362 1647138934.000   1647138934.000    6.30000e+02      90.00      45.00   2.47500e+02   3.22500e+02      984.6       26.2   9.14000e+00   9.10000e-02     1           7.31700e+01   3.97500e+00  
     2022         3        13         2        38        34         95       7100       5362 1647139114.000   1647139114.000    6.30000e+02     180.00      45.00   2.47500e+02   3.22500e+02     1012.5       34.6   2.44700e+01   2.72200e-01     1           5.75100e+01   3.91600e+00  
     2022         3        13         2        40        58         96       7100       5362 1647139258.000   1647139258.000    6.30000e+02     -90.00      45.00   2.47500e+02   3.22500e+02     1096.6       49.8   4.39800e+01   5.89700e-01     2           5.47000e+01   4.75500e+00  
     2022         3        13         2        43        22         97       7100       5362 1647139402.000   1647139402.000    6.30000e+02       0.00      90.00   2.47500e+02   3.22500e+02     1026.6       33.4           nan           nan     1           6.47800e+01   4.18500e+00  
     2022         3        13         2        45        46         98       7100       5362 1647139546.000   1647139546.000    6.30000e+02       0.00      45.00   2.47500e+02   3.22500e+02     1023.5       34.0  -1.60400e+01   1.75000e-01     2           6.68600e+01   4.38600e+00  
     2022         3        13         2        48        10         99       7100       5362 1647139690.000   1647139690.000    6.30000e+02      90.00      45.00   2.47500e+02   3.22500e+02     1003.6       27.3  -8.30000e+00   7.89000e-02     1           7.13100e+01   3.95300e+00  
     2022         3        13         2        50        34        100       7100       5362 1647139834.000   1647139834.000    6.30000e+02     180.00      45.00   2.47500e+02   3.22500e+02     1021.4       31.9   4.15400e+01   4.25100e-01     1           6.21600e+01   3.90300e+00  
     2022         3        13         2        52        58        101       7100       5362 1647139978.000   1647139978.000    6.30000e+02     -90.00      45.00   2.47500e+02   3.22500e+02     1163.4       55.3  -2.52000e+00   3.46000e-02     2           5.11900e+01   4.64300e+00  
     2022         3        13         2        58        58        102       7100       5362 1647140338.000   1647140338.000    6.30000e+02       0.00      90.00   2.50500e+02   3.25500e+02     1008.9       29.6           nan           nan     1           6.95100e+01   4.10300e+00  
     2022         3        13         3         1        58        103       7100       5362 1647140518.000   1647140518.000    6.30000e+02       0.00      45.00   2.50500e+02   3.25500e+02      996.2       28.7   1.44000e+00   1.35000e-02     1           7.29800e+01   4.23100e+00  
     2022         3        13         3         4        22        104       7100       5362 1647140662.000   1647140662.000    6.30000e+02      90.00      45.00   2.50500e+02   3.25500e+02      949.9       21.7   1.52000e+01   1.23400e-01     1           8.41800e+01   4.00400e+00  
     2022         3        13         3         6        46        105       7100       5362 1647140806.000   1647140806.000    6.30000e+02     180.00      45.00   2.50500e+02   3.25500e+02      981.6       31.3   1.88000e+01   1.80700e-01     1           5.87600e+01   3.77400e+00  
     2022         3        13         3         9        10        106       7100       5362 1647140950.000   1647140950.000    6.30000e+02     -90.00      45.00   2.50500e+02   3.25500e+02     1160.2       49.2   1.25300e+01   1.50600e-01     2           5.68600e+01   4.63600e+00  
     2022         3        13         3        11        34        107       7100       5362 1647141094.000   1647141094.000    6.30000e+02       0.00      90.00   2.50500e+02   3.25500e+02      983.8       26.4           nan           nan     1           7.61100e+01   4.14500e+00  
     2022         3        13         3        13        58        108       7100       5362 1647141238.000   1647141238.000    6.30000e+02       0.00      45.00   2.50500e+02   3.25500e+02     1035.3       29.9   2.57000e+00   2.37000e-02     1           7.23200e+01   4.19400e+00  
     2022         3        13         3        16        22        109       7100       5362 1647141382.000   1647141382.000    6.30000e+02      90.00      45.00   2.50500e+02   3.25500e+02      960.8       22.6   1.95100e+01   1.62400e-01     1           7.86800e+01   3.85900e+00  
     2022         3        13         3        19        22        110       7100       5362 1647141562.000   1647141562.000    6.30000e+02     180.00      45.00   2.50500e+02   3.25500e+02      983.4       31.9   1.43100e+01   1.44800e-01     1           5.73200e+01   3.74500e+00  
     2022         3        13         3        21        46        111       7100       5362 1647141706.000   1647141706.000    6.30000e+02     -90.00      45.00   2.50500e+02   3.25500e+02     1180.0       55.7   1.27300e+01   1.74100e-01     2           5.12000e+01   4.61500e+00  
     2022         3        13         3        27        46        112       7100       5362 1647142066.000   1647142066.000    6.30000e+02       0.00      90.00   2.50500e+02   3.25500e+02     1006.6       33.2           nan           nan     1           5.81000e+01   3.83800e+00  
     2022         3        13         3        30        10        113       7100       5362 1647142210.000   1647142210.000    6.30000e+02       0.00      45.00   2.50500e+02   3.25500e+02     1010.4       35.9   2.45100e+01   2.81200e-01     1           5.53600e+01   3.90500e+00  
     2022         3        13         3        32        34        114       7100       5362 1647142354.000   1647142354.000    6.30000e+02      90.00      45.00   2.50500e+02   3.25500e+02     1008.5       30.6   3.20200e+01   3.38100e-01     1           5.75100e+01   3.55500e+00  
     2022         3        13         3        34        58        115       7100       5362 1647142498.000   1647142498.000    6.30000e+02     180.00      45.00   2.50500e+02   3.25500e+02     1049.8       40.0  -4.46000e+00   5.56000e-02     1           4.73200e+01   3.58100e+00  
     2022         3        13         3        37        22        116       7100       5362 1647142642.000   1647142642.000    6.30000e+02     -90.00      45.00   2.50500e+02   3.25500e+02     1200.0       60.1   2.34400e+01   3.51300e-01     2           4.77000e+01   4.54700e+00  
     2022         3        13         3        39        46        117       7100       5362 1647142786.000   1647142786.000    6.30000e+02       0.00      90.00   2.50500e+02   3.25500e+02     1022.9       37.9           nan           nan     1           5.02900e+01   3.70000e+00  
     2022         3        13         3        42        46        118       7100       5362 1647142966.000   1647142966.000    6.30000e+02       0.00      45.00   2.50500e+02   3.25500e+02     1075.3       45.6  -3.29000e+00   4.55000e-02     2           4.63300e+01   3.83900e+00  
     2022         3        13         3        45        10        119       7100       5362 1647143110.000   1647143110.000    6.30000e+02      90.00      45.00   2.50500e+02   3.25500e+02      982.1       38.1   2.10400e+01   2.72700e-01     1           4.17200e+01   3.24200e+00  
     2022         3        13         3        47        34        120       7100       5362 1647143254.000   1647143254.000    6.30000e+02     180.00      45.00   2.50500e+02   3.25500e+02     1030.7       46.5   3.32200e+01   4.75700e-01     2           3.70200e+01   3.28800e+00  
     2022         3        13         3        49        58        121       7100       5362 1647143398.000   1647143398.000    6.30000e+02     -90.00      45.00   2.50500e+02   3.25500e+02     1127.7       56.2   7.97000e+00   1.28600e-01     2           4.36800e+01   4.17600e+00  
     2022         3        13         3        55        58        122       7100       5362 1647143758.000   1647143758.000    6.30000e+02       0.00      90.00   2.50500e+02   3.25500e+02     1042.0       47.6           nan           nan     2           3.72300e+01   3.34200e+00  
     2022         3        13         3        58        22        123       7100       5362 1647143902.000   1647143902.000    6.30000e+02       0.00      45.00   2.50500e+02   3.25500e+02     1054.7       54.6   3.48200e+01   5.67400e-01     2           3.49000e+01   3.50100e+00  
     2022         3        13         4         0        46        124       7100       5362 1647144046.000   1647144046.000    6.30000e+02      90.00      45.00   2.49500e+02   3.24500e+02     1071.3       50.6   2.30200e+01   3.44800e-01     2           3.25700e+01   3.04600e+00  
     2022         3        13         4         3        10        125       7100       5362 1647144190.000   1647144190.000    6.30000e+02     180.00      45.00   2.49500e+02   3.24500e+02     1029.4       49.0   7.69500e+01   1.12680e+00     2           3.34000e+01   3.13700e+00  
     2022         3        13         4         6        10        126       7100       5362 1647144370.000   1647144370.000    6.30000e+02     -90.00      45.00   2.49500e+02   3.24500e+02     1106.7       54.7   3.84000e+01   5.90600e-01     2           3.82300e+01   3.66600e+00  
     2022         3        13         4         8        34        127       7100       5362 1647144514.000   1647144514.000    6.30000e+02       0.00      90.00   2.49500e+02   3.24500e+02     1023.5       38.0           nan           nan     1           4.78000e+01   3.54000e+00  
     2022         3        13         4        10        58        128       7100       5362 1647144658.000   1647144658.000    6.30000e+02       0.00      45.00   2.49500e+02   3.24500e+02     1065.7       38.2   4.87000e+00   5.73000e-02     1           5.48600e+01   3.89000e+00  
     2022         3        13         4        13        22        129       7100       5362 1647144802.000   1647144802.000    6.30000e+02      90.00      45.00   2.49500e+02   3.24500e+02      947.7       28.0   3.09700e+01   3.09500e-01     0           5.33700e+01   3.27200e+00  
     2022         3        13         4        15        46        130       7100       5362 1647144946.000   1647144946.000    6.30000e+02     180.00      45.00   2.49500e+02   3.24500e+02     1009.1       31.4   3.33600e+01   3.35700e-01     1           5.49600e+01   3.48100e+00  
     2022         3        13         4        18        10        131       7100       5362 1647145090.000   1647145090.000    6.30000e+02     -90.00      45.00   2.49500e+02   3.24500e+02     1060.0       32.6   2.09000e+01   2.05300e-01     1           7.32700e+01   4.47300e+00  
     2022         3        13         4        24        10        132       7100       5362 1647145450.000   1647145450.000    6.30000e+02       0.00      90.00   2.49500e+02   3.24500e+02      941.9       22.8           nan           nan     1           7.72000e+01   3.89000e+00  
     2022         3        13         4        26        34        133       7100       5362 1647145594.000   1647145594.000    6.30000e+02       0.00      45.00   2.49500e+02   3.24500e+02      974.1       25.3   2.53000e+00   1.99000e-02     1           7.52200e+01   3.99800e+00  
     2022         3        13         4        29        34        134       7100       5362 1647145774.000   1647145774.000    6.30000e+02      90.00      45.00   2.49500e+02   3.24500e+02      964.9       25.2   1.05700e+01   8.11000e-02     0           6.20200e+01   3.40300e+00  
     2022         3        13         4        31        58        135       7100       5362 1647145918.000   1647145918.000    6.30000e+02     180.00      45.00   2.49500e+02   3.24500e+02      966.1       24.0   1.93500e+01   1.43100e-01     1           7.29200e+01   3.76000e+00  
     2022         3        13         4        34        22        136       7100       5362 1647146062.000   1647146062.000    6.30000e+02     -90.00      45.00   2.49500e+02   3.24500e+02      948.9       19.0  -1.84600e+01   1.21500e-01     1           1.15020e+02   4.78000e+00  
     2022         3        13         4        36        46        137       7100       5362 1647146206.000   1647146206.000    6.30000e+02       0.00      90.00   2.49500e+02   3.24500e+02      979.2       20.7           nan           nan     1           9.28200e+01   4.12600e+00  
     2022         3        13         4        39        10        138       7100       5362 1647146350.000   1647146350.000    6.30000e+02       0.00      45.00   2.49500e+02   3.24500e+02      972.7       23.9  -4.49000e+00   3.23000e-02     1           7.86300e+01   3.99100e+00  
     2022         3        13         4        41        34        139       7100       5362 1647146494.000   1647146494.000    6.30000e+02      90.00      45.00   2.49500e+02   3.24500e+02      938.8       23.3   1.06800e+01   7.42000e-02     0           6.68900e+01   3.49400e+00  
     2022         3        13         4        43        58        140       7100       5362 1647146638.000   1647146638.000    6.30000e+02     180.00      45.00   2.49500e+02   3.24500e+02      960.5       21.1   1.40000e+01   8.98000e-02     1           8.34000e+01   3.86200e+00  
     2022         3        13         4        46        58        141       7100       5362 1647146818.000   1647146818.000    6.30000e+02     -90.00      45.00   2.49500e+02   3.24500e+02      933.1       17.3  -8.51000e+00   4.91000e-02     1           1.19970e+02   4.68600e+00  
     2022         3        13         4        52        22        142       7100       5362 1647147142.000   1647147142.000    6.30000e+02       0.00      90.00   2.49500e+02   3.24500e+02      954.8       16.7           nan           nan     1           1.16740e+02   4.38400e+00  
     2022         3        13         4        55        22        143       7100       5362 1647147322.000   1647147322.000    6.30000e+02       0.00      45.00   2.49500e+02   3.24500e+02      945.5       15.6   1.81200e+01   9.29000e-02     1           1.31480e+02   4.66200e+00  
     2022         3        13         4        57        46        144       7100       5362 1647147466.000   1647147466.000    6.30000e+02      90.00      45.00   2.49500e+02   3.24500e+02      945.3       17.5   2.31400e+01   1.23100e-01     0           9.66600e+01   3.88200e+00  
     2022         3        13         5         0        10        145       7100       5362 1647147610.000   1647147610.000    6.30000e+02     180.00      45.00   2.46500e+02   3.21500e+02      940.0       16.9   2.01900e+01   1.03700e-01     1           1.07590e+02   4.16100e+00  
     2022         3        13         5         2        34        146       7100       5362 1647147754.000   1647147754.000    6.30000e+02     -90.00      45.00   2.46500e+02   3.21500e+02      928.4       12.1  -3.49000e+00   1.50000e-02     1           1.83270e+02   5.24200e+00  
     2022         3        13         5         4        58        147       7100       5362 1647147898.000   1647147898.000    6.30000e+02       0.00      90.00   2.46500e+02   3.21500e+02      949.2       14.4           nan           nan     1           1.37680e+02   4.57100e+00  
     2022         3        13         5         7        22        148       7100       5362 1647148042.000   1647148042.000    6.30000e+02       0.00      45.00   2.46500e+02   3.21500e+02      942.5       13.4   1.99600e+01   8.75000e-02     1           1.56940e+02   4.86800e+00  
     2022         3        13         5         9        46        149       7100       5362 1647148186.000   1647148186.000    6.30000e+02      90.00      45.00   2.46500e+02   3.21500e+02      936.9       15.1   2.07300e+01   9.63000e-02     0           1.15210e+02   4.10600e+00  
     2022         3        13         5        12        46        150       7100       5362 1647148366.000   1647148366.000    6.30000e+02     180.00      45.00   2.46500e+02   3.21500e+02      944.6       14.6   1.57900e+01   7.09000e-02     0           1.26840e+02   4.31100e+00  
     2022         3        13         5        15        10        151       7100       5362 1647148510.000   1647148510.000    6.30000e+02     -90.00      45.00   2.46500e+02   3.21500e+02      934.0       10.9  -1.35700e+01   5.27000e-02     1           1.99910e+02   5.23600e+00  
     2022         3        13         5        21        10        152       7100       5362 1647148870.000   1647148870.000    6.30000e+02       0.00      90.00   2.46500e+02   3.21500e+02      928.6       13.2           nan           nan     0           1.40080e+02   4.43700e+00  
     2022         3        13         5        23        34        153       7100       5362 1647149014.000   1647149014.000    6.30000e+02       0.00      45.00   2.46500e+02   3.21500e+02      934.2       13.0   1.43900e+01   6.05000e-02     1           1.57440e+02   4.82500e+00  
     2022         3        13         5        25        58        154       7100       5362 1647149158.000   1647149158.000    6.30000e+02      90.00      45.00   2.46500e+02   3.21500e+02      920.9       13.8   1.82500e+01   7.90000e-02     0           1.24950e+02   4.16600e+00  
     2022         3        13         5        28        22        155       7100       5362 1647149302.000   1647149302.000    6.30000e+02     180.00      45.00   2.46500e+02   3.21500e+02      922.0       14.1   8.03000e+00   3.55000e-02     0           1.26370e+02   4.26900e+00  
     2022         3        13         5        30        46        156       7100       5362 1647149446.000   1647149446.000    6.30000e+02     -90.00      45.00   2.46500e+02   3.21500e+02      930.4       12.7  -1.13500e+01   4.74000e-02     1           1.54660e+02   4.68900e+00  
     2022         3        13         5        33        10        157       7100       5362 1647149590.000   1647149590.000    6.30000e+02       0.00      90.00   2.46500e+02   3.21500e+02      924.8       13.5           nan           nan     0           1.34270e+02   4.36400e+00  
     2022         3        13         5        36        10        158       7100       5362 1647149770.000   1647149770.000    6.30000e+02       0.00      45.00   2.46500e+02   3.21500e+02      915.4       12.0   1.76600e+01   7.24000e-02     0           1.58850e+02   4.67100e+00  
     2022         3        13         5        38        34        159       7100       5362 1647149914.000   1647149914.000    6.30000e+02      90.00      45.00   2.46500e+02   3.21500e+02      927.9       14.3   1.06000e+01   4.73000e-02     0           1.19650e+02   4.10500e+00  
     2022         3        13         5        40        58        160       7100       5362 1647150058.000   1647150058.000    6.30000e+02     180.00      45.00   2.46500e+02   3.21500e+02      928.3       13.5   2.52000e+00   1.09000e-02     0           1.31150e+02   4.26100e+00  
     2022         3        13         5        43        22        161       7100       5362 1647150202.000   1647150202.000    6.30000e+02     -90.00      45.00   2.46500e+02   3.21500e+02      911.5       10.4  -9.36000e+00   3.60000e-02     0           1.87580e+02   4.89900e+00  
     2022         3        13         5        49        22        162       7100       5362 1647150562.000   1647150562.000    6.30000e+02       0.00      90.00   2.46500e+02   3.21500e+02      902.4       13.4           nan           nan     0           1.18620e+02   3.99100e+00  
     2022         3        13         5        51        46        163       7100       5362 1647150706.000   1647150706.000    6.30000e+02       0.00      45.00   2.46500e+02   3.21500e+02      905.8       13.8   1.41300e+01   6.29000e-02     0           1.23840e+02   4.18400e+00  
     2022         3        13         5        54        10        164       7100       5362 1647150850.000   1647150850.000    6.30000e+02      90.00      45.00   2.46500e+02   3.21500e+02      914.9       14.5   1.65000e+01   7.62000e-02     0           1.08110e+02   3.85000e+00  
     2022         3        13         5        56        34        165       7100       5362 1647150994.000   1647150994.000    6.30000e+02     180.00      45.00   2.46500e+02   3.21500e+02      923.7       14.1   9.57000e+00   4.36000e-02     0           1.20580e+02   4.10500e+00  
     2022         3        13         5        59        34        166       7100       5362 1647151174.000   1647151174.000    6.30000e+02     -90.00      45.00   2.44500e+02   3.19500e+02      924.5       12.8  -5.23000e+00   2.28000e-02     0           1.42030e+02   4.40500e+00  
     2022         3        13         6         1        58        167       7100       5362 1647151318.000   1647151318.000    6.30000e+02       0.00      90.00   2.44500e+02   3.19500e+02      900.8       14.5           nan           nan     0           1.06160e+02   3.83100e+00  
     2022         3        13         6         4        22        168       7100       5362 1647151462.000   1647151462.000    6.30000e+02       0.00      45.00   2.44500e+02   3.19500e+02      907.4       14.0   2.10400e+01   9.92000e-02     0           1.17750e+02   4.05700e+00  
     2022         3        13         6         6        46        169       7100       5362 1647151606.000   1647151606.000    6.30000e+02      90.00      45.00   2.44500e+02   3.19500e+02      906.1       15.3   2.04400e+01   1.01600e-01     0           1.02030e+02   3.82400e+00  
     2022         3        13         6         9        10        170       7100       5362 1647151750.000   1647151750.000    6.30000e+02     180.00      45.00   2.44500e+02   3.19500e+02      893.3       13.7   1.27300e+01   6.05000e-02     0           1.15850e+02   3.99100e+00  
     2022         3        13         6        11        34        171       7100       5362 1647151894.000   1647151894.000    6.30000e+02     -90.00      45.00   2.44500e+02   3.19500e+02      888.4       11.4  -1.20900e+01   5.35000e-02     0           1.51950e+02   4.43700e+00  
     2022         3        13         6        17        34        172       7100       5362 1647152254.000   1647152254.000    6.30000e+02       0.00      90.00   2.44500e+02   3.19500e+02      919.6       16.4           nan           nan     0           9.04300e+01   3.59200e+00  
     2022         3        13         6        19        58        173       7100       5362 1647152398.000   1647152398.000    6.30000e+02       0.00      45.00   2.44500e+02   3.19500e+02      891.7       15.5   1.31400e+01   6.96000e-02     0           9.87700e+01   3.79700e+00  
     2022         3        13         6        22        58        174       7100       5362 1647152578.000   1647152578.000    6.30000e+02      90.00      45.00   2.44500e+02   3.19500e+02      904.4       16.5   9.39000e+00   5.11000e-02     0           8.79600e+01   3.55600e+00  
     2022         3        13         6        25        22        175       7100       5362 1647152722.000   1647152722.000    6.30000e+02     180.00      45.00   2.44500e+02   3.19500e+02      901.7       14.8   1.54000e+01   7.90000e-02     0           1.02930e+02   3.77300e+00  
     2022         3        13         6        27        46        176       7100       5362 1647152866.000   1647152866.000    6.30000e+02     -90.00      45.00   2.44500e+02   3.19500e+02      906.8       13.2  -6.15000e+00   3.00000e-02     0           1.26040e+02   4.13900e+00  
     2022         3        13         6        30        10        177       7100       5362 1647153010.000   1647153010.000    6.30000e+02       0.00      90.00   2.44500e+02   3.19500e+02      902.3       16.8           nan           nan     0           8.24600e+01   3.41700e+00  
     2022         3        13         6        32        34        178       7100       5362 1647153154.000   1647153154.000    6.30000e+02       0.00      45.00   2.44500e+02   3.19500e+02      905.3       17.9  -7.00000e+00   4.02000e-02     0           7.94900e+01   3.45300e+00  
     2022         3        13         6        34        58        179       7100       5362 1647153298.000   1647153298.000    6.30000e+02      90.00      45.00   2.44500e+02   3.19500e+02      878.8       17.4   1.00200e+01   5.76000e-02     0           7.90300e+01   3.43900e+00  
     2022         3        13         6        37        58        180       7100       5362 1647153478.000   1647153478.000    6.30000e+02     180.00      45.00   2.44500e+02   3.19500e+02      910.2       15.2   1.87500e+01   1.00300e-01     0           9.88100e+01   3.70100e+00  
     2022         3        13         6        40        22        181       7100       5362 1647153622.000   1647153622.000    6.30000e+02     -90.00      45.00   2.44500e+02   3.19500e+02      896.0       14.0  -1.23700e+01   6.45000e-02     0           1.13640e+02   3.97500e+00  
     2022         3        13         6        46        22        182       7100       5362 1647153982.000   1647153982.000    6.30000e+02       0.00      90.00   2.44500e+02   3.19500e+02      913.3       18.4           nan           nan     0           7.45200e+01   3.30400e+00  
     2022         3        13         6        48        46        183       7100       5362 1647154126.000   1647154126.000    6.30000e+02       0.00      45.00   2.44500e+02   3.19500e+02      877.9       18.5   9.41000e+00   5.98000e-02     0           7.39000e+01   3.39700e+00  
     2022         3        13         6        51        10        184       7100       5362 1647154270.000   1647154270.000    6.30000e+02      90.00      45.00   2.44500e+02   3.19500e+02      888.8       19.8   1.15800e+01   7.78000e-02     0           6.60100e+01   3.20600e+00  
     2022         3        13         6        53        34        185       7100       5362 1647154414.000   1647154414.000    6.30000e+02     180.00      45.00   2.44500e+02   3.19500e+02      889.0       18.2   1.26800e+01   8.39000e-02     0           7.17500e+01   3.24100e+00  
     2022         3        13         6        55        58        186       7100       5362 1647154558.000   1647154558.000    6.30000e+02     -90.00      45.00   2.44500e+02   3.19500e+02      917.6       24.1   3.68000e+00   2.89000e-02     0           5.43000e+01   3.04100e+00  
     2022         3        13         6        58        22        187       7100       5362 1647154702.000   1647154702.000    6.30000e+02       0.00      90.00   2.44500e+02   3.19500e+02      874.8       22.8           nan           nan     0           5.25900e+01   2.94700e+00  
     2022         3        13         7         0        46        188       7100       5362 1647154846.000   1647154846.000    6.30000e+02       0.00      45.00   2.42500e+02   3.17500e+02      885.8       25.7  -4.97000e+00   4.15000e-02     0           4.75900e+01   2.91900e+00  
     2022         3        13         7         3        46        189       7100       5362 1647155026.000   1647155026.000    6.30000e+02      90.00      45.00   2.42500e+02   3.17500e+02      848.2       27.3  -2.50000e-01   2.10000e-03     0           3.80000e+01   2.59800e+00  
     2022         3        13         7         6        10        190       7100       5362 1647155170.000   1647155170.000    6.30000e+02     180.00      45.00   2.42500e+02   3.17500e+02      880.2       24.9   1.86000e+01   1.49900e-01     0           4.66200e+01   2.81500e+00  
     2022         3        13         7         8        34        191       7100       5362 1647155314.000   1647155314.000    6.30000e+02     -90.00      45.00   2.42500e+02   3.17500e+02      877.5       22.4  -7.10000e+00   5.41000e-02     0           5.77200e+01   3.14900e+00  
     2022         3        13         7        14        34        192       7100       5362 1647155674.000   1647155674.000    6.30000e+02       0.00      90.00   2.42500e+02   3.17500e+02      857.8       20.5           nan           nan     0           5.86000e+01   3.04600e+00  
     2022         3        13         7        16        58        193       7100       5362 1647155818.000   1647155818.000    6.30000e+02       0.00      45.00   2.42500e+02   3.17500e+02      868.7       22.7  -2.34000e+00   1.77000e-02     0           5.48100e+01   3.06200e+00  
     2022         3        13         7        19        22        194       7100       5362 1647155962.000   1647155962.000    6.30000e+02      90.00      45.00   2.42500e+02   3.17500e+02      853.6       21.8   1.51100e+01   1.12000e-01     0           5.34000e+01   2.94200e+00  
     2022         3        13         7        21        46        195       7100       5362 1647156106.000   1647156106.000    6.30000e+02     180.00      45.00   2.42500e+02   3.17500e+02      879.4       22.4   1.99400e+01   1.47800e-01     0           5.30300e+01   2.91600e+00  
     2022         3        13         7        24        10        196       7100       5362 1647156250.000   1647156250.000    6.30000e+02     -90.00      45.00   2.42500e+02   3.17500e+02      882.7       26.0  -8.40000e+00   6.78000e-02     0           4.56700e+01   2.84700e+00  
     2022         3        13         7        27        10        197       7100       5362 1647156430.000   1647156430.000    6.30000e+02       0.00      90.00   2.42500e+02   3.17500e+02      855.5       21.1           nan           nan     0           5.45100e+01   2.92200e+00  
     2022         3        13         7        29        34        198       7100       5362 1647156574.000   1647156574.000    6.30000e+02       0.00      45.00   2.42500e+02   3.17500e+02      862.7       21.9   8.82000e+00   6.53000e-02     0           5.70000e+01   3.10400e+00  
     2022         3        13         7        31        58        199       7100       5362 1647156718.000   1647156718.000    6.30000e+02      90.00      45.00   2.42500e+02   3.17500e+02      845.2       22.1   8.80000e+00   6.59000e-02     0           5.13800e+01   2.89300e+00  
     2022         3        13         7        34        22        200       7100       5362 1647156862.000   1647156862.000    6.30000e+02     180.00      45.00   2.42500e+02   3.17500e+02      854.8       20.6   2.75000e+00   1.96000e-02     0           5.79900e+01   3.03400e+00  
     2022         3        13         7        36        46        201       7100       5362 1647157006.000   1647157006.000    6.30000e+02     -90.00      45.00   2.42500e+02   3.17500e+02      868.6       20.6  -1.06000e+00   7.50000e-03     0           6.70300e+01   3.39200e+00  
     2022         3        13         7        43        22        202       7100       5362 1647157402.000   1647157402.000    6.30000e+02       0.00      90.00   2.42500e+02   3.17500e+02      870.2       20.2           nan           nan     0           6.02100e+01   3.04500e+00  
     2022         3        13         7        45        46        203       7100       5362 1647157546.000   1647157546.000    6.30000e+02       0.00      45.00   2.42500e+02   3.17500e+02      872.6       22.4   1.95500e+01   1.42800e-01     0           6.10800e+01   3.31600e+00  
     2022         3        13         7        48        10        204       7100       5362 1647157690.000   1647157690.000    6.30000e+02      90.00      45.00   2.42500e+02   3.17500e+02      853.4       18.0   3.57800e+01   2.31800e-01     0           7.38000e+01   3.38600e+00  
     2022         3        13         7        50        34        205       7100       5362 1647157834.000   1647157834.000    6.30000e+02     180.00      45.00   2.42500e+02   3.17500e+02      846.9       16.0   2.02700e+01   1.24300e-01     0           8.17600e+01   3.43000e+00  
     2022         3        13         7        52        58        206       7100       5362 1647157978.000   1647157978.000    6.30000e+02     -90.00      45.00   2.42500e+02   3.17500e+02      868.5       19.8  -1.94300e+01   1.32000e-01     0           7.34600e+01   3.56800e+00  
     2022         3        13         7        55        22        207       7100       5362 1647158122.000   1647158122.000    6.30000e+02       0.00      90.00   2.42500e+02   3.17500e+02      853.7       19.0           nan           nan     0           6.55000e+01   3.18300e+00  
     2022         3        13         7        57        46        208       7100       5362 1647158266.000   1647158266.000    6.30000e+02       0.00      45.00   2.42500e+02   3.17500e+02      836.4       19.1   2.57400e+01   1.72300e-01     0           6.86300e+01   3.37500e+00  
     2022         3        13         8         0        46        209       7100       5362 1647158446.000   1647158446.000    6.30000e+02      90.00      45.00   2.41500e+02   3.16500e+02      837.4       16.2   3.69600e+01   2.24700e-01     0           8.60600e+01   3.63500e+00  
     2022         3        13         8         3        10        210       7100       5362 1647158590.000   1647158590.000    6.30000e+02     180.00      45.00   2.41500e+02   3.16500e+02      833.3       15.6   1.11800e+01   6.65000e-02     0           8.80400e+01   3.61700e+00  
     2022         3        13         8         5        34        211       7100       5362 1647158734.000   1647158734.000    6.30000e+02     -90.00      45.00   2.41500e+02   3.16500e+02      882.1       16.7  -1.95700e+01   1.17700e-01     1           9.95600e+01   4.04300e+00  
     2022         3        13         8        11        34        212       7100       5362 1647159094.000   1647159094.000    6.30000e+02       0.00      90.00   2.41500e+02   3.16500e+02      837.2       17.4           nan           nan     1           9.06800e+01   3.99600e+00  
     2022         3        13         8        13        58        213       7100       5362 1647159238.000   1647159238.000    6.30000e+02       0.00      45.00   2.41500e+02   3.16500e+02      887.3       18.3   2.72900e+01   1.77200e-01     1           1.16530e+02   4.94200e+00  
     2022         3        13         8        16        22        214       7100       5362 1647159382.000   1647159382.000    6.30000e+02      90.00      45.00   2.41500e+02   3.16500e+02      904.1       13.6   3.70500e+01   2.14300e-01     2           2.55790e+02   7.78000e+00  
     2022         3        13         8        18        46        215       7100       5362 1647159526.000   1647159526.000    6.30000e+02     180.00      45.00   2.41500e+02   3.16500e+02      921.2       17.3   2.56600e+01   1.68200e-01     2           1.85180e+02   6.94700e+00  
     2022         3        13         8        21        10        216       7100       5362 1647159670.000   1647159670.000    6.30000e+02     -90.00      45.00   2.41500e+02   3.16500e+02     1074.4       25.9  -2.24000e+00   1.79000e-02     2           1.64770e+02   7.68200e+00  
     2022         3        13         8        24        10        217       7100       5362 1647159850.000   1647159850.000    6.30000e+02       0.00      90.00   2.41500e+02   3.16500e+02     1085.0       21.9           nan           nan     2           2.41900e+02   9.43000e+00  
