   YEAR     MONTH      DAY       HOUR      MIN       SEC       RECNO     KINDAT      KINST       UT1_UNIX        UT2_UNIX        WAVLEN        AZM        ELM         ALTB          ALTE         TN         DTN        VNHLU         DVNHLU     FPI_DATAQUAL      RLE           DRLE     
     2022         3        23        21        54        10          0       7100       5362 1648072450.000   1648072450.000    6.30000e+02      90.00      45.00   1.99500e+02   2.74500e+02     1010.8        6.6   3.05500e+01   6.14000e-02     1           5.73100e+02   8.57800e+00  
     2022         3        23        22        33        46          1       7100       5362 1648074826.000   1648074826.000    6.30000e+02       0.00      90.00   2.12500e+02   2.87500e+02      958.3        7.1           nan           nan     1           3.71900e+02   6.54800e+00  
     2022         3        23        22        40        58          2       7100       5362 1648075258.000   1648075258.000    6.30000e+02     180.00      45.00   2.12500e+02   2.87500e+02      941.8        7.3   4.61700e+01   1.00300e-01     1           3.53020e+02   6.43500e+00  
     2022         3        23        22        45        46          3       7100       5362 1648075546.000   1648075546.000    6.30000e+02       0.00      90.00   2.12500e+02   2.87500e+02      942.2        7.3           nan           nan     1           3.38700e+02   6.24900e+00  
     2022         3        23        22        51        10          4       7100       5362 1648075870.000   1648075870.000    6.30000e+02      90.00      45.00   2.12500e+02   2.87500e+02      931.0        7.1   1.05680e+02   2.30400e-01     1           3.49750e+02   6.32700e+00  
     2022         3        23        22        53        34          5       7100       5362 1648076014.000   1648076014.000    6.30000e+02     180.00      45.00   2.12500e+02   2.87500e+02      922.5        7.8   4.01400e+01   9.21000e-02     1           2.96480e+02   5.87600e+00  
     2022         3        23        23         1        58          6       7100       5362 1648076518.000   1648076518.000    6.30000e+02       0.00      90.00   2.21500e+02   2.96500e+02      926.1        7.5           nan           nan     1           3.18180e+02   6.09500e+00  
     2022         3        23        23         6        46          7       7100       5362 1648076806.000   1648076806.000    6.30000e+02      90.00      45.00   2.21500e+02   2.96500e+02      916.5        7.5   1.01860e+02   2.35400e-01     1           3.12810e+02   6.01300e+00  
     2022         3        23        23         9        10          8       7100       5362 1648076950.000   1648076950.000    6.30000e+02     180.00      45.00   2.21500e+02   2.96500e+02      917.1        8.2   3.24600e+01   7.95000e-02     1           2.66390e+02   5.58900e+00  
     2022         3        23        23        14        34          9       7100       5362 1648077274.000   1648077274.000    6.30000e+02       0.00      90.00   2.21500e+02   2.96500e+02      914.5        8.1           nan           nan     1           2.66920e+02   5.56700e+00  
     2022         3        23        23        19        22         10       7100       5362 1648077562.000   1648077562.000    6.30000e+02      90.00      45.00   2.21500e+02   2.96500e+02      891.5        7.7   1.06750e+02   2.65200e-01     1           2.77880e+02   5.67800e+00  
     2022         3        23        23        21        46         11       7100       5362 1648077706.000   1648077706.000    6.30000e+02     180.00      45.00   2.21500e+02   2.96500e+02      919.3        9.1   1.65500e+01   4.46000e-02     1           2.24600e+02   5.19800e+00  
     2022         3        23        23        30        10         12       7100       5362 1648078210.000   1648078210.000    6.30000e+02       0.00      90.00   2.21500e+02   2.96500e+02      899.3        8.8           nan           nan     0           2.21020e+02   5.10000e+00  
     2022         3        23        23        34        58         13       7100       5362 1648078498.000   1648078498.000    6.30000e+02      90.00      45.00   2.21500e+02   2.96500e+02      888.7        9.1   1.08460e+02   3.08900e-01     0           2.11640e+02   5.03400e+00  
     2022         3        23        23        37        58         14       7100       5362 1648078678.000   1648078678.000    6.30000e+02     180.00      45.00   2.21500e+02   2.96500e+02      894.0       10.4   5.12000e+00   1.58000e-02     0           1.68860e+02   4.55400e+00  
     2022         3        23        23        40        22         15       7100       5362 1648078822.000   1648078822.000    6.30000e+02     -90.00      45.00   2.21500e+02   2.96500e+02      904.3        7.2  -8.43700e+01   2.19000e-01     1           3.29730e+02   6.19000e+00  
     2022         3        23        23        42        46         16       7100       5362 1648078966.000   1648078966.000    6.30000e+02       0.00      90.00   2.21500e+02   2.96500e+02      898.1        9.8           nan           nan     0           1.85770e+02   4.73500e+00  
     2022         3        23        23        47        34         17       7100       5362 1648079254.000   1648079254.000    6.30000e+02      90.00      45.00   2.21500e+02   2.96500e+02      875.7        9.9   1.07710e+02   3.39400e-01     0           1.77950e+02   4.66700e+00  
     2022         3        23        23        49        58         18       7100       5362 1648079398.000   1648079398.000    6.30000e+02     180.00      45.00   2.21500e+02   2.96500e+02      898.5       11.9  -1.40400e+01   4.90000e-02     0           1.36810e+02   4.15100e+00  
     2022         3        23        23        52        22         19       7100       5362 1648079542.000   1648079542.000    6.30000e+02     -90.00      45.00   2.21500e+02   2.96500e+02      907.6        7.8  -8.97200e+01   2.54400e-01     1           2.90140e+02   5.83800e+00  
     2022         3        23        23        58        22         20       7100       5362 1648079902.000   1648079902.000    6.30000e+02       0.00      90.00   2.21500e+02   2.96500e+02      896.8       11.1           nan           nan     0           1.52000e+02   4.34600e+00  
     2022         3        24         0         3        46         21       7100       5362 1648080226.000   1648080226.000    6.30000e+02      90.00      45.00   2.29500e+02   3.04500e+02      881.9       11.7   1.02090e+02   3.73700e-01     0           1.36070e+02   4.13800e+00  
     2022         3        24         0         6        10         22       7100       5362 1648080370.000   1648080370.000    6.30000e+02     180.00      45.00   2.29500e+02   3.04500e+02      900.2       14.4  -3.71100e+01   1.52700e-01     0           1.00950e+02   3.65100e+00  
     2022         3        24         0         8        34         23       7100       5362 1648080514.000   1648080514.000    6.30000e+02     -90.00      45.00   2.29500e+02   3.04500e+02      907.5        8.4  -8.39700e+01   2.70100e-01     1           2.55490e+02   5.52600e+00  
     2022         3        24         0        10        58         24       7100       5362 1648080658.000   1648080658.000    6.30000e+02       0.00      90.00   2.29500e+02   3.04500e+02      908.8       12.6           nan           nan     0           1.23760e+02   3.95700e+00  
     2022         3        24         0        15        46         25       7100       5362 1648080946.000   1648080946.000    6.30000e+02      90.00      45.00   2.29500e+02   3.04500e+02      901.6       13.7   9.52100e+01   4.03100e-01     0           1.10080e+02   3.80800e+00  
     2022         3        24         0        18        46         26       7100       5362 1648081126.000   1648081126.000    6.30000e+02     180.00      45.00   2.29500e+02   3.04500e+02      939.1       16.6  -4.35500e+01   2.05100e-01     0           8.68400e+01   3.44800e+00  
     2022         3        24         0        21        10         27       7100       5362 1648081270.000   1648081270.000    6.30000e+02     -90.00      45.00   2.29500e+02   3.04500e+02      916.2        9.3  -8.45300e+01   3.07600e-01     0           2.23650e+02   5.23900e+00  
     2022         3        24         0        27        10         28       7100       5362 1648081630.000   1648081630.000    6.30000e+02       0.00      90.00   2.29500e+02   3.04500e+02      902.5       15.2           nan           nan     0           9.14800e+01   3.48300e+00  
     2022         3        24         0        29        34         29       7100       5362 1648081774.000   1648081774.000    6.30000e+02       0.00      45.00   2.29500e+02   3.04500e+02      905.5        8.9   7.64900e+01   2.96000e-01     0           2.28910e+02   5.25100e+00  
     2022         3        24         0        31        58         30       7100       5362 1648081918.000   1648081918.000    6.30000e+02      90.00      45.00   2.29500e+02   3.04500e+02      894.3       16.8   1.00800e+02   5.34600e-01     0           7.75600e+01   3.26500e+00  
     2022         3        24         0        34        22         31       7100       5362 1648082062.000   1648082062.000    6.30000e+02     180.00      45.00   2.29500e+02   3.04500e+02      947.3       20.6  -5.09000e+01   2.96200e-01     0           6.42800e+01   3.07800e+00  
     2022         3        24         0        36        46         32       7100       5362 1648082206.000   1648082206.000    6.30000e+02     -90.00      45.00   2.29500e+02   3.04500e+02      914.2       11.2  -8.48300e+01   3.89000e-01     0           1.63060e+02   4.56100e+00  
     2022         3        24         0        39        10         33       7100       5362 1648082350.000   1648082350.000    6.30000e+02       0.00      90.00   2.29500e+02   3.04500e+02      895.5       18.5           nan           nan     0           6.80100e+01   3.12400e+00  
     2022         3        24         0        41        34         34       7100       5362 1648082494.000   1648082494.000    6.30000e+02       0.00      45.00   2.29500e+02   3.04500e+02      894.3       10.2   9.20600e+01   4.35600e-01     0           1.79020e+02   4.72600e+00  
     2022         3        24         0        44        34         35       7100       5362 1648082674.000   1648082674.000    6.30000e+02      90.00      45.00   2.29500e+02   3.04500e+02      886.5       19.8   1.01440e+02   6.54200e-01     0           6.02900e+01   2.97200e+00  
     2022         3        24         0        46        58         36       7100       5362 1648082818.000   1648082818.000    6.30000e+02     180.00      45.00   2.29500e+02   3.04500e+02      933.3       24.9  -8.02100e+01   5.73600e-01     0           4.85000e+01   2.79200e+00  
     2022         3        24         0        49        22         37       7100       5362 1648082962.000   1648082962.000    6.30000e+02     -90.00      45.00   2.29500e+02   3.04500e+02      924.4       13.6  -7.71800e+01   4.28700e-01     0           1.20610e+02   4.01800e+00  
     2022         3        24         0        55        22         38       7100       5362 1648083322.000   1648083322.000    6.30000e+02       0.00      90.00   2.29500e+02   3.04500e+02      915.6       23.4           nan           nan     0           4.95400e+01   2.76500e+00  
     2022         3        24         0        57        46         39       7100       5362 1648083466.000   1648083466.000    6.30000e+02       0.00      45.00   2.29500e+02   3.04500e+02      905.9       11.8   1.07750e+02   6.09900e-01     0           1.44080e+02   4.28500e+00  
     2022         3        24         1         0        10         40       7100       5362 1648083610.000   1648083610.000    6.30000e+02      90.00      45.00   2.36500e+02   3.11500e+02      910.6       22.8   1.01310e+02   7.62900e-01     0           5.19200e+01   2.83000e+00  
     2022         3        24         1         2        34         41       7100       5362 1648083754.000   1648083754.000    6.30000e+02     180.00      45.00   2.36500e+02   3.11500e+02      936.8       29.9  -7.08800e+01   6.15500e-01     0           3.95500e+01   2.66500e+00  
     2022         3        24         1         4        58         42       7100       5362 1648083898.000   1648083898.000    6.30000e+02     -90.00      45.00   2.36500e+02   3.11500e+02      902.8       14.5  -8.29200e+01   5.20600e-01     0           1.05800e+02   3.81200e+00  
     2022         3        24         1         7        58         43       7100       5362 1648084078.000   1648084078.000    6.30000e+02       0.00      90.00   2.36500e+02   3.11500e+02      920.7       25.5           nan           nan     0           4.35600e+01   2.61600e+00  
     2022         3        24         1        10        22         44       7100       5362 1648084222.000   1648084222.000    6.30000e+02       0.00      45.00   2.36500e+02   3.11500e+02      887.9       13.0   1.02290e+02   6.28300e-01     0           1.21210e+02   4.01200e+00  
     2022         3        24         1        12        46         45       7100       5362 1648084366.000   1648084366.000    6.30000e+02      90.00      45.00   2.36500e+02   3.11500e+02      870.5       24.2   1.01990e+02   8.30500e-01     0           4.60000e+01   2.75000e+00  
     2022         3        24         1        15        10         46       7100       5362 1648084510.000   1648084510.000    6.30000e+02     180.00      45.00   2.36500e+02   3.11500e+02      975.2       33.4  -6.16500e+01   5.79400e-01     0           3.67000e+01   2.63200e+00  
     2022         3        24         1        17        34         47       7100       5362 1648084654.000   1648084654.000    6.30000e+02     -90.00      45.00   2.36500e+02   3.11500e+02      918.0       15.4  -7.58000e+01   4.98300e-01     0           1.00890e+02   3.77400e+00  
     2022         3        24         1        24        10         48       7100       5362 1648085050.000   1648085050.000    6.30000e+02       0.00      90.00   2.36500e+02   3.11500e+02      876.3       25.8           nan           nan     0           4.18300e+01   2.63900e+00  
     2022         3        24         1        26        34         49       7100       5362 1648085194.000   1648085194.000    6.30000e+02       0.00      45.00   2.36500e+02   3.11500e+02      886.9       12.4   1.06610e+02   6.54200e-01     0           1.28830e+02   4.09600e+00  
     2022         3        24         1        28        58         50       7100       5362 1648085338.000   1648085338.000    6.30000e+02      90.00      45.00   2.36500e+02   3.11500e+02      914.4       26.1   1.00450e+02   8.31900e-01     0           4.57800e+01   2.79200e+00  
     2022         3        24         1        31        22         51       7100       5362 1648085482.000   1648085482.000    6.30000e+02     180.00      45.00   2.36500e+02   3.11500e+02      915.8       30.8  -7.74500e+01   7.05100e-01     0           3.68300e+01   2.60500e+00  
     2022         3        24         1        33        46         52       7100       5362 1648085626.000   1648085626.000    6.30000e+02     -90.00      45.00   2.36500e+02   3.11500e+02      898.1       15.9  -9.11200e+01   5.95300e-01     0           9.41300e+01   3.69300e+00  
     2022         3        24         1        36        10         53       7100       5362 1648085770.000   1648085770.000    6.30000e+02       0.00      90.00   2.36500e+02   3.11500e+02      869.5       23.3           nan           nan     0           4.65000e+01   2.70400e+00  
     2022         3        24         1        38        34         54       7100       5362 1648085914.000   1648085914.000    6.30000e+02       0.00      45.00   2.36500e+02   3.11500e+02      873.9       12.3   9.23200e+01   5.38400e-01     0           1.30210e+02   4.15100e+00  
     2022         3        24         1        41        34         55       7100       5362 1648086094.000   1648086094.000    6.30000e+02      90.00      45.00   2.36500e+02   3.11500e+02      909.8       25.4   8.70800e+01   6.92600e-01     0           4.79800e+01   2.86000e+00  
     2022         3        24         1        43        58         56       7100       5362 1648086238.000   1648086238.000    6.30000e+02     180.00      45.00   2.36500e+02   3.11500e+02      951.3       31.5  -7.04200e+01   6.15800e-01     0           4.13800e+01   2.85000e+00  
     2022         3        24         1        46        22         57       7100       5362 1648086382.000   1648086382.000    6.30000e+02     -90.00      45.00   2.36500e+02   3.11500e+02      897.1       11.7  -9.41000e+01   5.15600e-01     0           1.51480e+02   4.47600e+00  
     2022         3        24         1        52        22         58       7100       5362 1648086742.000   1648086742.000    6.30000e+02       0.00      90.00   2.36500e+02   3.11500e+02      875.7       21.2           nan           nan     0           5.53000e+01   2.92100e+00  
     2022         3        24         1        54        46         59       7100       5362 1648086886.000   1648086886.000    6.30000e+02       0.00      45.00   2.36500e+02   3.11500e+02      890.3       11.2   9.20700e+01   4.74900e-01     0           1.57740e+02   4.52400e+00  
     2022         3        24         1        57        10         60       7100       5362 1648087030.000   1648087030.000    6.30000e+02      90.00      45.00   2.36500e+02   3.11500e+02      916.7       25.8   8.36500e+01   6.23500e-01     0           5.25500e+01   3.11100e+00  
     2022         3        24         1        59        34         61       7100       5362 1648087174.000   1648087174.000    6.30000e+02     180.00      45.00   2.43500e+02   3.18500e+02      962.0       30.4  -6.83400e+01   5.48700e-01     0           4.79500e+01   3.13000e+00  
     2022         3        24         2         1        58         62       7100       5362 1648087318.000   1648087318.000    6.30000e+02     -90.00      45.00   2.43500e+02   3.18500e+02      891.7       13.6  -8.94300e+01   4.60600e-01     0           1.20950e+02   4.10700e+00  
     2022         3        24         2         4        58         63       7100       5362 1648087498.000   1648087498.000    6.30000e+02       0.00      90.00   2.43500e+02   3.18500e+02      879.2       17.6           nan           nan     0           7.59600e+01   3.34600e+00  
     2022         3        24         2         7        22         64       7100       5362 1648087642.000   1648087642.000    6.30000e+02       0.00      45.00   2.43500e+02   3.18500e+02      905.4       11.2   6.95300e+01   3.20400e-01     0           1.60890e+02   4.55600e+00  
     2022         3        24         2         9        46         65       7100       5362 1648087786.000   1648087786.000    6.30000e+02      90.00      45.00   2.43500e+02   3.18500e+02      908.0       23.4   7.86800e+01   5.28200e-01     0           5.94400e+01   3.24900e+00  
     2022         3        24         2        12        10         66       7100       5362 1648087930.000   1648087930.000    6.30000e+02     180.00      45.00   2.43500e+02   3.18500e+02      926.6       27.4  -5.85400e+01   4.27100e-01     0           5.30800e+01   3.25300e+00  
     2022         3        24         2        14        34         67       7100       5362 1648088074.000   1648088074.000    6.30000e+02     -90.00      45.00   2.43500e+02   3.18500e+02      899.4       13.8  -8.96400e+01   4.43800e-01     0           1.16720e+02   4.02200e+00  
     2022         3        24         2        20        34         68       7100       5362 1648088434.000   1648088434.000    6.30000e+02       0.00      90.00   2.43500e+02   3.18500e+02      878.6       16.0           nan           nan     0           8.50500e+01   3.46100e+00  
     2022         3        24         2        23        34         69       7100       5362 1648088614.000   1648088614.000    6.30000e+02       0.00      45.00   2.43500e+02   3.18500e+02      898.7       10.9   6.13800e+01   2.69800e-01     0           1.65930e+02   4.61600e+00  
     2022         3        24         2        25        58         70       7100       5362 1648088758.000   1648088758.000    6.30000e+02      90.00      45.00   2.43500e+02   3.18500e+02      896.8       20.7   7.41200e+01   4.53000e-01     0           7.16100e+01   3.51800e+00  
     2022         3        24         2        28        22         71       7100       5362 1648088902.000   1648088902.000    6.30000e+02     180.00      45.00   2.43500e+02   3.18500e+02      905.0       24.4  -5.96800e+01   4.04200e-01     1           6.18000e+01   3.46200e+00  
     2022         3        24         2        30        46         72       7100       5362 1648089046.000   1648089046.000    6.30000e+02     -90.00      45.00   2.43500e+02   3.18500e+02      905.1       14.3  -8.61000e+01   4.29300e-01     0           1.15770e+02   4.06800e+00  
     2022         3        24         2        33        10         73       7100       5362 1648089190.000   1648089190.000    6.30000e+02       0.00      90.00   2.43500e+02   3.18500e+02      895.9       16.9           nan           nan     0           8.08300e+01   3.39000e+00  
     2022         3        24         2        35        34         74       7100       5362 1648089334.000   1648089334.000    6.30000e+02       0.00      45.00   2.43500e+02   3.18500e+02      883.5        9.6   6.29500e+01   2.72200e-01     0           2.02580e+02   5.06900e+00  
     2022         3        24         2        37        58         75       7100       5362 1648089478.000   1648089478.000    6.30000e+02      90.00      45.00   2.43500e+02   3.18500e+02      890.1       20.7   8.11400e+01   5.12800e-01     1           7.43500e+01   3.64600e+00  
     2022         3        24         2        40        58         76       7100       5362 1648089658.000   1648089658.000    6.30000e+02     180.00      45.00   2.43500e+02   3.18500e+02      947.5       25.8  -6.58100e+01   4.69700e-01     1           6.12000e+01   3.46800e+00  
     2022         3        24         2        43        22         77       7100       5362 1648089802.000   1648089802.000    6.30000e+02     -90.00      45.00   2.43500e+02   3.18500e+02      897.3       14.5  -5.88900e+01   3.10600e-01     0           1.09230e+02   3.93100e+00  
     2022         3        24         2        49        22         78       7100       5362 1648090162.000   1648090162.000    6.30000e+02       0.00      90.00   2.43500e+02   3.18500e+02      891.4       18.7           nan           nan     0           6.98100e+01   3.21700e+00  
     2022         3        24         2        51        46         79       7100       5362 1648090306.000   1648090306.000    6.30000e+02       0.00      45.00   2.43500e+02   3.18500e+02      894.8        9.9   7.69800e+01   3.61800e-01     0           1.98200e+02   5.01800e+00  
     2022         3        24         2        54        10         80       7100       5362 1648090450.000   1648090450.000    6.30000e+02      90.00      45.00   2.43500e+02   3.18500e+02      958.8       24.1   6.60000e+01   4.66300e-01     1           7.11700e+01   3.72100e+00  
     2022         3        24         2        56        34         81       7100       5362 1648090594.000   1648090594.000    6.30000e+02     180.00      45.00   2.43500e+02   3.18500e+02      978.7       30.2  -7.53400e+01   6.13600e-01     1           5.29200e+01   3.35000e+00  
     2022         3        24         2        58        58         82       7100       5362 1648090738.000   1648090738.000    6.30000e+02     -90.00      45.00   2.46500e+02   3.21500e+02      947.9       16.2  -6.64500e+01   3.89500e-01     0           1.00910e+02   3.81800e+00  
     2022         3        24         3         1        22         83       7100       5362 1648090882.000   1648090882.000    6.30000e+02       0.00      90.00   2.46500e+02   3.21500e+02      940.4       21.4           nan           nan     0           6.43800e+01   3.18300e+00  
     2022         3        24         3         4        22         84       7100       5362 1648091062.000   1648091062.000    6.30000e+02       0.00      45.00   2.46500e+02   3.21500e+02      942.2       10.9   8.55300e+01   4.56600e-01     0           1.83520e+02   4.85000e+00  
     2022         3        24         3         6        46         85       7100       5362 1648091206.000   1648091206.000    6.30000e+02      90.00      45.00   2.46500e+02   3.21500e+02     1008.9       31.6   5.47200e+01   5.00000e-01     1           5.75300e+01   3.65100e+00  
     2022         3        24         3         9        10         86       7100       5362 1648091350.000   1648091350.000    6.30000e+02     180.00      45.00   2.46500e+02   3.21500e+02     1062.9       40.5  -9.66600e+01   1.02250e+00     1           4.12900e+01   3.16500e+00  
     2022         3        24         3        11        34         87       7100       5362 1648091494.000   1648091494.000    6.30000e+02     -90.00      45.00   2.46500e+02   3.21500e+02      993.2       19.6  -3.91800e+01   2.92500e-01     0           8.26300e+01   3.55900e+00  
     2022         3        24         3        17        34         88       7100       5362 1648091854.000   1648091854.000    6.30000e+02       0.00      90.00   2.46500e+02   3.21500e+02     1004.1       32.0           nan           nan     0           4.36000e+01   2.89900e+00  
     2022         3        24         3        19        58         89       7100       5362 1648091998.000   1648091998.000    6.30000e+02       0.00      45.00   2.46500e+02   3.21500e+02      970.2       13.5   1.05160e+02   7.85000e-01     0           1.38760e+02   4.33100e+00  
     2022         3        24         3        22        22         90       7100       5362 1648092142.000   1648092142.000    6.30000e+02      90.00      45.00   2.46500e+02   3.21500e+02     1099.8       49.1   1.77000e+01   2.35600e-01     2           4.06600e+01   3.55100e+00  
     2022         3        24         3        24        46         91       7100       5362 1648092286.000   1648092286.000    6.30000e+02     180.00      45.00   2.46500e+02   3.21500e+02     1163.4       55.6  -8.69300e+01   1.24320e+00     1           3.08100e+01   2.91600e+00  
     2022         3        24         3        27        46         92       7100       5362 1648092466.000   1648092466.000    6.30000e+02     -90.00      45.00   2.46500e+02   3.21500e+02     1050.8       25.3  -3.10800e+01   3.12300e-01     0           6.25600e+01   3.22100e+00  
     2022         3        24         3        30        10         93       7100       5362 1648092610.000   1648092610.000    6.30000e+02       0.00      90.00   2.46500e+02   3.21500e+02     1008.2       40.3           nan           nan     0           3.21200e+01   2.63200e+00  
     2022         3        24         3        32        34         94       7100       5362 1648092754.000   1648092754.000    6.30000e+02       0.00      45.00   2.46500e+02   3.21500e+02     1010.6       17.1   8.92300e+01   8.20600e-01     0           1.03840e+02   3.88400e+00  
     2022         3        24         3        34        58         95       7100       5362 1648092898.000   1648092898.000    6.30000e+02      90.00      45.00   2.46500e+02   3.21500e+02     1205.8       63.6  -4.21000e+00   6.84000e-02     2           3.66100e+01   3.71000e+00  
     2022         3        24         3        37        22         96       7100       5362 1648093042.000   1648093042.000    6.30000e+02     180.00      45.00   2.46500e+02   3.21500e+02     1110.2       57.5  -7.73900e+01   1.20540e+00     2           2.68900e+01   2.75700e+00  
     2022         3        24         3        39        46         97       7100       5362 1648093186.000   1648093186.000    6.30000e+02     -90.00      45.00   2.46500e+02   3.21500e+02     1040.2       26.0  -1.16900e+01   1.23400e-01     0           5.96200e+01   3.18100e+00  
     2022         3        24         3        46        22         98       7100       5362 1648093582.000   1648093582.000    6.30000e+02       0.00      90.00   2.46500e+02   3.21500e+02     1011.6       41.9           nan           nan     0           3.00700e+01   2.55100e+00  
     2022         3        24         3        48        46         99       7100       5362 1648093726.000   1648093726.000    6.30000e+02       0.00      45.00   2.46500e+02   3.21500e+02     1009.0       20.7   7.18300e+01   6.94700e-01     0           8.07000e+01   3.58300e+00  
     2022         3        24         3        51        10        100       7100       5362 1648093870.000   1648093870.000    6.30000e+02      90.00      45.00   2.46500e+02   3.21500e+02     1154.8       60.0   3.53800e+01   5.52500e-01     2           4.02000e+01   4.00400e+00  
     2022         3        24         3        53        34        101       7100       5362 1648094014.000   1648094014.000    6.30000e+02     180.00      45.00   2.46500e+02   3.21500e+02     1068.4       52.7  -6.86100e+01   1.00570e+00     2           2.90500e+01   2.84300e+00  
     2022         3        24         3        55        58        102       7100       5362 1648094158.000   1648094158.000    6.30000e+02     -90.00      45.00   2.46500e+02   3.21500e+02     1005.0       22.9   1.94100e+01   1.87800e-01     0           6.82000e+01   3.34200e+00  
     2022         3        24         3        58        22        103       7100       5362 1648094302.000   1648094302.000    6.30000e+02       0.00      90.00   2.46500e+02   3.21500e+02      994.7       36.9           nan           nan     0           3.53300e+01   2.70100e+00  
     2022         3        24         4         1        22        104       7100       5362 1648094482.000   1648094482.000    6.30000e+02       0.00      45.00   2.48500e+02   3.23500e+02     1009.4       20.3   7.13200e+01   6.41100e-01     0           8.47400e+01   3.68500e+00  
     2022         3        24         4         3        46        105       7100       5362 1648094626.000   1648094626.000    6.30000e+02      90.00      45.00   2.48500e+02   3.23500e+02     1087.6       50.6   1.31900e+01   1.81600e-01     2           4.88700e+01   4.37100e+00  
     2022         3        24         4         6        10        106       7100       5362 1648094770.000   1648094770.000    6.30000e+02     180.00      45.00   2.48500e+02   3.23500e+02     1023.4       43.5  -4.82700e+01   6.05500e-01     1           3.39100e+01   2.89600e+00  
     2022         3        24         4         8        34        107       7100       5362 1648094914.000   1648094914.000    6.30000e+02     -90.00      45.00   2.48500e+02   3.23500e+02     1000.7       21.4  -6.62000e+00   5.75000e-02     0           7.46000e+01   3.44800e+00  
     2022         3        24         4        14        34        108       7100       5362 1648095274.000   1648095274.000    6.30000e+02       0.00      90.00   2.48500e+02   3.23500e+02      976.1       30.3           nan           nan     0           4.63700e+01   3.00100e+00  
     2022         3        24         4        17        34        109       7100       5362 1648095454.000   1648095454.000    6.30000e+02       0.00      45.00   2.48500e+02   3.23500e+02      977.4       16.7   2.51500e+01   1.87500e-01     0           1.05340e+02   3.95600e+00  
     2022         3        24         4        19        58        110       7100       5362 1648095598.000   1648095598.000    6.30000e+02      90.00      45.00   2.48500e+02   3.23500e+02     1115.5       45.1   1.90400e+01   2.29000e-01     2           6.61100e+01   5.12600e+00  
     2022         3        24         4        22        22        111       7100       5362 1648095742.000   1648095742.000    6.30000e+02     180.00      45.00   2.48500e+02   3.23500e+02     1036.9       36.8  -6.28600e+01   6.50500e-01     1           4.34300e+01   3.13200e+00  
     2022         3        24         4        24        46        112       7100       5362 1648095886.000   1648095886.000    6.30000e+02     -90.00      45.00   2.48500e+02   3.23500e+02     1008.1       20.6  -1.86300e+01   1.39700e-01     0           8.21600e+01   3.62200e+00  
     2022         3        24         4        27        10        113       7100       5362 1648096030.000   1648096030.000    6.30000e+02       0.00      90.00   2.48500e+02   3.23500e+02      968.1       25.2           nan           nan     0           5.85500e+01   3.22600e+00  
     2022         3        24         4        29        34        114       7100       5362 1648096174.000   1648096174.000    6.30000e+02       0.00      45.00   2.48500e+02   3.23500e+02      966.1       13.8   1.73400e+01   1.05900e-01     0           1.41930e+02   4.50000e+00  
     2022         3        24         4        31        58        115       7100       5362 1648096318.000   1648096318.000    6.30000e+02      90.00      45.00   2.48500e+02   3.23500e+02     1086.4       39.1  -2.11200e+01   2.14600e-01     2           8.37400e+01   5.78300e+00  
     2022         3        24         4        34        58        116       7100       5362 1648096498.000   1648096498.000    6.30000e+02     180.00      45.00   2.48500e+02   3.23500e+02     1041.4       30.1  -3.34800e+01   2.79600e-01     0           5.43800e+01   3.26800e+00  
     2022         3        24         4        37        22        117       7100       5362 1648096642.000   1648096642.000    6.30000e+02     -90.00      45.00   2.48500e+02   3.23500e+02     1004.8       17.3  -5.68000e+00   3.45000e-02     0           1.02260e+02   3.88400e+00  
     2022         3        24         4        43        22        118       7100       5362 1648097002.000   1648097002.000    6.30000e+02       0.00      90.00   2.48500e+02   3.23500e+02      955.0       18.8           nan           nan     0           8.79300e+01   3.74600e+00  
     2022         3        24         4        45        46        119       7100       5362 1648097146.000   1648097146.000    6.30000e+02       0.00      45.00   2.48500e+02   3.23500e+02      956.8       10.6   9.25000e+00   4.25000e-02     1           2.12320e+02   5.32500e+00  
     2022         3        24         4        48        10        120       7100       5362 1648097290.000   1648097290.000    6.30000e+02      90.00      45.00   2.48500e+02   3.23500e+02     1109.6       37.6  -2.37100e+01   2.11900e-01     2           1.00340e+02   6.49700e+00  
     2022         3        24         4        50        34        121       7100       5362 1648097434.000   1648097434.000    6.30000e+02     180.00      45.00   2.48500e+02   3.23500e+02      980.8       21.6   1.67000e+00   1.03000e-02     0           7.97000e+01   3.72400e+00  
     2022         3        24         4        52        58        122       7100       5362 1648097578.000   1648097578.000    6.30000e+02     -90.00      45.00   2.48500e+02   3.23500e+02      982.3       12.8   1.59300e+01   7.28000e-02     0           1.58430e+02   4.65000e+00  
     2022         3        24         4        55        22        123       7100       5362 1648097722.000   1648097722.000    6.30000e+02       0.00      90.00   2.48500e+02   3.23500e+02      948.6       15.5           nan           nan     1           1.20360e+02   4.29500e+00  
     2022         3        24         4        58        22        124       7100       5362 1648097902.000   1648097902.000    6.30000e+02       0.00      45.00   2.48500e+02   3.23500e+02      940.4        8.9  -1.08800e+01   4.13000e-02     1           2.81460e+02   6.05600e+00  
     2022         3        24         5         0        46        125       7100       5362 1648098046.000   1648098046.000    6.30000e+02      90.00      45.00   2.45500e+02   3.20500e+02      991.8       26.7  -1.30200e+01   9.01000e-02     2           1.31780e+02   6.88000e+00  
     2022         3        24         5         3        10        126       7100       5362 1648098190.000   1648098190.000    6.30000e+02     180.00      45.00   2.45500e+02   3.20500e+02      935.2       16.0   2.54200e+01   1.23100e-01     0           1.11370e+02   4.14700e+00  
     2022         3        24         5         5        34        127       7100       5362 1648098334.000   1648098334.000    6.30000e+02     -90.00      45.00   2.45500e+02   3.20500e+02      952.0        9.8   6.11000e+00   2.25000e-02     0           2.30340e+02   5.41800e+00  
     2022         3        24         5        11        34        128       7100       5362 1648098694.000   1648098694.000    6.30000e+02       0.00      90.00   2.45500e+02   3.20500e+02      915.9       11.9           nan           nan     1           1.66720e+02   4.82900e+00  
     2022         3        24         5        13        58        129       7100       5362 1648098838.000   1648098838.000    6.30000e+02       0.00      45.00   2.45500e+02   3.20500e+02      912.0        8.0  -2.36600e+01   7.60000e-02     1           3.36170e+02   6.68100e+00  
     2022         3        24         5        16        22        130       7100       5362 1648098982.000   1648098982.000    6.30000e+02      90.00      45.00   2.45500e+02   3.20500e+02      940.5       17.6   7.46000e+00   3.71000e-02     2           1.97210e+02   7.34400e+00  
     2022         3        24         5        18        46        131       7100       5362 1648099126.000   1648099126.000    6.30000e+02     180.00      45.00   2.45500e+02   3.20500e+02      923.7       12.2   3.76100e+01   1.42800e-01     1           1.65010e+02   4.83000e+00  
     2022         3        24         5        21        46        132       7100       5362 1648099306.000   1648099306.000    6.30000e+02     -90.00      45.00   2.45500e+02   3.20500e+02      930.5        7.5  -9.16000e+00   2.73000e-02     1           3.39780e+02   6.38900e+00  
     2022         3        24         5        24        10        133       7100       5362 1648099450.000   1648099450.000    6.30000e+02       0.00      90.00   2.45500e+02   3.20500e+02      912.7       10.9           nan           nan     1           1.93040e+02   5.15300e+00  
     2022         3        24         5        26        34        134       7100       5362 1648099594.000   1648099594.000    6.30000e+02       0.00      45.00   2.45500e+02   3.20500e+02      891.7        8.4  -2.76200e+01   8.75000e-02     1           3.24840e+02   6.80300e+00  
     2022         3        24         5        28        58        135       7100       5362 1648099738.000   1648099738.000    6.30000e+02      90.00      45.00   2.45500e+02   3.20500e+02      911.0       15.4  -2.42000e+00   1.09000e-02     2           2.13980e+02   7.26600e+00  
     2022         3        24         5        31        22        136       7100       5362 1648099882.000   1648099882.000    6.30000e+02     180.00      45.00   2.45500e+02   3.20500e+02      885.7       10.6   4.89100e+01   1.74000e-01     1           1.92130e+02   5.14200e+00  
     2022         3        24         5        40        22        137       7100       5362 1648100422.000   1648100422.000    6.30000e+02       0.00      90.00   2.45500e+02   3.20500e+02      878.5       11.3           nan           nan     1           1.75180e+02   4.99600e+00  
     2022         3        24         5        42        46        138       7100       5362 1648100566.000   1648100566.000    6.30000e+02       0.00      45.00   2.45500e+02   3.20500e+02      874.9       10.0  -2.60300e+01   9.51000e-02     1           2.71600e+02   6.69500e+00  
     2022         3        24         5        45        10        139       7100       5362 1648100710.000   1648100710.000    6.30000e+02      90.00      45.00   2.45500e+02   3.20500e+02      905.4       16.8   7.03000e+00   3.49000e-02     2           1.77280e+02   6.60600e+00  
     2022         3        24         5        47        34        140       7100       5362 1648100854.000   1648100854.000    6.30000e+02     180.00      45.00   2.45500e+02   3.20500e+02      880.0       10.2   6.35900e+01   2.37500e-01     1           1.97330e+02   5.14000e+00  
     2022         3        24         5        49        58        141       7100       5362 1648100998.000   1648100998.000    6.30000e+02     -90.00      45.00   2.45500e+02   3.20500e+02      891.3        7.1   1.75000e+00   5.70000e-03     1           3.43490e+02   6.42000e+00  
     2022         3        24         5        52        22        142       7100       5362 1648101142.000   1648101142.000    6.30000e+02       0.00      90.00   2.45500e+02   3.20500e+02      871.6       12.9           nan           nan     1           1.46660e+02   4.72600e+00  
     2022         3        24         5        55        22        143       7100       5362 1648101322.000   1648101322.000    6.30000e+02       0.00      45.00   2.45500e+02   3.20500e+02      880.9       11.7  -2.29200e+01   9.84000e-02     1           2.31120e+02   6.48400e+00  
     2022         3        24         5        57        46        144       7100       5362 1648101466.000   1648101466.000    6.30000e+02      90.00      45.00   2.45500e+02   3.20500e+02      907.1       18.9   2.94900e+01   1.68600e-01     2           1.42270e+02   5.94600e+00  
     2022         3        24         6         0        10        145       7100       5362 1648101610.000   1648101610.000    6.30000e+02     180.00      45.00   2.43500e+02   3.18500e+02      871.5       11.7   6.06000e+01   2.68500e-01     1           1.58890e+02   4.73100e+00  
     2022         3        24         6         2        34        146       7100       5362 1648101754.000   1648101754.000    6.30000e+02     -90.00      45.00   2.43500e+02   3.18500e+02      882.4        8.0  -1.16000e+01   4.48000e-02     1           2.78470e+02   5.83800e+00  
     2022         3        24         6         8        34        147       7100       5362 1648102114.000   1648102114.000    6.30000e+02       0.00      90.00   2.43500e+02   3.18500e+02      870.2       16.1           nan           nan     1           1.13330e+02   4.46000e+00  
     2022         3        24         6        11        34        148       7100       5362 1648102294.000   1648102294.000    6.30000e+02       0.00      45.00   2.43500e+02   3.18500e+02      863.7       14.1  -4.03200e+01   2.20000e-01     1           1.74320e+02   5.90000e+00  
     2022         3        24         6        13        58        149       7100       5362 1648102438.000   1648102438.000    6.30000e+02      90.00      45.00   2.43500e+02   3.18500e+02      901.3       21.0   3.67400e+01   2.50700e-01     1           1.12340e+02   5.27500e+00  
     2022         3        24         6        16        22        150       7100       5362 1648102582.000   1648102582.000    6.30000e+02     180.00      45.00   2.43500e+02   3.18500e+02      850.0       13.7   6.17400e+01   3.42700e-01     1           1.20180e+02   4.23900e+00  
     2022         3        24         6        18        46        151       7100       5362 1648102726.000   1648102726.000    6.30000e+02     -90.00      45.00   2.43500e+02   3.18500e+02      851.8        9.2  -6.22000e+00   3.03000e-02     1           2.13370e+02   5.24600e+00  
     2022         3        24         6        21        10        152       7100       5362 1648102870.000   1648102870.000    6.30000e+02       0.00      90.00   2.43500e+02   3.18500e+02      871.2       19.8           nan           nan     1           9.19700e+01   4.32000e+00  
     2022         3        24         6        23        34        153       7100       5362 1648103014.000   1648103014.000    6.30000e+02       0.00      45.00   2.43500e+02   3.18500e+02      861.2       15.6  -2.75600e+01   1.78300e-01     1           1.36630e+02   5.16600e+00  
     2022         3        24         6        25        58        154       7100       5362 1648103158.000   1648103158.000    6.30000e+02      90.00      45.00   2.43500e+02   3.18500e+02      843.9       22.7   3.17600e+01   2.57600e-01     1           8.72700e+01   4.72100e+00  
     2022         3        24         6        28        58        155       7100       5362 1648103338.000   1648103338.000    6.30000e+02     180.00      45.00   2.43500e+02   3.18500e+02      851.7       16.4   6.66700e+01   4.66200e-01     1           9.37300e+01   3.90100e+00  
     2022         3        24         6        31        22        156       7100       5362 1648103482.000   1648103482.000    6.30000e+02     -90.00      45.00   2.43500e+02   3.18500e+02      838.6       10.4  -3.59000e+00   2.19000e-02     0           1.68920e+02   4.74500e+00  
     2022         3        24         6        37        22        157       7100       5362 1648103842.000   1648103842.000    6.30000e+02       0.00      90.00   2.43500e+02   3.18500e+02      843.3       26.2           nan           nan     1           6.57800e+01   4.09600e+00  
     2022         3        24         6        39        46        158       7100       5362 1648103986.000   1648103986.000    6.30000e+02       0.00      45.00   2.43500e+02   3.18500e+02      834.0       16.7  -3.28000e+01   2.68500e-01     1           9.72400e+01   4.13600e+00  
     2022         3        24         6        42        10        159       7100       5362 1648104130.000   1648104130.000    6.30000e+02      90.00      45.00   2.43500e+02   3.18500e+02      869.4       28.6   4.33400e+01   4.66900e-01     1           6.34500e+01   4.15400e+00  
     2022         3        24         6        44        34        160       7100       5362 1648104274.000   1648104274.000    6.30000e+02     180.00      45.00   2.43500e+02   3.18500e+02      840.6       21.2   5.16100e+01   5.02400e-01     1           6.64500e+01   3.51500e+00  
     2022         3        24         6        46        58        161       7100       5362 1648104418.000   1648104418.000    6.30000e+02     -90.00      45.00   2.43500e+02   3.18500e+02      828.5       12.6  -1.44800e+01   1.23300e-01     0           1.26290e+02   4.25300e+00  
     2022         3        24         6        49        22        162       7100       5362 1648104562.000   1648104562.000    6.30000e+02       0.00      90.00   2.43500e+02   3.18500e+02      934.0       37.1           nan           nan     2           5.38600e+01   4.18200e+00  
     2022         3        24         6        51        46        163       7100       5362 1648104706.000   1648104706.000    6.30000e+02       0.00      45.00   2.43500e+02   3.18500e+02      848.8       19.9  -3.94800e+01   4.20900e-01     1           7.52400e+01   3.72200e+00  
     2022         3        24         6        54        46        164       7100       5362 1648104886.000   1648104886.000    6.30000e+02      90.00      45.00   2.43500e+02   3.18500e+02      894.9       34.7   3.07800e+01   4.27500e-01     2           5.02500e+01   3.85400e+00  
     2022         3        24         6        57        10        165       7100       5362 1648105030.000   1648105030.000    6.30000e+02     180.00      45.00   2.43500e+02   3.18500e+02      846.4       26.1   6.15100e+01   7.83100e-01     1           5.24000e+01   3.32600e+00  
     2022         3        24         6        59        34        166       7100       5362 1648105174.000   1648105174.000    6.30000e+02     -90.00      45.00   2.41500e+02   3.16500e+02      834.0       14.7   1.28000e+01   1.41400e-01     0           1.00430e+02   3.88100e+00  
     2022         3        24         7         5        34        167       7100       5362 1648105534.000   1648105534.000    6.30000e+02       0.00      90.00   2.41500e+02   3.16500e+02      901.6       50.4           nan           nan     2           4.12300e+01   4.39600e+00  
     2022         3        24         7         7        58        168       7100       5362 1648105678.000   1648105678.000    6.30000e+02       0.00      45.00   2.41500e+02   3.16500e+02      842.6       24.4  -2.06700e+01   2.88900e-01     1           5.57100e+01   3.35300e+00  
     2022         3        24         7        10        22        169       7100       5362 1648105822.000   1648105822.000    6.30000e+02      90.00      45.00   2.41500e+02   3.16500e+02      904.5       41.6   5.93800e+01   1.02090e+00     2           3.91900e+01   3.53700e+00  
     2022         3        24         7        12        46        170       7100       5362 1648105966.000   1648105966.000    6.30000e+02     180.00      45.00   2.41500e+02   3.16500e+02      882.8       33.4   5.69800e+01   8.88400e-01     1           4.07800e+01   3.12100e+00  
     2022         3        24         7        15        10        171       7100       5362 1648106110.000   1648106110.000    6.30000e+02     -90.00      45.00   2.41500e+02   3.16500e+02      841.1       19.7   1.03500e+01   1.35300e-01     0           6.88300e+01   3.43700e+00  
     2022         3        24         7        20        34        172       7100       5362 1648106434.000   1648106434.000    6.30000e+02       0.00      45.00   2.41500e+02   3.16500e+02      811.1       28.0  -1.80500e+01   2.67300e-01     1           4.39900e+01   3.10700e+00  
     2022         3        24         7        22        58        173       7100       5362 1648106578.000   1648106578.000    6.30000e+02      90.00      45.00   2.41500e+02   3.16500e+02      841.6       43.6   4.55700e+01   8.21100e-01     2           3.24400e+01   3.28800e+00  
     2022         3        24         7        25        22        174       7100       5362 1648106722.000   1648106722.000    6.30000e+02     180.00      45.00   2.41500e+02   3.16500e+02      859.2       37.5   4.78700e+01   7.88400e-01     1           3.37500e+01   2.95700e+00  
     2022         3        24         7        27        46        175       7100       5362 1648106866.000   1648106866.000    6.30000e+02     -90.00      45.00   2.41500e+02   3.16500e+02      831.1       23.6  -1.32500e+01   1.83000e-01     0           5.34700e+01   3.18600e+00  
     2022         3        24         7        36        46        176       7100       5362 1648107406.000   1648107406.000    6.30000e+02       0.00      45.00   2.41500e+02   3.16500e+02      861.9       34.8  -3.66200e+01   5.85800e-01     1           3.56800e+01   2.91700e+00  
     2022         3        24         7        39        10        177       7100       5362 1648107550.000   1648107550.000    6.30000e+02      90.00      45.00   2.41500e+02   3.16500e+02      887.6       46.9   4.54200e+01   8.18200e-01     2           3.06500e+01   3.17000e+00  
     2022         3        24         7        41        34        178       7100       5362 1648107694.000   1648107694.000    6.30000e+02     180.00      45.00   2.41500e+02   3.16500e+02      851.2       39.8   3.32800e+01   5.65800e-01     1           3.14600e+01   2.93900e+00  
     2022         3        24         7        43        58        179       7100       5362 1648107838.000   1648107838.000    6.30000e+02     -90.00      45.00   2.41500e+02   3.16500e+02      846.8       28.0  -3.45100e+01   5.07100e-01     0           4.50200e+01   3.07000e+00  
     2022         3        24         7        48        46        180       7100       5362 1648108126.000   1648108126.000    6.30000e+02       0.00      45.00   2.41500e+02   3.16500e+02      834.5       36.7  -2.15700e+01   3.57900e-01     1           3.27000e+01   2.88900e+00  
     2022         3        24         7        51        46        181       7100       5362 1648108306.000   1648108306.000    6.30000e+02      90.00      45.00   2.41500e+02   3.16500e+02      857.8       39.3   4.39400e+01   7.42200e-01     2           3.54600e+01   3.21200e+00  
     2022         3        24         7        54        10        182       7100       5362 1648108450.000   1648108450.000    6.30000e+02     180.00      45.00   2.41500e+02   3.16500e+02      844.8       36.5   4.62100e+01   7.62300e-01     1           3.48600e+01   3.02000e+00  
     2022         3        24         7        56        34        183       7100       5362 1648108594.000   1648108594.000    6.30000e+02     -90.00      45.00   2.41500e+02   3.16500e+02      853.1       30.8  -2.90800e+01   4.44300e-01     1           4.07900e+01   3.01300e+00  
     2022         3        24         8         4        58        184       7100       5362 1648109098.000   1648109098.000    6.30000e+02       0.00      45.00   2.39500e+02   3.14500e+02      845.0       33.5   3.49500e+01   5.51000e-01     1           3.93600e+01   3.13700e+00  
     2022         3        24         8         7        58        185       7100       5362 1648109278.000   1648109278.000    6.30000e+02      90.00      45.00   2.39500e+02   3.14500e+02      859.1       22.9   7.31600e+01   1.00870e+00     1           7.81900e+01   4.24000e+00  
     2022         3        24         8        10        22        186       7100       5362 1648109422.000   1648109422.000    6.30000e+02     180.00      45.00   2.39500e+02   3.14500e+02      883.2       29.2   6.41400e+01   9.60300e-01     1           5.80600e+01   3.85100e+00  
     2022         3        24         8        12        46        187       7100       5362 1648109566.000   1648109566.000    6.30000e+02     -90.00      45.00   2.39500e+02   3.14500e+02      952.8       39.0  -2.90300e+01   4.76200e-01     2           4.67100e+01   3.76500e+00  
     2022         3        24         8        17        34        188       7100       5362 1648109854.000   1648109854.000    6.30000e+02       0.00      45.00   2.39500e+02   3.14500e+02      974.2       31.7   6.82200e+01   1.04520e+00     2           8.44400e+01   5.34400e+00  
     2022         3        24         8        22        22        189       7100       5362 1648110142.000   1648110142.000    6.30000e+02     180.00      45.00   2.39500e+02   3.14500e+02     1105.6       29.2   6.94800e+01   1.00540e+00     2           1.62310e+02   8.19900e+00  
