   YEAR     MONTH      DAY       HOUR      MIN       SEC       RECNO     KINDAT      KINST       UT1_UNIX        UT2_UNIX        WAVLEN        AZM        ELM         ALTB          ALTE         TN         DTN        VNHLU         DVNHLU     FPI_DATAQUAL      RLE           DRLE     
     2022         3        11        21        55        58          0       7100       5362 1647035758.000   1647035758.000    6.30000e+02     180.00      45.00   2.07500e+02   2.82500e+02     1146.5       11.7   5.06000e+00   1.64000e-02     2           3.84060e+02   8.22400e+00  
     2022         3        11        21        58        22          1       7100       5362 1647035902.000   1647035902.000    6.30000e+02     -90.00      45.00   2.07500e+02   2.82500e+02     1159.2       15.0   2.50000e+00   9.40000e-03     2           2.97050e+02   7.87900e+00  
     2022         3        11        22         0        46          2       7100       5362 1647036046.000   1647036046.000    6.30000e+02       0.00      90.00   2.20500e+02   2.95500e+02     1108.7       11.0           nan           nan     1           3.71970e+02   7.85100e+00  
     2022         3        11        22         3        10          3       7100       5362 1647036190.000   1647036190.000    6.30000e+02       0.00      45.00   2.20500e+02   2.95500e+02     1130.5       13.5   5.31000e+00   2.02000e-02     2           3.10450e+02   7.68800e+00  
     2022         3        11        22         5        34          4       7100       5362 1647036334.000   1647036334.000    6.30000e+02      90.00      45.00   2.20500e+02   2.95500e+02     1091.1       15.3   1.78400e+01   7.77000e-02     1           2.03850e+02   6.00900e+00  
     2022         3        11        22         7        58          5       7100       5362 1647036478.000   1647036478.000    6.30000e+02     180.00      45.00   2.20500e+02   2.95500e+02     1105.4       19.9   2.64000e+01   1.40600e-01     1           1.44750e+02   5.36600e+00  
     2022         3        11        22        10        22          6       7100       5362 1647036622.000   1647036622.000    6.30000e+02     -90.00      45.00   2.20500e+02   2.95500e+02     1151.6       20.2  -1.82000e+00   1.03000e-02     1           1.83370e+02   6.50100e+00  
     2022         3        11        22        16        22          7       7100       5362 1647036982.000   1647036982.000    6.30000e+02       0.00      90.00   2.20500e+02   2.95500e+02     1134.2       22.3           nan           nan     1           1.40980e+02   5.60900e+00  
     2022         3        11        22        19        22          8       7100       5362 1647037162.000   1647037162.000    6.30000e+02       0.00      45.00   2.20500e+02   2.95500e+02     1142.6       21.4   3.02000e+00   1.94000e-02     1           1.68170e+02   6.32800e+00  
     2022         3        11        22        21        46          9       7100       5362 1647037306.000   1647037306.000    6.30000e+02      90.00      45.00   2.20500e+02   2.95500e+02     1119.8       26.5   1.20000e+01   8.67000e-02     1           9.71200e+01   4.65800e+00  
     2022         3        11        22        24        10         10       7100       5362 1647037450.000   1647037450.000    6.30000e+02     180.00      45.00   2.20500e+02   2.95500e+02     1110.7       21.8   1.97000e+01   1.26500e-01     1           1.28060e+02   5.14600e+00  
     2022         3        11        22        26        34         11       7100       5362 1647037594.000   1647037594.000    6.30000e+02     -90.00      45.00   2.20500e+02   2.95500e+02     1146.7       26.6  -7.45000e+00   5.36000e-02     1           1.29740e+02   5.94600e+00  
     2022         3        11        22        28        58         12       7100       5362 1647037738.000   1647037738.000    6.30000e+02       0.00      90.00   2.20500e+02   2.95500e+02     1113.0       21.3           nan           nan     1           1.44620e+02   5.63300e+00  
     2022         3        11        22        31        22         13       7100       5362 1647037882.000   1647037882.000    6.30000e+02       0.00      45.00   2.20500e+02   2.95500e+02     1138.9       30.1  -4.62000e+00   3.65000e-02     2           1.10430e+02   5.73300e+00  
     2022         3        11        22        33        46         14       7100       5362 1647038026.000   1647038026.000    6.30000e+02      90.00      45.00   2.20500e+02   2.95500e+02     1110.3       27.7  -2.50000e+00   1.89000e-02     1           9.07100e+01   4.57700e+00  
     2022         3        11        22        36        46         15       7100       5362 1647038206.000   1647038206.000    6.30000e+02     180.00      45.00   2.20500e+02   2.95500e+02     1163.5       31.9  -5.36000e+00   4.43000e-02     1           8.33300e+01   4.56900e+00  
     2022         3        11        22        39        10         16       7100       5362 1647038350.000   1647038350.000    6.30000e+02     -90.00      45.00   2.20500e+02   2.95500e+02     1175.7       35.0   2.92400e+01   2.61000e-01     2           9.47400e+01   5.50000e+00  
     2022         3        11        22        45        10         17       7100       5362 1647038710.000   1647038710.000    6.30000e+02       0.00      90.00   2.20500e+02   2.95500e+02     1096.5       26.1           nan           nan     1           1.08680e+02   5.17600e+00  
     2022         3        11        22        47        34         18       7100       5362 1647038854.000   1647038854.000    6.30000e+02       0.00      45.00   2.20500e+02   2.95500e+02     1116.4       25.4   6.50000e-01   5.30000e-03     1           1.27380e+02   5.76900e+00  
     2022         3        11        22        49        58         19       7100       5362 1647038998.000   1647038998.000    6.30000e+02      90.00      45.00   2.20500e+02   2.95500e+02     1078.1       27.3   1.60200e+01   1.42400e-01     1           8.66500e+01   4.44400e+00  
     2022         3        11        22        52        22         20       7100       5362 1647039142.000   1647039142.000    6.30000e+02     180.00      45.00   2.20500e+02   2.95500e+02     1139.8       39.0   2.92000e+01   3.22600e-01     2           6.39000e+01   4.30000e+00  
     2022         3        11        22        54        46         21       7100       5362 1647039286.000   1647039286.000    6.30000e+02     -90.00      45.00   2.20500e+02   2.95500e+02     1167.5       41.8   3.42700e+01   4.10700e-01     2           7.98000e+01   5.49500e+00  
     2022         3        11        22        57        10         22       7100       5362 1647039430.000   1647039430.000    6.30000e+02       0.00      90.00   2.20500e+02   2.95500e+02     1134.6       38.7           nan           nan     2           6.91700e+01   4.61100e+00  
     2022         3        11        23         0        10         23       7100       5362 1647039610.000   1647039610.000    6.30000e+02       0.00      45.00   2.29500e+02   3.04500e+02     1194.3       42.4  -3.53000e+00   4.24000e-02     2           7.87900e+01   5.38500e+00  
     2022         3        11        23         2        34         24       7100       5362 1647039754.000   1647039754.000    6.30000e+02      90.00      45.00   2.29500e+02   3.04500e+02     1065.1       30.6   2.20700e+01   2.17800e-01     1           7.32300e+01   4.22100e+00  
     2022         3        11        23         4        58         25       7100       5362 1647039898.000   1647039898.000    6.30000e+02     180.00      45.00   2.29500e+02   3.04500e+02     1068.0       31.5   3.43100e+01   3.31100e-01     1           7.33600e+01   4.32000e+00  
     2022         3        11        23         7        22         26       7100       5362 1647040042.000   1647040042.000    6.30000e+02     -90.00      45.00   2.29500e+02   3.04500e+02     1179.9       40.0  -1.34600e+01   1.43200e-01     2           8.50400e+01   5.55400e+00  
     2022         3        11        23        13        22         27       7100       5362 1647040402.000   1647040402.000    6.30000e+02       0.00      90.00   2.29500e+02   3.04500e+02     1101.0       23.5           nan           nan     1           1.26470e+02   5.44500e+00  
     2022         3        11        23        15        46         28       7100       5362 1647040546.000   1647040546.000    6.30000e+02       0.00      45.00   2.29500e+02   3.04500e+02     1129.5       29.3   1.42800e+01   1.12600e-01     2           1.06620e+02   5.46400e+00  
     2022         3        11        23        18        10         29       7100       5362 1647040690.000   1647040690.000    6.30000e+02      90.00      45.00   2.29500e+02   3.04500e+02     1068.4       20.0   2.88100e+01   1.84500e-01     1           1.33410e+02   5.15100e+00  
     2022         3        11        23        20        34         30       7100       5362 1647040834.000   1647040834.000    6.30000e+02     180.00      45.00   2.29500e+02   3.04500e+02     1094.4       26.3   2.06400e+01   1.52300e-01     1           1.01900e+02   4.92300e+00  
     2022         3        11        23        23        34         31       7100       5362 1647041014.000   1647041014.000    6.30000e+02     -90.00      45.00   2.29500e+02   3.04500e+02     1108.1       27.5  -2.26000e+00   1.68000e-02     2           1.19090e+02   5.82600e+00  
     2022         3        11        23        25        58         32       7100       5362 1647041158.000   1647041158.000    6.30000e+02       0.00      90.00   2.29500e+02   3.04500e+02     1080.0       20.2           nan           nan     1           1.44260e+02   5.52400e+00  
     2022         3        11        23        28        22         33       7100       5362 1647041302.000   1647041302.000    6.30000e+02       0.00      45.00   2.29500e+02   3.04500e+02     1221.3       45.5   3.88400e+01   3.87800e-01     2           7.17400e+01   5.13900e+00  
     2022         3        11        23        30        46         34       7100       5362 1647041446.000   1647041446.000    6.30000e+02      90.00      45.00   2.29500e+02   3.04500e+02     1155.2       35.7   3.02700e+01   2.72200e-01     1           6.85400e+01   4.21800e+00  
     2022         3        11        23        33        10         35       7100       5362 1647041590.000   1647041590.000    6.30000e+02     180.00      45.00   2.29500e+02   3.04500e+02     1122.3       33.0   3.98600e+01   3.56500e-01     1           7.83400e+01   4.56800e+00  
     2022         3        11        23        35        34         36       7100       5362 1647041734.000   1647041734.000    6.30000e+02     -90.00      45.00   2.29500e+02   3.04500e+02     1248.7       44.2   6.73300e+01   7.27800e-01     2           8.04900e+01   5.47300e+00  
     2022         3        11        23        41        34         37       7100       5362 1647042094.000   1647042094.000    6.30000e+02       0.00      90.00   2.29500e+02   3.04500e+02     1131.0       32.9           nan           nan     2           8.45500e+01   4.85300e+00  
     2022         3        11        23        43        58         38       7100       5362 1647042238.000   1647042238.000    6.30000e+02       0.00      45.00   2.29500e+02   3.04500e+02     1204.3       34.0   2.79100e+01   2.83700e-01     2           1.02570e+02   5.64700e+00  
     2022         3        11        23        46        58         39       7100       5362 1647042418.000   1647042418.000    6.30000e+02      90.00      45.00   2.29500e+02   3.04500e+02     1248.5       48.6   3.96000e+01   4.81200e-01     2           5.56500e+01   4.21000e+00  
     2022         3        11        23        49        22         40       7100       5362 1647042562.000   1647042562.000    6.30000e+02     180.00      45.00   2.29500e+02   3.04500e+02     1155.3       37.1   2.21600e+01   2.39300e-01     2           7.11600e+01   4.50400e+00  
     2022         3        11        23        51        46         41       7100       5362 1647042706.000   1647042706.000    6.30000e+02     -90.00      45.00   2.29500e+02   3.04500e+02     1294.9       50.0   1.01600e+01   1.27000e-01     2           7.16200e+01   5.28800e+00  
     2022         3        11        23        54        10         42       7100       5362 1647042850.000   1647042850.000    6.30000e+02       0.00      90.00   2.29500e+02   3.04500e+02     1138.9       35.6           nan           nan     2           7.70500e+01   4.73300e+00  
     2022         3        11        23        56        34         43       7100       5362 1647042994.000   1647042994.000    6.30000e+02       0.00      45.00   2.29500e+02   3.04500e+02     1227.4       50.8   3.29100e+01   4.38700e-01     2           5.99000e+01   4.76100e+00  
     2022         3        11        23        58        58         44       7100       5362 1647043138.000   1647043138.000    6.30000e+02      90.00      45.00   2.37500e+02   3.12500e+02     1150.4       32.7   3.83900e+01   4.07400e-01     1           7.94900e+01   4.49900e+00  
     2022         3        12         0         1        22         45       7100       5362 1647043282.000   1647043282.000    6.30000e+02     180.00      45.00   2.37500e+02   3.12500e+02     1126.9       32.3  -1.26500e+01   1.35500e-01     1           7.89900e+01   4.50900e+00  
     2022         3        12         0         4        22         46       7100       5362 1647043462.000   1647043462.000    6.30000e+02     -90.00      45.00   2.37500e+02   3.12500e+02     1279.3       53.3  -1.97600e+01   2.68700e-01     2           6.44000e+01   5.11500e+00  
     2022         3        12         0         9        46         47       7100       5362 1647043786.000   1647043786.000    6.30000e+02       0.00      90.00   2.37500e+02   3.12500e+02     1134.4       41.5           nan           nan     2           6.26800e+01   4.47400e+00  
     2022         3        12         0        12        46         48       7100       5362 1647043966.000   1647043966.000    6.30000e+02       0.00      45.00   2.37500e+02   3.12500e+02     1210.5       54.4   2.70600e+01   4.04100e-01     2           5.49900e+01   4.72000e+00  
     2022         3        12         0        15        10         49       7100       5362 1647044110.000   1647044110.000    6.30000e+02      90.00      45.00   2.37500e+02   3.12500e+02     1075.9       27.7   1.96100e+01   2.18400e-01     1           8.60000e+01   4.47500e+00  
     2022         3        12         0        17        34         50       7100       5362 1647044254.000   1647044254.000    6.30000e+02     180.00      45.00   2.37500e+02   3.12500e+02     1185.6       56.0   2.02000e+00   3.16000e-02     2           4.09400e+01   3.74300e+00  
     2022         3        12         0        22        22         51       7100       5362 1647044542.000   1647044542.000    6.30000e+02       0.00      90.00   2.37500e+02   3.12500e+02     1149.9       50.5           nan           nan     2           4.96100e+01   4.20900e+00  
     2022         3        12         0        24        46         52       7100       5362 1647044686.000   1647044686.000    6.30000e+02       0.00      45.00   2.37500e+02   3.12500e+02     1195.3       45.1  -2.64900e+01   3.72900e-01     2           6.78600e+01   4.93700e+00  
     2022         3        12         0        27        46         53       7100       5362 1647044866.000   1647044866.000    6.30000e+02      90.00      45.00   2.37500e+02   3.12500e+02     1103.9       37.7   2.75000e+01   3.44900e-01     1           6.00400e+01   4.06200e+00  
     2022         3        12         0        30        10         54       7100       5362 1647045010.000   1647045010.000    6.30000e+02     180.00      45.00   2.37500e+02   3.12500e+02     1140.8       41.0   3.01500e+01   3.73600e-01     2           5.78000e+01   4.08900e+00  
     2022         3        12         0        32        34         55       7100       5362 1647045154.000   1647045154.000    6.30000e+02     -90.00      45.00   2.37500e+02   3.12500e+02     1211.5       52.0  -1.07600e+01   1.45300e-01     2           5.97600e+01   4.90300e+00  
     2022         3        12         0        38        34         56       7100       5362 1647045514.000   1647045514.000    6.30000e+02       0.00      90.00   2.37500e+02   3.12500e+02     1085.7       29.1           nan           nan     1           8.71800e+01   4.67700e+00  
     2022         3        12         0        40        58         57       7100       5362 1647045658.000   1647045658.000    6.30000e+02       0.00      45.00   2.37500e+02   3.12500e+02     1054.9       23.9   3.39800e+01   2.77900e-01     1           1.16150e+02   5.28500e+00  
     2022         3        12         0        43        22         58       7100       5362 1647045802.000   1647045802.000    6.30000e+02      90.00      45.00   2.37500e+02   3.12500e+02     1080.8       36.6   2.95500e+01   2.96200e-01     1           5.99600e+01   4.02600e+00  
     2022         3        12         0        45        46         59       7100       5362 1647045946.000   1647045946.000    6.30000e+02     180.00      45.00   2.37500e+02   3.12500e+02     1107.2       35.2   4.71600e+01   4.59500e-01     1           6.73300e+01   4.24400e+00  
     2022         3        12         0        48        10         60       7100       5362 1647046090.000   1647046090.000    6.30000e+02     -90.00      45.00   2.37500e+02   3.12500e+02     1248.7       56.3   3.11800e+01   3.99500e-01     2           5.89300e+01   5.05100e+00  
     2022         3        12         0        50        34         61       7100       5362 1647046234.000   1647046234.000    6.30000e+02       0.00      90.00   2.37500e+02   3.12500e+02     1080.0       27.1           nan           nan     1           9.40600e+01   4.75400e+00  
     2022         3        12         0        53        34         62       7100       5362 1647046414.000   1647046414.000    6.30000e+02       0.00      45.00   2.37500e+02   3.12500e+02     1117.1       33.8   1.13400e+01   1.09700e-01     2           8.01700e+01   4.78600e+00  
     2022         3        12         0        55        58         63       7100       5362 1647046558.000   1647046558.000    6.30000e+02      90.00      45.00   2.37500e+02   3.12500e+02     1138.5       38.8   2.11200e+01   2.23700e-01     2           6.21800e+01   4.17600e+00  
     2022         3        12         0        58        22         64       7100       5362 1647046702.000   1647046702.000    6.30000e+02     180.00      45.00   2.37500e+02   3.12500e+02     1106.6       34.7  -7.62000e+00   7.74000e-02     1           6.74200e+01   4.20600e+00  
     2022         3        12         1         0        46         65       7100       5362 1647046846.000   1647046846.000    6.30000e+02     -90.00      45.00   2.51500e+02   3.26500e+02     1117.6       29.7  -1.33300e+01   1.28500e-01     1           9.89800e+01   5.20700e+00  
     2022         3        12         1         6        46         66       7100       5362 1647047206.000   1647047206.000    6.30000e+02       0.00      90.00   2.51500e+02   3.26500e+02     1108.3       35.7           nan           nan     2           7.00900e+01   4.45000e+00  
     2022         3        12         1         9        10         67       7100       5362 1647047350.000   1647047350.000    6.30000e+02       0.00      45.00   2.51500e+02   3.26500e+02     1193.4       42.5  -6.85000e+00   8.05000e-02     2           6.97200e+01   4.81500e+00  
     2022         3        12         1        11        34         68       7100       5362 1647047494.000   1647047494.000    6.30000e+02      90.00      45.00   2.51500e+02   3.26500e+02     1049.9       31.0   2.27400e+01   2.25600e-01     1           6.69900e+01   3.98500e+00  
     2022         3        12         1        14        34         69       7100       5362 1647047674.000   1647047674.000    6.30000e+02     180.00      45.00   2.51500e+02   3.26500e+02     1068.1       32.3   1.56800e+01   1.52200e-01     1           6.81700e+01   4.12500e+00  
     2022         3        12         1        16        58         70       7100       5362 1647047818.000   1647047818.000    6.30000e+02     -90.00      45.00   2.51500e+02   3.26500e+02     1167.0       42.4   2.44900e+01   2.68200e-01     2           7.19100e+01   5.05200e+00  
     2022         3        12         1        19        22         71       7100       5362 1647047962.000   1647047962.000    6.30000e+02       0.00      90.00   2.51500e+02   3.26500e+02     1055.4       25.2           nan           nan     1           9.57500e+01   4.64100e+00  
     2022         3        12         1        21        46         72       7100       5362 1647048106.000   1647048106.000    6.30000e+02       0.00      45.00   2.51500e+02   3.26500e+02     1112.1       37.3   5.05400e+01   5.00400e-01     2           6.95000e+01   4.57400e+00  
     2022         3        12         1        24        10         73       7100       5362 1647048250.000   1647048250.000    6.30000e+02      90.00      45.00   2.51500e+02   3.26500e+02     1072.2       31.1   3.54600e+01   3.19500e-01     1           6.67100e+01   3.91100e+00  
     2022         3        12         1        26        34         74       7100       5362 1647048394.000   1647048394.000    6.30000e+02     180.00      45.00   2.51500e+02   3.26500e+02     1058.9       31.9   2.33900e+01   2.19900e-01     1           6.83600e+01   4.12300e+00  
     2022         3        12         1        28        58         75       7100       5362 1647048538.000   1647048538.000    6.30000e+02     -90.00      45.00   2.51500e+02   3.26500e+02     1130.9       32.1   3.26000e+01   3.05100e-01     2           9.23400e+01   5.16000e+00  
     2022         3        12         1        34        58         76       7100       5362 1647048898.000   1647048898.000    6.30000e+02       0.00      90.00   2.51500e+02   3.26500e+02     1031.5       28.9           nan           nan     1           7.68800e+01   4.32900e+00  
     2022         3        12         1        37        58         77       7100       5362 1647049078.000   1647049078.000    6.30000e+02       0.00      45.00   2.51500e+02   3.26500e+02     1055.8       39.3   1.29100e+01   1.45900e-01     2           6.20500e+01   4.50400e+00  
     2022         3        12         1        40        22         78       7100       5362 1647049222.000   1647049222.000    6.30000e+02      90.00      45.00   2.51500e+02   3.26500e+02     1019.6       29.6   2.39800e+01   2.29300e-01     1           6.36700e+01   3.76300e+00  
     2022         3        12         1        42        46         79       7100       5362 1647049366.000   1647049366.000    6.30000e+02     180.00      45.00   2.51500e+02   3.26500e+02     1034.9       31.6   2.17100e+01   2.14200e-01     1           6.44700e+01   3.96200e+00  
     2022         3        12         1        45        10         80       7100       5362 1647049510.000   1647049510.000    6.30000e+02     -90.00      45.00   2.51500e+02   3.26500e+02     1267.8       58.2   2.46600e+01   3.37700e-01     2           5.65100e+01   4.93400e+00  
     2022         3        12         1        47        34         81       7100       5362 1647049654.000   1647049654.000    6.30000e+02       0.00      90.00   2.51500e+02   3.26500e+02     1027.2       31.1           nan           nan     1           6.92400e+01   4.19500e+00  
     2022         3        12         1        49        58         82       7100       5362 1647049798.000   1647049798.000    6.30000e+02       0.00      45.00   2.51500e+02   3.26500e+02     1105.3       37.2  -5.60000e+00   6.04000e-02     2           7.15000e+01   4.70400e+00  
     2022         3        12         1        52        22         83       7100       5362 1647049942.000   1647049942.000    6.30000e+02      90.00      45.00   2.51500e+02   3.26500e+02      989.9       27.7   4.59000e+00   4.27000e-02     1           6.67200e+01   3.81100e+00  
     2022         3        12         1        55        22         84       7100       5362 1647050122.000   1647050122.000    6.30000e+02     180.00      45.00   2.51500e+02   3.26500e+02     1018.7       30.9   1.82300e+01   1.76900e-01     1           6.24400e+01   3.82600e+00  
     2022         3        12         1        57        46         85       7100       5362 1647050266.000   1647050266.000    6.30000e+02     -90.00      45.00   2.51500e+02   3.26500e+02     1142.2       43.8   1.76600e+01   2.01600e-01     2           6.51200e+01   4.82500e+00  
     2022         3        12         2         3        46         86       7100       5362 1647050626.000   1647050626.000    6.30000e+02       0.00      90.00   2.59500e+02   3.34500e+02     1046.3       27.2           nan           nan     1           8.26200e+01   4.34800e+00  
     2022         3        12         2         6        10         87       7100       5362 1647050770.000   1647050770.000    6.30000e+02       0.00      45.00   2.59500e+02   3.34500e+02     1083.8       38.8  -1.28300e+01   1.35600e-01     2           6.73200e+01   4.69100e+00  
     2022         3        12         2         8        34         88       7100       5362 1647050914.000   1647050914.000    6.30000e+02      90.00      45.00   2.59500e+02   3.34500e+02      987.1       22.6   3.11200e+01   2.46900e-01     1           8.47300e+01   4.03800e+00  
     2022         3        12         2        10        58         89       7100       5362 1647051058.000   1647051058.000    6.30000e+02     180.00      45.00   2.59500e+02   3.34500e+02     1004.9       26.0   1.81700e+01   1.55200e-01     1           7.57700e+01   4.01200e+00  
     2022         3        12         2        13        22         90       7100       5362 1647051202.000   1647051202.000    6.30000e+02     -90.00      45.00   2.59500e+02   3.34500e+02     1091.0       32.8   2.11700e+01   2.01400e-01     2           8.56800e+01   5.05900e+00  
     2022         3        12         2        15        46         91       7100       5362 1647051346.000   1647051346.000    6.30000e+02       0.00      90.00   2.59500e+02   3.34500e+02     1064.8       27.8           nan           nan     1           8.40500e+01   4.43000e+00  
     2022         3        12         2        18        46         92       7100       5362 1647051526.000   1647051526.000    6.30000e+02       0.00      45.00   2.59500e+02   3.34500e+02     1049.4       24.1  -1.37200e+01   1.08700e-01     1           1.09550e+02   5.08200e+00  
     2022         3        12         2        21        10         93       7100       5362 1647051670.000   1647051670.000    6.30000e+02      90.00      45.00   2.59500e+02   3.34500e+02     1020.7       22.8   1.31100e+01   9.43000e-02     1           8.62300e+01   4.02400e+00  
     2022         3        12         2        23        34         94       7100       5362 1647051814.000   1647051814.000    6.30000e+02     180.00      45.00   2.59500e+02   3.34500e+02     1000.2       19.9   1.26900e+01   8.20000e-02     1           1.05800e+02   4.40800e+00  
     2022         3        12         2        25        58         95       7100       5362 1647051958.000   1647051958.000    6.30000e+02     -90.00      45.00   2.59500e+02   3.34500e+02     1039.6       21.2   8.93000e+00   5.66000e-02     1           1.33720e+02   5.52400e+00  
     2022         3        12         2        31        58         96       7100       5362 1647052318.000   1647052318.000    6.30000e+02       0.00      90.00   2.59500e+02   3.34500e+02      993.2       13.7           nan           nan     1           1.82090e+02   5.40000e+00  
     2022         3        12         2        34        22         97       7100       5362 1647052462.000   1647052462.000    6.30000e+02       0.00      45.00   2.59500e+02   3.34500e+02      994.1       13.1   9.06000e+00   3.85000e-02     1           2.00890e+02   5.70000e+00  
     2022         3        12         2        36        46         98       7100       5362 1647052606.000   1647052606.000    6.30000e+02      90.00      45.00   2.59500e+02   3.34500e+02     1006.8       15.5   1.62700e+01   7.60000e-02     1           1.44350e+02   4.80300e+00  
     2022         3        12         2        39        10         99       7100       5362 1647052750.000   1647052750.000    6.30000e+02     180.00      45.00   2.59500e+02   3.34500e+02      987.8       14.4   2.13600e+01   9.76000e-02     1           1.57990e+02   4.97400e+00  
     2022         3        12         2        42        10        100       7100       5362 1647052930.000   1647052930.000    6.30000e+02     -90.00      45.00   2.59500e+02   3.34500e+02     1027.6       18.0   1.58100e+01   8.30000e-02     1           1.55940e+02   5.62600e+00  
     2022         3        12         2        44        34        101       7100       5362 1647053074.000   1647053074.000    6.30000e+02       0.00      90.00   2.59500e+02   3.34500e+02     1011.7       15.9           nan           nan     1           1.49740e+02   5.02500e+00  
     2022         3        12         2        46        58        102       7100       5362 1647053218.000   1647053218.000    6.30000e+02       0.00      45.00   2.59500e+02   3.34500e+02     1008.1       15.9   1.64900e+01   8.16000e-02     1           1.57990e+02   5.25700e+00  
     2022         3        12         2        49        22        103       7100       5362 1647053362.000   1647053362.000    6.30000e+02      90.00      45.00   2.59500e+02   3.34500e+02     1002.6       18.1   1.77400e+01   9.40000e-02     1           1.12990e+02   4.35700e+00  
     2022         3        12         2        51        46        104       7100       5362 1647053506.000   1647053506.000    6.30000e+02     180.00      45.00   2.59500e+02   3.34500e+02      996.7       15.9   2.03300e+01   1.00500e-01     1           1.34760e+02   4.64500e+00  
     2022         3        12         2        54        10        105       7100       5362 1647053650.000   1647053650.000    6.30000e+02     -90.00      45.00   2.59500e+02   3.34500e+02     1024.5       19.8   1.92300e+01   1.07600e-01     1           1.31010e+02   5.20200e+00  
     2022         3        12         3         0        10        106       7100       5362 1647054010.000   1647054010.000    6.30000e+02       0.00      90.00   2.61500e+02   3.36500e+02     1011.4       16.2           nan           nan     1           1.37000e+02   4.72900e+00  
     2022         3        12         3         3        10        107       7100       5362 1647054190.000   1647054190.000    6.30000e+02       0.00      45.00   2.61500e+02   3.36500e+02     1012.9       22.1   1.39400e+01   9.06000e-02     1           1.00710e+02   4.52200e+00  
     2022         3        12         3         5        34        108       7100       5362 1647054334.000   1647054334.000    6.30000e+02      90.00      45.00   2.61500e+02   3.36500e+02     1021.0       21.4   2.20600e+01   1.48400e-01     1           8.96600e+01   3.96800e+00  
     2022         3        12         3         7        58        109       7100       5362 1647054478.000   1647054478.000    6.30000e+02     180.00      45.00   2.61500e+02   3.36500e+02     1026.8       19.4  -4.34000e+00   2.98000e-02     1           1.04380e+02   4.19600e+00  
     2022         3        12         3        10        22        110       7100       5362 1647054622.000   1647054622.000    6.30000e+02     -90.00      45.00   2.61500e+02   3.36500e+02     1117.1       36.7   8.20000e-01   8.50000e-03     2           7.24200e+01   4.66300e+00  
     2022         3        12         3        12        46        111       7100       5362 1647054766.000   1647054766.000    6.30000e+02       0.00      90.00   2.61500e+02   3.36500e+02     1063.5       30.3           nan           nan     1           7.21300e+01   4.14100e+00  
     2022         3        12         3        15        10        112       7100       5362 1647054910.000   1647054910.000    6.30000e+02       0.00      45.00   2.61500e+02   3.36500e+02     1069.9       31.0   3.91000e+00   3.74000e-02     1           7.06300e+01   4.11500e+00  
     2022         3        12         3        17        34        113       7100       5362 1647055054.000   1647055054.000    6.30000e+02      90.00      45.00   2.61500e+02   3.36500e+02     1024.2       27.5   1.98800e+01   1.75900e-01     1           6.51100e+01   3.61600e+00  
     2022         3        12         3        19        58        114       7100       5362 1647055198.000   1647055198.000    6.30000e+02     180.00      45.00   2.61500e+02   3.36500e+02     1046.8       25.2  -1.88900e+01   1.54300e-01     1           7.50700e+01   3.77700e+00  
     2022         3        12         3        22        58        115       7100       5362 1647055378.000   1647055378.000    6.30000e+02     -90.00      45.00   2.61500e+02   3.36500e+02     1064.9       32.0   2.78200e+01   2.55500e-01     1           7.54800e+01   4.50400e+00  
     2022         3        12         3        28        58        116       7100       5362 1647055738.000   1647055738.000    6.30000e+02       0.00      90.00   2.61500e+02   3.36500e+02     1039.0       22.4           nan           nan     1           8.46900e+01   3.86500e+00  
     2022         3        12         3        31        22        117       7100       5362 1647055882.000   1647055882.000    6.30000e+02       0.00      45.00   2.61500e+02   3.36500e+02     1014.6       18.0   4.01000e+01   2.53000e-01     1           1.11100e+02   4.24000e+00  
     2022         3        12         3        33        46        118       7100       5362 1647056026.000   1647056026.000    6.30000e+02      90.00      45.00   2.61500e+02   3.36500e+02     1018.4       28.5   3.51700e+01   2.82800e-01     0           5.58900e+01   3.26000e+00  
     2022         3        12         3        36        10        119       7100       5362 1647056170.000   1647056170.000    6.30000e+02     180.00      45.00   2.61500e+02   3.36500e+02     1016.5       29.3   4.88000e+00   3.99000e-02     0           5.71700e+01   3.40800e+00  
     2022         3        12         3        38        34        120       7100       5362 1647056314.000   1647056314.000    6.30000e+02     -90.00      45.00   2.61500e+02   3.36500e+02     1068.7       27.3   1.00000e-02   1.00000e-04     1           8.36200e+01   4.34500e+00  
     2022         3        12         3        40        58        121       7100       5362 1647056458.000   1647056458.000    6.30000e+02       0.00      90.00   2.61500e+02   3.36500e+02     1025.1       22.5           nan           nan     0           7.88600e+01   3.68000e+00  
     2022         3        12         3        43        58        122       7100       5362 1647056638.000   1647056638.000    6.30000e+02       0.00      45.00   2.61500e+02   3.36500e+02     1034.6       21.8   3.75000e+01   2.56700e-01     1           9.00500e+01   4.00500e+00  
     2022         3        12         3        46        22        123       7100       5362 1647056782.000   1647056782.000    6.30000e+02      90.00      45.00   2.61500e+02   3.36500e+02     1028.0       25.2   1.93700e+01   1.43800e-01     0           6.35600e+01   3.31300e+00  
     2022         3        12         3        48        46        124       7100       5362 1647056926.000   1647056926.000    6.30000e+02     180.00      45.00   2.61500e+02   3.36500e+02     1039.1       32.7   1.96900e+01   1.69500e-01     1           5.24600e+01   3.37200e+00  
     2022         3        12         3        51        10        125       7100       5362 1647057070.000   1647057070.000    6.30000e+02     -90.00      45.00   2.61500e+02   3.36500e+02     1017.1       21.6   1.95900e+01   1.31900e-01     1           9.47400e+01   4.21100e+00  
     2022         3        12         3        57        10        126       7100       5362 1647057430.000   1647057430.000    6.30000e+02       0.00      90.00   2.61500e+02   3.36500e+02     1009.0       21.1           nan           nan     0           8.11400e+01   3.64600e+00  
     2022         3        12         3        59        34        127       7100       5362 1647057574.000   1647057574.000    6.30000e+02       0.00      45.00   2.61500e+02   3.36500e+02     1029.0       20.8   1.78300e+01   1.15300e-01     1           9.59700e+01   4.10800e+00  
     2022         3        12         4         1        58        128       7100       5362 1647057718.000   1647057718.000    6.30000e+02      90.00      45.00   2.61500e+02   3.36500e+02     1012.3       22.5   8.21000e+00   5.48000e-02     0           7.31900e+01   3.48900e+00  
     2022         3        12         4         4        22        129       7100       5362 1647057862.000   1647057862.000    6.30000e+02     180.00      45.00   2.61500e+02   3.36500e+02     1057.9       29.4   2.03400e+01   1.56700e-01     1           6.34400e+01   3.62500e+00  
     2022         3        12         4         6        46        130       7100       5362 1647058006.000   1647058006.000    6.30000e+02     -90.00      45.00   2.61500e+02   3.36500e+02      983.9       16.5  -1.96500e+01   1.09900e-01     1           1.22170e+02   4.43200e+00  
     2022         3        12         4         9        46        131       7100       5362 1647058186.000   1647058186.000    6.30000e+02       0.00      90.00   2.61500e+02   3.36500e+02      999.2       18.5           nan           nan     0           1.01800e+02   4.06200e+00  
     2022         3        12         4        12        10        132       7100       5362 1647058330.000   1647058330.000    6.30000e+02       0.00      45.00   2.61500e+02   3.36500e+02     1012.6       21.4  -1.41000e+00   8.80000e-03     1           9.50700e+01   4.19700e+00  
     2022         3        12         4        14        34        133       7100       5362 1647058474.000   1647058474.000    6.30000e+02      90.00      45.00   2.61500e+02   3.36500e+02      987.8       20.0   1.06800e+01   6.24000e-02     0           8.52700e+01   3.71600e+00  
     2022         3        12         4        16        58        134       7100       5362 1647058618.000   1647058618.000    6.30000e+02     180.00      45.00   2.61500e+02   3.36500e+02      998.0       19.5   8.00000e+00   4.53000e-02     0           9.18000e+01   3.85900e+00  
     2022         3        12         4        19        22        135       7100       5362 1647058762.000   1647058762.000    6.30000e+02     -90.00      45.00   2.61500e+02   3.36500e+02      987.7       14.3  -1.17600e+01   5.52000e-02     1           1.57120e+02   4.93800e+00  
     2022         3        12         4        25        22        136       7100       5362 1647059122.000   1647059122.000    6.30000e+02       0.00      90.00   2.61500e+02   3.36500e+02      989.4       13.7           nan           nan     0           1.47460e+02   4.55300e+00  
     2022         3        12         4        27        46        137       7100       5362 1647059266.000   1647059266.000    6.30000e+02       0.00      45.00   2.61500e+02   3.36500e+02      993.5       14.1  -6.78000e+00   2.94000e-02     1           1.58920e+02   4.91500e+00  
     2022         3        12         4        30        10        138       7100       5362 1647059410.000   1647059410.000    6.30000e+02      90.00      45.00   2.61500e+02   3.36500e+02      998.4       18.0   8.76000e+00   4.22000e-02     0           1.05930e+02   4.12200e+00  
     2022         3        12         4        33        10        139       7100       5362 1647059590.000   1647059590.000    6.30000e+02     180.00      45.00   2.61500e+02   3.36500e+02      981.6       16.2   1.80700e+01   8.14000e-02     1           1.22100e+02   4.36400e+00  
     2022         3        12         4        37        58        140       7100       5362 1647059878.000   1647059878.000    6.30000e+02       0.00      90.00   2.61500e+02   3.36500e+02      998.6       11.8           nan           nan     1           1.98270e+02   5.24200e+00  
     2022         3        12         4        40        22        141       7100       5362 1647060022.000   1647060022.000    6.30000e+02       0.00      45.00   2.61500e+02   3.36500e+02      988.9       11.1   1.16000e+00   4.20000e-03     1           2.22900e+02   5.58200e+00  
     2022         3        12         4        42        46        142       7100       5362 1647060166.000   1647060166.000    6.30000e+02      90.00      45.00   2.61500e+02   3.36500e+02      981.2       13.4   8.14000e+00   3.21000e-02     1           1.57970e+02   4.76400e+00  
     2022         3        12         4        45        10        143       7100       5362 1647060310.000   1647060310.000    6.30000e+02     180.00      45.00   2.61500e+02   3.36500e+02      978.6       12.3   8.66000e+00   3.27000e-02     1           1.80470e+02   5.04900e+00  
     2022         3        12         4        56        34        144       7100       5362 1647060994.000   1647060994.000    6.30000e+02       0.00      45.00   2.61500e+02   3.36500e+02      990.2       10.0   8.06000e+00   2.80000e-02     1           2.59920e+02   5.90200e+00  
     2022         3        12         4        58        58        145       7100       5362 1647061138.000   1647061138.000    6.30000e+02      90.00      45.00   2.57500e+02   3.32500e+02      989.2       11.1   1.65500e+01   6.02000e-02     0           1.99240e+02   5.09100e+00  
     2022         3        12         5        10        58        146       7100       5362 1647061858.000   1647061858.000    6.30000e+02      90.00      45.00   2.57500e+02   3.32500e+02      995.3       11.1   8.22000e+00   3.05000e-02     0           2.03320e+02   5.14800e+00  
     2022         3        12         5        13        58        147       7100       5362 1647062038.000   1647062038.000    6.30000e+02     180.00      45.00   2.57500e+02   3.32500e+02      975.1       10.8  -1.38000e+01   5.11000e-02     0           1.98730e+02   5.02400e+00  
     2022         3        12         5        27        10        148       7100       5362 1647062830.000   1647062830.000    6.30000e+02      90.00      45.00   2.57500e+02   3.32500e+02      984.2       12.3   9.47000e+00   3.81000e-02     0           1.71210e+02   4.79800e+00  
     2022         3        12         5        29        34        149       7100       5362 1647062974.000   1647062974.000    6.30000e+02     180.00      45.00   2.57500e+02   3.32500e+02      979.9       15.1   1.71800e+01   7.79000e-02     1           1.34620e+02   4.51500e+00  
     2022         3        12         5        31        58        150       7100       5362 1647063118.000   1647063118.000    6.30000e+02     -90.00      45.00   2.57500e+02   3.32500e+02      995.9       12.1   2.50000e+00   1.01000e-02     1           2.01980e+02   5.42300e+00  
     2022         3        12         5        34        22        151       7100       5362 1647063262.000   1647063262.000    6.30000e+02       0.00      90.00   2.57500e+02   3.32500e+02      993.1       13.8           nan           nan     1           1.56400e+02   4.79300e+00  
     2022         3        12         5        37        22        152       7100       5362 1647063442.000   1647063442.000    6.30000e+02       0.00      45.00   2.57500e+02   3.32500e+02     1001.0       17.9   1.32100e+01   6.92000e-02     1           1.27190e+02   4.78500e+00  
     2022         3        12         5        39        46        153       7100       5362 1647063586.000   1647063586.000    6.30000e+02      90.00      45.00   2.57500e+02   3.32500e+02     1014.6       21.5   2.18500e+01   1.30200e-01     1           8.63200e+01   3.87600e+00  
     2022         3        12         5        42        10        154       7100       5362 1647063730.000   1647063730.000    6.30000e+02     180.00      45.00   2.57500e+02   3.32500e+02      977.4       18.0   2.63900e+01   1.48700e-01     1           1.03120e+02   4.09800e+00  
     2022         3        12         5        44        34        155       7100       5362 1647063874.000   1647063874.000    6.30000e+02     -90.00      45.00   2.57500e+02   3.32500e+02     1041.9       21.3   1.24200e+01   7.89000e-02     1           1.14840e+02   4.83900e+00  
     2022         3        12         5        50        34        156       7100       5362 1647064234.000   1647064234.000    6.30000e+02       0.00      90.00   2.57500e+02   3.32500e+02     1018.9       21.1           nan           nan     1           9.46800e+01   4.12700e+00  
     2022         3        12         5        52        58        157       7100       5362 1647064378.000   1647064378.000    6.30000e+02       0.00      45.00   2.57500e+02   3.32500e+02     1016.5       22.9   3.72000e+00   2.78000e-02     1           9.36600e+01   4.35300e+00  
     2022         3        12         5        55        22        158       7100       5362 1647064522.000   1647064522.000    6.30000e+02      90.00      45.00   2.57500e+02   3.32500e+02     1013.9       25.1   1.36400e+01   1.10300e-01     0           6.84300e+01   3.55800e+00  
     2022         3        12         5        57        46        159       7100       5362 1647064666.000   1647064666.000    6.30000e+02     180.00      45.00   2.57500e+02   3.32500e+02     1048.2       34.3   2.51700e+01   2.49300e-01     1           5.21700e+01   3.45500e+00  
     2022         3        12         6         0        46        160       7100       5362 1647064846.000   1647064846.000    6.30000e+02     -90.00      45.00   2.58500e+02   3.33500e+02     1062.0       30.6   2.03500e+01   1.98100e-01     1           7.62300e+01   4.38700e+00  
     2022         3        12         6         3        10        161       7100       5362 1647064990.000   1647064990.000    6.30000e+02       0.00      90.00   2.58500e+02   3.33500e+02     1056.6       31.3           nan           nan     1           6.14900e+01   3.71000e+00  
     2022         3        12         6         5        34        162       7100       5362 1647065134.000   1647065134.000    6.30000e+02       0.00      45.00   2.58500e+02   3.33500e+02     1059.1       35.9   1.49100e+01   1.66000e-01     1           6.00300e+01   4.04100e+00  
     2022         3        12         6         7        58        163       7100       5362 1647065278.000   1647065278.000    6.30000e+02      90.00      45.00   2.58500e+02   3.33500e+02     1071.4       41.6   2.86300e+01   3.43700e-01     1           4.03600e+01   3.14900e+00  
     2022         3        12         6        10        22        164       7100       5362 1647065422.000   1647065422.000    6.30000e+02     180.00      45.00   2.58500e+02   3.33500e+02     1046.9       30.9   1.66200e+01   1.75600e-01     1           5.70000e+01   3.45700e+00  
     2022         3        12         6        12        46        165       7100       5362 1647065566.000   1647065566.000    6.30000e+02     -90.00      45.00   2.58500e+02   3.33500e+02     1016.4       28.9  -8.32000e+00   8.78000e-02     1           7.16200e+01   4.11000e+00  
     2022         3        12         6        19        22        166       7100       5362 1647065962.000   1647065962.000    6.30000e+02       0.00      90.00   2.58500e+02   3.33500e+02     1037.2       37.4           nan           nan     1           5.03600e+01   3.62900e+00  
     2022         3        12         6        21        46        167       7100       5362 1647066106.000   1647066106.000    6.30000e+02       0.00      45.00   2.58500e+02   3.33500e+02     1140.7       51.7   2.73500e+01   3.89100e-01     2           4.68000e+01   4.10900e+00  
     2022         3        12         6        24        10        168       7100       5362 1647066250.000   1647066250.000    6.30000e+02      90.00      45.00   2.58500e+02   3.33500e+02      966.5       24.9   3.48000e+00   3.24000e-02     0           6.32300e+01   3.41800e+00  
     2022         3        12         6        26        34        169       7100       5362 1647066394.000   1647066394.000    6.30000e+02     180.00      45.00   2.58500e+02   3.33500e+02     1042.4       49.7   4.07200e+01   5.31300e-01     2           3.55100e+01   3.31800e+00  
     2022         3        12         6        28        58        170       7100       5362 1647066538.000   1647066538.000    6.30000e+02     -90.00      45.00   2.58500e+02   3.33500e+02     1098.2       43.9   2.89500e+01   3.26200e-01     2           5.32000e+01   4.14300e+00  
     2022         3        12         6        31        22        171       7100       5362 1647066682.000   1647066682.000    6.30000e+02       0.00      90.00   2.58500e+02   3.33500e+02      967.8       21.8           nan           nan     1           7.99200e+01   3.80000e+00  
     2022         3        12         6        34        22        172       7100       5362 1647066862.000   1647066862.000    6.30000e+02       0.00      45.00   2.58500e+02   3.33500e+02     1074.4       44.6   1.37300e+01   1.47800e-01     2           5.02900e+01   4.07600e+00  
     2022         3        12         6        36        46        173       7100       5362 1647067006.000   1647067006.000    6.30000e+02      90.00      45.00   2.58500e+02   3.33500e+02      946.3       19.7   1.41100e+01   9.27000e-02     0           8.33200e+01   3.71800e+00  
     2022         3        12         6        39        10        174       7100       5362 1647067150.000   1647067150.000    6.30000e+02     180.00      45.00   2.58500e+02   3.33500e+02      974.1       27.5   3.15800e+01   2.43700e-01     1           6.12300e+01   3.56500e+00  
     2022         3        12         6        41        34        175       7100       5362 1647067294.000   1647067294.000    6.30000e+02     -90.00      45.00   2.58500e+02   3.33500e+02     1126.2       61.6   5.46600e+01   7.29500e-01     2           3.94400e+01   4.11700e+00  
     2022         3        12         6        47        34        176       7100       5362 1647067654.000   1647067654.000    6.30000e+02       0.00      90.00   2.58500e+02   3.33500e+02      951.3       16.0           nan           nan     0           1.06840e+02   3.95400e+00  
     2022         3        12         6        50        34        177       7100       5362 1647067834.000   1647067834.000    6.30000e+02       0.00      45.00   2.58500e+02   3.33500e+02     1036.7       39.2   2.88400e+01   2.80000e-01     2           5.69400e+01   4.21700e+00  
     2022         3        12         6        52        58        178       7100       5362 1647067978.000   1647067978.000    6.30000e+02      90.00      45.00   2.58500e+02   3.33500e+02      935.4       14.0   2.21500e+01   1.29800e-01     0           1.22360e+02   4.10400e+00  
     2022         3        12         6        55        22        179       7100       5362 1647068122.000   1647068122.000    6.30000e+02     180.00      45.00   2.58500e+02   3.33500e+02      942.7       25.1   3.61200e+01   3.04100e-01     1           6.47000e+01   3.57700e+00  
     2022         3        12         6        57        46        180       7100       5362 1647068266.000   1647068266.000    6.30000e+02     -90.00      45.00   2.58500e+02   3.33500e+02     1188.3       65.4   5.60800e+01   8.26100e-01     2           4.14800e+01   4.33600e+00  
     2022         3        12         7         0        10        181       7100       5362 1647068410.000   1647068410.000    6.30000e+02       0.00      90.00   2.57500e+02   3.32500e+02      979.5       29.5           nan           nan     1           5.75300e+01   3.54900e+00  
     2022         3        12         7         2        34        182       7100       5362 1647068554.000   1647068554.000    6.30000e+02       0.00      45.00   2.57500e+02   3.32500e+02      947.4       19.5  -2.11800e+01   1.78300e-01     1           9.18100e+01   4.00400e+00  
     2022         3        12         7         4        58        183       7100       5362 1647068698.000   1647068698.000    6.30000e+02      90.00      45.00   2.57500e+02   3.32500e+02      926.7       17.9   2.25600e+01   1.83600e-01     0           8.83800e+01   3.70900e+00  
     2022         3        12         7         7        58        184       7100       5362 1647068878.000   1647068878.000    6.30000e+02     180.00      45.00   2.57500e+02   3.32500e+02     1070.0       54.0   3.65100e+01   5.29500e-01     2           3.31900e+01   3.27100e+00  
     2022         3        12         7        10        22        185       7100       5362 1647069022.000   1647069022.000    6.30000e+02     -90.00      45.00   2.57500e+02   3.32500e+02     1133.3       56.3   4.10600e+01   6.00900e-01     2           4.62800e+01   4.39700e+00  
     2022         3        12         7        16        22        186       7100       5362 1647069382.000   1647069382.000    6.30000e+02       0.00      90.00   2.57500e+02   3.32500e+02      976.1       32.3           nan           nan     1           5.28200e+01   3.53900e+00  
     2022         3        12         7        18        46        187       7100       5362 1647069526.000   1647069526.000    6.30000e+02       0.00      45.00   2.57500e+02   3.32500e+02      944.1       30.9  -1.02800e+01   1.15300e-01     1           5.47600e+01   3.62500e+00  
     2022         3        12         7        21        10        188       7100       5362 1647069670.000   1647069670.000    6.30000e+02      90.00      45.00   2.57500e+02   3.32500e+02     1015.9       48.4   1.64500e+01   2.36200e-01     2           3.18500e+01   3.00100e+00  
     2022         3        12         7        23        34        189       7100       5362 1647069814.000   1647069814.000    6.30000e+02     180.00      45.00   2.57500e+02   3.32500e+02      952.8       42.0   3.24600e+01   4.45800e-01     1           3.36500e+01   2.97100e+00  
     2022         3        12         7        25        58        190       7100       5362 1647069958.000   1647069958.000    6.30000e+02     -90.00      45.00   2.57500e+02   3.32500e+02     1093.3       62.9   1.25100e+01   2.11400e-01     2           3.64100e+01   3.99700e+00  
     2022         3        12         7        28        22        191       7100       5362 1647070102.000   1647070102.000    6.30000e+02       0.00      90.00   2.57500e+02   3.32500e+02      944.4       39.3           nan           nan     1           3.93200e+01   3.26300e+00  
     2022         3        12         7        31        22        192       7100       5362 1647070282.000   1647070282.000    6.30000e+02       0.00      45.00   2.57500e+02   3.32500e+02     1091.9       59.6  -1.09500e+01   2.00300e-01     2           3.49700e+01   3.68200e+00  
     2022         3        12         7        33        46        193       7100       5362 1647070426.000   1647070426.000    6.30000e+02      90.00      45.00   2.57500e+02   3.32500e+02      981.3       46.8  -1.28000e+01   2.21100e-01     1           3.09500e+01   2.93500e+00  
     2022         3        12         7        36        10        194       7100       5362 1647070570.000   1647070570.000    6.30000e+02     180.00      45.00   2.57500e+02   3.32500e+02     1051.6       58.4  -3.16900e+01   6.40000e-01     2           2.72500e+01   2.95400e+00  
     2022         3        12         7        44        34        195       7100       5362 1647071074.000   1647071074.000    6.30000e+02       0.00      90.00   2.57500e+02   3.32500e+02     1219.2       88.9           nan           nan     2           2.32300e+01   3.22600e+00  
     2022         3        12         7        49        22        196       7100       5362 1647071362.000   1647071362.000    6.30000e+02      90.00      45.00   2.57500e+02   3.32500e+02     1043.1       75.1   5.00000e-02   1.30000e-03     2           1.88100e+01   2.62400e+00  
     2022         3        12         7        51        46        197       7100       5362 1647071506.000   1647071506.000    6.30000e+02     180.00      45.00   2.57500e+02   3.32500e+02     1040.5       57.9   2.37200e+01   4.59100e-01     2           2.74700e+01   2.99000e+00  
     2022         3        12         7        57        10        198       7100       5362 1647071830.000   1647071830.000    6.30000e+02       0.00      90.00   2.57500e+02   3.32500e+02      971.9       37.0           nan           nan     1           4.29500e+01   3.28900e+00  
     2022         3        12         7        59        34        199       7100       5362 1647071974.000   1647071974.000    6.30000e+02       0.00      45.00   2.56500e+02   3.31500e+02     1126.3       63.1   2.34000e+01   4.04200e-01     2           3.40600e+01   3.66900e+00  
     2022         3        12         8         1        58        200       7100       5362 1647072118.000   1647072118.000    6.30000e+02      90.00      45.00   2.56500e+02   3.31500e+02      981.9       40.8   2.73800e+01   3.85600e-01     1           3.58100e+01   2.99400e+00  
     2022         3        12         8         4        22        201       7100       5362 1647072262.000   1647072262.000    6.30000e+02     180.00      45.00   2.56500e+02   3.31500e+02     1052.5       52.1   4.98000e+01   7.88200e-01     2           3.19900e+01   3.10700e+00  
     2022         3        12         8        12        46        202       7100       5362 1647072766.000   1647072766.000    6.30000e+02       0.00      90.00   2.56500e+02   3.31500e+02     1068.8       48.9           nan           nan     2           4.33400e+01   3.85100e+00  
     2022         3        12         8        15        10        203       7100       5362 1647072910.000   1647072910.000    6.30000e+02       0.00      45.00   2.56500e+02   3.31500e+02     1073.9       39.7  -1.58000e+01   2.25500e-01     2           6.70400e+01   4.80900e+00  
     2022         3        12         8        18        10        204       7100       5362 1647073090.000   1647073090.000    6.30000e+02      90.00      45.00   2.56500e+02   3.31500e+02     1029.5       31.4  -6.15000e+00   7.52000e-02     2           7.90200e+01   4.75500e+00  
     2022         3        12         8        20        34        205       7100       5362 1647073234.000   1647073234.000    6.30000e+02     180.00      45.00   2.56500e+02   3.31500e+02     1127.8       42.4   3.88400e+01   5.14600e-01     2           6.98600e+01   5.06300e+00  
     2022         3        12         8        22        58        206       7100       5362 1647073378.000   1647073378.000    6.30000e+02     -90.00      45.00   2.56500e+02   3.31500e+02     1296.2       42.8   8.40000e-01   1.02000e-02     2           1.23290e+02   7.69200e+00  
     2022         3        12         8        25        22        207       7100       5362 1647073522.000   1647073522.000    6.30000e+02       0.00      90.00   2.56500e+02   3.31500e+02     1298.8       31.2           nan           nan     2           2.22270e+02   1.00970e+01  
