   YEAR     MONTH      DAY       HOUR      MIN       SEC       RECNO     KINDAT      KINST       UT1_UNIX        UT2_UNIX        WAVLEN        AZM        ELM         ALTB          ALTE         TN         DTN        VNHLU         DVNHLU     FPI_DATAQUAL      RLE           DRLE     
     2022         3        31        21        34        22          0       7100       5362 1648762462.000   1648762462.000    6.30000e+02      90.00      45.00   2.28500e+02   3.03500e+02     1304.5       18.3   2.86000e+01   1.29700e-01     2           3.10780e+02   8.70500e+00  
     2022         3        31        21        36        46          1       7100       5362 1648762606.000   1648762606.000    6.30000e+02     180.00      45.00   2.28500e+02   3.03500e+02     1271.3       18.7   3.09000e+01   1.42500e-01     2           2.42190e+02   7.22600e+00  
     2022         3        31        21        39        10          2       7100       5362 1648762750.000   1648762750.000    6.30000e+02     -90.00      45.00   2.28500e+02   3.03500e+02     1258.5       20.7   3.14000e+00   1.53000e-02     1           1.89150e+02   6.34000e+00  
     2022         3        31        21        41        34          3       7100       5362 1648762894.000   1648762894.000    6.30000e+02       0.00      90.00   2.28500e+02   3.03500e+02     1193.1       16.3           nan           nan     1           2.15500e+02   6.17500e+00  
     2022         3        31        21        43        58          4       7100       5362 1648763038.000   1648763038.000    6.30000e+02       0.00      45.00   2.28500e+02   3.03500e+02     1184.2       21.6   1.79200e+01   9.18000e-02     1           1.54110e+02   5.73500e+00  
     2022         3        31        21        46        58          5       7100       5362 1648763218.000   1648763218.000    6.30000e+02      90.00      45.00   2.28500e+02   3.03500e+02     1142.1       17.4   1.85800e+01   8.27000e-02     1           1.55670e+02   5.05800e+00  
     2022         3        31        22         0        10          6       7100       5362 1648764010.000   1648764010.000    6.30000e+02       0.00      45.00   2.32500e+02   3.07500e+02     1137.8       10.5   7.93000e+00   2.67000e-02     1           3.77500e+02   7.55900e+00  
     2022         3        31        22         7        22          7       7100       5362 1648764442.000   1648764442.000    6.30000e+02     -90.00      45.00   2.32500e+02   3.07500e+02     1096.3       14.1   3.66000e+00   1.39000e-02     1           1.92360e+02   5.39800e+00  
     2022         3        31        22        10        22          8       7100       5362 1648764622.000   1648764622.000    6.30000e+02       0.00      90.00   2.32500e+02   3.07500e+02     1100.7       13.6           nan           nan     1           1.91330e+02   5.23500e+00  
     2022         3        31        22        12        46          9       7100       5362 1648764766.000   1648764766.000    6.30000e+02       0.00      45.00   2.32500e+02   3.07500e+02     1107.2       19.0  -6.86000e+00   3.21000e-02     1           1.57390e+02   5.58500e+00  
     2022         3        31        22        15        10         10       7100       5362 1648764910.000   1648764910.000    6.30000e+02      90.00      45.00   2.32500e+02   3.07500e+02     1090.2       10.6   1.34000e+00   4.70000e-03     1           2.77040e+02   6.06700e+00  
     2022         3        31        22        28        22         11       7100       5362 1648765702.000   1648765702.000    6.30000e+02       0.00      45.00   2.32500e+02   3.07500e+02     1097.6       14.5   5.70000e+00   2.75000e-02     1           2.08040e+02   5.85500e+00  
     2022         3        31        22        31        22         12       7100       5362 1648765882.000   1648765882.000    6.30000e+02      90.00      45.00   2.32500e+02   3.07500e+02     1079.2       11.7   1.66400e+01   7.55000e-02     1           2.32380e+02   5.62900e+00  
     2022         3        31        22        33        46         13       7100       5362 1648766026.000   1648766026.000    6.30000e+02     180.00      45.00   2.32500e+02   3.07500e+02     1102.1       24.3   1.07200e+01   6.90000e-02     0           7.48600e+01   3.52800e+00  
     2022         3        31        22        36        10         14       7100       5362 1648766170.000   1648766170.000    6.30000e+02     -90.00      45.00   2.32500e+02   3.07500e+02     1099.7       21.0   1.58600e+01   9.78000e-02     1           1.08490e+02   4.37900e+00  
     2022         3        31        22        38        34         15       7100       5362 1648766314.000   1648766314.000    6.30000e+02       0.00      90.00   2.32500e+02   3.07500e+02     1111.3       24.1           nan           nan     0           8.39800e+01   3.84300e+00  
     2022         3        31        22        40        58         16       7100       5362 1648766458.000   1648766458.000    6.30000e+02       0.00      45.00   2.32500e+02   3.07500e+02     1085.0       27.4   1.22300e+01   8.97000e-02     1           7.48000e+01   3.89200e+00  
     2022         3        31        22        43        22         17       7100       5362 1648766602.000   1648766602.000    6.30000e+02      90.00      45.00   2.32500e+02   3.07500e+02     1118.8       38.3   2.73400e+01   2.42000e-01     0           4.34100e+01   3.03900e+00  
     2022         3        31        22        45        46         18       7100       5362 1648766746.000   1648766746.000    6.30000e+02     180.00      45.00   2.32500e+02   3.07500e+02     1096.0       17.4   1.38200e+01   8.08000e-02     0           1.27120e+02   4.40000e+00  
     2022         3        31        22        48        46         19       7100       5362 1648766926.000   1648766926.000    6.30000e+02     -90.00      45.00   2.32500e+02   3.07500e+02     1122.6       31.8   5.59000e+00   4.47000e-02     0           5.94500e+01   3.47400e+00  
     2022         3        31        22        54        46         20       7100       5362 1648767286.000   1648767286.000    6.30000e+02       0.00      90.00   2.32500e+02   3.07500e+02     1099.3       25.5           nan           nan     0           7.19400e+01   3.53500e+00  
     2022         3        31        22        57        10         21       7100       5362 1648767430.000   1648767430.000    6.30000e+02       0.00      45.00   2.32500e+02   3.07500e+02     1118.5       41.8  -1.49900e+01   1.50200e-01     1           4.32100e+01   3.24400e+00  
     2022         3        31        22        59        34         22       7100       5362 1648767574.000   1648767574.000    6.30000e+02      90.00      45.00   2.39500e+02   3.14500e+02     1067.7       31.0   2.73300e+01   2.40600e-01     0           5.25200e+01   3.17500e+00  
     2022         3        31        23         1        58         23       7100       5362 1648767718.000   1648767718.000    6.30000e+02     180.00      45.00   2.39500e+02   3.14500e+02     1099.8       30.9   1.58000e+01   1.43200e-01     0           5.45800e+01   3.20600e+00  
     2022         3        31        23         4        22         24       7100       5362 1648767862.000   1648767862.000    6.30000e+02     -90.00      45.00   2.39500e+02   3.14500e+02     1103.8       53.0  -3.94700e+01   5.09500e-01     1           2.90500e+01   2.77600e+00  
     2022         3        31        23         6        46         25       7100       5362 1648768006.000   1648768006.000    6.30000e+02       0.00      90.00   2.39500e+02   3.14500e+02     1115.5       39.2           nan           nan     0           3.88900e+01   2.81700e+00  
     2022         3        31        23         9        46         26       7100       5362 1648768186.000   1648768186.000    6.30000e+02       0.00      45.00   2.39500e+02   3.14500e+02     1127.5       65.5   3.67000e+00   5.71000e-02     2           2.42100e+01   2.75400e+00  
     2022         3        31        23        12        10         27       7100       5362 1648768330.000   1648768330.000    6.30000e+02      90.00      45.00   2.39500e+02   3.14500e+02     1128.2       45.7  -1.16000e+00   1.44000e-02     0           3.13100e+01   2.59300e+00  
     2022         3        31        23        14        34         28       7100       5362 1648768474.000   1648768474.000    6.30000e+02     180.00      45.00   2.39500e+02   3.14500e+02     1121.0       49.3   2.52500e+01   3.33300e-01     0           2.70600e+01   2.42600e+00  
     2022         3        31        23        16        58         29       7100       5362 1648768618.000   1648768618.000    6.30000e+02     -90.00      45.00   2.39500e+02   3.14500e+02     1125.4       53.7  -1.67400e+01   2.36000e-01     1           2.57500e+01   2.47800e+00  
     2022         3        31        23        22        58         30       7100       5362 1648768978.000   1648768978.000    6.30000e+02       0.00      90.00   2.39500e+02   3.14500e+02     1152.3       49.7           nan           nan     0           2.83700e+01   2.49300e+00  
     2022         3        31        23        25        22         31       7100       5362 1648769122.000   1648769122.000    6.30000e+02       0.00      45.00   2.39500e+02   3.14500e+02     1114.4       46.1   1.19600e+01   1.68500e-01     1           3.28400e+01   2.74900e+00  
     2022         3        31        23        27        46         32       7100       5362 1648769266.000   1648769266.000    6.30000e+02      90.00      45.00   2.39500e+02   3.14500e+02     1112.0       46.9   2.46800e+01   3.56300e-01     1           3.04800e+01   2.61400e+00  
     2022         3        31        23        30        10         33       7100       5362 1648769410.000   1648769410.000    6.30000e+02     180.00      45.00   2.39500e+02   3.14500e+02     1106.3       47.9  -6.20000e+00   9.35000e-02     0           2.86500e+01   2.52500e+00  
     2022         3        31        23        33        10         34       7100       5362 1648769590.000   1648769590.000    6.30000e+02     -90.00      45.00   2.39500e+02   3.14500e+02     1102.7       57.4  -2.67700e+01   4.50900e-01     1           2.23100e+01   2.33400e+00  
     2022         3        31        23        35        34         35       7100       5362 1648769734.000   1648769734.000    6.30000e+02       0.00      90.00   2.39500e+02   3.14500e+02     1085.4       60.0           nan           nan     1           2.00100e+01   2.22200e+00  
     2022         3        31        23        37        58         36       7100       5362 1648769878.000   1648769878.000    6.30000e+02       0.00      45.00   2.39500e+02   3.14500e+02     1204.3       85.1   2.03400e+01   4.15400e-01     2           1.64800e+01   2.27600e+00  
     2022         3        31        23        40        22         37       7100       5362 1648770022.000   1648770022.000    6.30000e+02      90.00      45.00   2.39500e+02   3.14500e+02     1116.4       50.9   3.06800e+01   4.47800e-01     0           2.52900e+01   2.35100e+00  
     2022         3        31        23        42        46         38       7100       5362 1648770166.000   1648770166.000    6.30000e+02     180.00      45.00   2.39500e+02   3.14500e+02     1107.7       48.9   4.55500e+01   6.17900e-01     1           2.81400e+01   2.52300e+00  
     2022         3        31        23        45        10         39       7100       5362 1648770310.000   1648770310.000    6.30000e+02     -90.00      45.00   2.39500e+02   3.14500e+02     1135.6       39.6  -1.07000e+01   1.20400e-01     0           4.35700e+01   3.09100e+00  
     2022         3        31        23        51        46         40       7100       5362 1648770706.000   1648770706.000    6.30000e+02       0.00      90.00   2.39500e+02   3.14500e+02     1113.1       25.4           nan           nan     0           7.73400e+01   3.71500e+00  
     2022         3        31        23        54        10         41       7100       5362 1648770850.000   1648770850.000    6.30000e+02       0.00      45.00   2.39500e+02   3.14500e+02     1132.1       28.4  -1.53000e+00   1.18000e-02     0           6.86000e+01   3.59400e+00  
     2022         3        31        23        56        34         42       7100       5362 1648770994.000   1648770994.000    6.30000e+02      90.00      45.00   2.39500e+02   3.14500e+02     1152.8       39.5   1.26900e+01   1.18300e-01     0           4.14700e+01   2.91900e+00  
     2022         3        31        23        58        58         43       7100       5362 1648771138.000   1648771138.000    6.30000e+02     180.00      45.00   2.47500e+02   3.22500e+02     1078.8       36.9   1.28700e+01   1.20600e-01     0           4.11700e+01   2.90400e+00  
     2022         4         1         0         1        22         44       7100       5362 1648771282.000   1648771282.000    6.30000e+02     -90.00      45.00   2.47500e+02   3.22500e+02     1151.2       42.0  -1.69500e+01   1.69500e-01     0           3.89100e+01   2.90000e+00  
     2022         4         1         0         3        46         45       7100       5362 1648771426.000   1648771426.000    6.30000e+02       0.00      90.00   2.47500e+02   3.22500e+02     1143.4       30.0           nan           nan     0           6.38800e+01   3.48800e+00  
     2022         4         1         0         6        10         46       7100       5362 1648771570.000   1648771570.000    6.30000e+02       0.00      45.00   2.47500e+02   3.22500e+02     1152.2       37.4   1.48500e+01   1.64000e-01     1           5.40100e+01   3.53900e+00  
     2022         4         1         0         9        10         47       7100       5362 1648771750.000   1648771750.000    6.30000e+02      90.00      45.00   2.47500e+02   3.22500e+02     1124.9       37.2   3.02300e+01   3.74400e-01     0           4.42200e+01   3.01200e+00  
     2022         4         1         0        11        34         48       7100       5362 1648771894.000   1648771894.000    6.30000e+02     180.00      45.00   2.47500e+02   3.22500e+02     1115.0       39.0   2.13600e+01   3.02700e-01     0           4.15400e+01   2.97400e+00  
     2022         4         1         0        13        58         49       7100       5362 1648772038.000   1648772038.000    6.30000e+02     -90.00      45.00   2.47500e+02   3.22500e+02     1097.2       39.1   6.58000e+00   1.05300e-01     1           4.95400e+01   3.53900e+00  
     2022         4         1         0        19        58         50       7100       5362 1648772398.000   1648772398.000    6.30000e+02       0.00      90.00   2.47500e+02   3.22500e+02     1188.6       93.9           nan           nan     2           1.39400e+01   2.14300e+00  
     2022         4         1         0        22        22         51       7100       5362 1648772542.000   1648772542.000    6.30000e+02       0.00      45.00   2.47500e+02   3.22500e+02     1089.6       64.9   1.55300e+01   3.35000e-01     2           2.01000e+01   2.37100e+00  
     2022         4         1         0        24        46         52       7100       5362 1648772686.000   1648772686.000    6.30000e+02      90.00      45.00   2.47500e+02   3.22500e+02     1138.0       48.2   2.74800e+01   4.59100e-01     0           3.00000e+01   2.58400e+00  
     2022         4         1         0        27        10         53       7100       5362 1648772830.000   1648772830.000    6.30000e+02     180.00      45.00   2.47500e+02   3.22500e+02     1101.4       41.8   2.77400e+01   3.84800e-01     0           3.73700e+01   2.88800e+00  
     2022         4         1         0        29        34         54       7100       5362 1648772974.000   1648772974.000    6.30000e+02     -90.00      45.00   2.47500e+02   3.22500e+02     1169.2       38.7   1.74200e+01   1.98800e-01     1           5.93000e+01   3.90400e+00  
     2022         4         1         0        32        34         55       7100       5362 1648773154.000   1648773154.000    6.30000e+02       0.00      90.00   2.47500e+02   3.22500e+02     1126.2       27.4           nan           nan     1           7.82600e+01   3.92900e+00  
     2022         4         1         0        34        58         56       7100       5362 1648773298.000   1648773298.000    6.30000e+02       0.00      45.00   2.47500e+02   3.22500e+02     1149.4       30.8   1.91500e+01   1.59400e-01     1           8.38000e+01   4.50200e+00  
     2022         4         1         0        37        22         57       7100       5362 1648773442.000   1648773442.000    6.30000e+02      90.00      45.00   2.47500e+02   3.22500e+02     1103.9       34.5   1.95000e+01   1.76800e-01     1           5.31900e+01   3.39600e+00  
     2022         4         1         0        39        46         58       7100       5362 1648773586.000   1648773586.000    6.30000e+02     180.00      45.00   2.47500e+02   3.22500e+02     1099.9       41.6   3.36700e+01   3.45500e-01     1           3.98900e+01   3.05300e+00  
     2022         4         1         0        42        10         59       7100       5362 1648773730.000   1648773730.000    6.30000e+02     -90.00      45.00   2.47500e+02   3.22500e+02     1166.7       51.7   1.48600e+01   1.74000e-01     2           3.80500e+01   3.32400e+00  
     2022         4         1         0        48        10         60       7100       5362 1648774090.000   1648774090.000    6.30000e+02       0.00      90.00   2.47500e+02   3.22500e+02     1122.6       30.6           nan           nan     1           7.22800e+01   4.00300e+00  
     2022         4         1         0        50        34         61       7100       5362 1648774234.000   1648774234.000    6.30000e+02       0.00      45.00   2.47500e+02   3.22500e+02     1139.6       33.3   2.13100e+01   1.91400e-01     1           7.09800e+01   4.16200e+00  
     2022         4         1         0        53        34         62       7100       5362 1648774414.000   1648774414.000    6.30000e+02      90.00      45.00   2.47500e+02   3.22500e+02     1072.9       23.2   1.72100e+01   1.24800e-01     1           8.64500e+01   3.93500e+00  
     2022         4         1         0        55        58         63       7100       5362 1648774558.000   1648774558.000    6.30000e+02     180.00      45.00   2.47500e+02   3.22500e+02     1066.1       24.2   1.57200e+01   1.13900e-01     1           8.34400e+01   3.94800e+00  
     2022         4         1         0        58        22         64       7100       5362 1648774702.000   1648774702.000    6.30000e+02     -90.00      45.00   2.47500e+02   3.22500e+02     1113.0       33.9   2.28300e+01   1.96300e-01     1           7.54800e+01   4.55200e+00  
     2022         4         1         1         0        46         65       7100       5362 1648774846.000   1648774846.000    6.30000e+02       0.00      90.00   2.57500e+02   3.32500e+02     1105.5       23.5           nan           nan     1           1.01310e+02   4.45100e+00  
     2022         4         1         1         3        10         66       7100       5362 1648774990.000   1648774990.000    6.30000e+02       0.00      45.00   2.57500e+02   3.32500e+02     1101.5       22.8   1.26000e+01   8.45000e-02     1           1.16080e+02   4.91700e+00  
     2022         4         1         1         5        34         67       7100       5362 1648775134.000   1648775134.000    6.30000e+02      90.00      45.00   2.57500e+02   3.32500e+02     1063.6       18.5   2.37700e+01   1.44700e-01     1           1.16650e+02   4.35400e+00  
     2022         4         1         1         7        58         68       7100       5362 1648775278.000   1648775278.000    6.30000e+02     180.00      45.00   2.57500e+02   3.32500e+02     1053.0       24.1   1.18300e+01   8.30000e-02     1           8.10200e+01   3.88000e+00  
     2022         4         1         1        10        22         69       7100       5362 1648775422.000   1648775422.000    6.30000e+02     -90.00      45.00   2.57500e+02   3.32500e+02     1122.4       42.8   2.83200e+01   2.85000e-01     2           5.52000e+01   4.11700e+00  
     2022         4         1         1        16        58         70       7100       5362 1648775818.000   1648775818.000    6.30000e+02       0.00      90.00   2.57500e+02   3.32500e+02     1059.8       24.4           nan           nan     1           8.66900e+01   4.13400e+00  
     2022         4         1         1        19        22         71       7100       5362 1648775962.000   1648775962.000    6.30000e+02       0.00      45.00   2.57500e+02   3.32500e+02     1097.1       23.6   1.60200e+01   1.16700e-01     1           1.09530e+02   4.81100e+00  
     2022         4         1         1        21        46         72       7100       5362 1648776106.000   1648776106.000    6.30000e+02      90.00      45.00   2.57500e+02   3.32500e+02     1054.8       20.3   1.83900e+01   1.28400e-01     1           1.04570e+02   4.26300e+00  
     2022         4         1         1        24        46         73       7100       5362 1648776286.000   1648776286.000    6.30000e+02     180.00      45.00   2.57500e+02   3.32500e+02     1028.3       16.0   1.57100e+01   1.01800e-01     1           1.35410e+02   4.57100e+00  
     2022         4         1         1        27        10         74       7100       5362 1648776430.000   1648776430.000    6.30000e+02     -90.00      45.00   2.57500e+02   3.32500e+02     1088.3       32.2   1.06800e+01   9.83000e-02     1           7.42300e+01   4.38300e+00  
     2022         4         1         1        29        34         75       7100       5362 1648776574.000   1648776574.000    6.30000e+02       0.00      90.00   2.57500e+02   3.32500e+02     1075.3       30.0           nan           nan     1           6.89800e+01   3.91500e+00  
     2022         4         1         1        31        58         76       7100       5362 1648776718.000   1648776718.000    6.30000e+02       0.00      45.00   2.57500e+02   3.32500e+02     1055.2       18.0  -5.26000e+00   3.63000e-02     1           1.44900e+02   5.17400e+00  
     2022         4         1         1        34        22         77       7100       5362 1648776862.000   1648776862.000    6.30000e+02      90.00      45.00   2.57500e+02   3.32500e+02     1046.0       21.4   8.85000e+00   6.25000e-02     1           9.49200e+01   4.09500e+00  
     2022         4         1         1        36        46         78       7100       5362 1648777006.000   1648777006.000    6.30000e+02     180.00      45.00   2.57500e+02   3.32500e+02     1039.4       15.4   3.48000e+00   2.04000e-02     1           1.44060e+02   4.66000e+00  
     2022         4         1         1        39        10         79       7100       5362 1648777150.000   1648777150.000    6.30000e+02     -90.00      45.00   2.57500e+02   3.32500e+02     1080.1       23.7  -4.81000e+00   3.30000e-02     1           1.05520e+02   4.72800e+00  
     2022         4         1         1        45        10         80       7100       5362 1648777510.000   1648777510.000    6.30000e+02       0.00      90.00   2.57500e+02   3.32500e+02     1040.8       18.2           nan           nan     1           1.17540e+02   4.39600e+00  
     2022         4         1         1        48        10         81       7100       5362 1648777690.000   1648777690.000    6.30000e+02       0.00      45.00   2.57500e+02   3.32500e+02     1084.1       19.6   1.05700e+01   5.63000e-02     1           1.33030e+02   5.01600e+00  
     2022         4         1         1        50        34         82       7100       5362 1648777834.000   1648777834.000    6.30000e+02      90.00      45.00   2.57500e+02   3.32500e+02     1057.3       21.2   1.87600e+01   1.00700e-01     0           9.25400e+01   3.95500e+00  
     2022         4         1         1        52        58         83       7100       5362 1648777978.000   1648777978.000    6.30000e+02     180.00      45.00   2.57500e+02   3.32500e+02     1021.6       13.3   1.76000e+01   7.09000e-02     1           1.73490e+02   4.97800e+00  
     2022         4         1         1        55        22         84       7100       5362 1648778122.000   1648778122.000    6.30000e+02     -90.00      45.00   2.57500e+02   3.32500e+02     1044.3       15.8   9.87000e+00   4.21000e-02     1           1.68290e+02   5.39400e+00  
     2022         4         1         1        57        46         85       7100       5362 1648778266.000   1648778266.000    6.30000e+02       0.00      90.00   2.57500e+02   3.32500e+02     1025.1       12.3           nan           nan     1           2.00980e+02   5.35300e+00  
     2022         4         1         2         0        10         86       7100       5362 1648778410.000   1648778410.000    6.30000e+02       0.00      45.00   2.67500e+02   3.42500e+02     1042.7       19.8   2.17700e+01   1.04400e-01     1           1.25520e+02   4.93500e+00  
     2022         4         1         2         3        10         87       7100       5362 1648778590.000   1648778590.000    6.30000e+02      90.00      45.00   2.67500e+02   3.42500e+02     1038.9       14.2   1.89700e+01   7.45000e-02     1           1.60630e+02   4.84100e+00  
     2022         4         1         2         5        34         88       7100       5362 1648778734.000   1648778734.000    6.30000e+02     180.00      45.00   2.67500e+02   3.42500e+02     1015.7       13.6   1.24400e+01   4.89000e-02     1           1.68620e+02   4.96100e+00  
     2022         4         1         2         7        58         89       7100       5362 1648778878.000   1648778878.000    6.30000e+02     -90.00      45.00   2.67500e+02   3.42500e+02     1033.7       16.6   1.31300e+01   5.83000e-02     1           1.44530e+02   4.95000e+00  
     2022         4         1         2        13        58         90       7100       5362 1648779238.000   1648779238.000    6.30000e+02       0.00      90.00   2.67500e+02   3.42500e+02     1037.8       14.5           nan           nan     1           1.63670e+02   4.98900e+00  
     2022         4         1         2        16        22         91       7100       5362 1648779382.000   1648779382.000    6.30000e+02       0.00      45.00   2.67500e+02   3.42500e+02     1028.9       18.7   1.17200e+01   5.83000e-02     1           1.20930e+02   4.64000e+00  
     2022         4         1         2        18        46         92       7100       5362 1648779526.000   1648779526.000    6.30000e+02      90.00      45.00   2.67500e+02   3.42500e+02     1013.6       14.4   1.80300e+01   7.78000e-02     1           1.50240e+02   4.69400e+00  
     2022         4         1         2        21        10         93       7100       5362 1648779670.000   1648779670.000    6.30000e+02     180.00      45.00   2.67500e+02   3.42500e+02     1023.5       15.5   1.64500e+01   7.42000e-02     1           1.39490e+02   4.59600e+00  
     2022         4         1         2        23        34         94       7100       5362 1648779814.000   1648779814.000    6.30000e+02     -90.00      45.00   2.67500e+02   3.42500e+02     1039.5       21.5   1.28100e+01   7.08000e-02     1           1.02840e+02   4.42300e+00  
     2022         4         1         2        26        34         95       7100       5362 1648779994.000   1648779994.000    6.30000e+02       0.00      90.00   2.67500e+02   3.42500e+02     1042.5       16.1           nan           nan     1           1.37170e+02   4.59600e+00  
     2022         4         1         2        28        58         96       7100       5362 1648780138.000   1648780138.000    6.30000e+02       0.00      45.00   2.67500e+02   3.42500e+02     1036.7       23.7   1.34000e+01   8.15000e-02     1           9.01800e+01   4.25600e+00  
     2022         4         1         2        31        22         97       7100       5362 1648780282.000   1648780282.000    6.30000e+02      90.00      45.00   2.67500e+02   3.42500e+02     1046.9       23.7   1.04800e+01   6.43000e-02     0           7.36500e+01   3.54700e+00  
     2022         4         1         2        33        46         98       7100       5362 1648780426.000   1648780426.000    6.30000e+02     180.00      45.00   2.67500e+02   3.42500e+02     1010.5       22.5   1.79900e+01   1.11600e-01     0           7.74500e+01   3.65600e+00  
     2022         4         1         2        36        10         99       7100       5362 1648780570.000   1648780570.000    6.30000e+02     -90.00      45.00   2.67500e+02   3.42500e+02     1035.3       27.4   6.50000e-01   4.70000e-03     1           6.97900e+01   3.80600e+00  
     2022         4         1         2        42        10        100       7100       5362 1648780930.000   1648780930.000    6.30000e+02       0.00      90.00   2.67500e+02   3.42500e+02     1042.2       23.1           nan           nan     0           7.77300e+01   3.66100e+00  
     2022         4         1         2        44        34        101       7100       5362 1648781074.000   1648781074.000    6.30000e+02       0.00      45.00   2.67500e+02   3.42500e+02     1012.5       26.9   2.09700e+01   1.58300e-01     1           6.94000e+01   3.78700e+00  
     2022         4         1         2        46        58        102       7100       5362 1648781218.000   1648781218.000    6.30000e+02      90.00      45.00   2.67500e+02   3.42500e+02     1020.6       21.8   2.78300e+01   1.85900e-01     0           7.88700e+01   3.61600e+00  
     2022         4         1         2        49        58        103       7100       5362 1648781398.000   1648781398.000    6.30000e+02     180.00      45.00   2.67500e+02   3.42500e+02     1030.4       26.6   2.34800e+01   1.75300e-01     0           6.19800e+01   3.35900e+00  
     2022         4         1         2        52        22        104       7100       5362 1648781542.000   1648781542.000    6.30000e+02     -90.00      45.00   2.67500e+02   3.42500e+02     1039.8       28.0   1.45000e+01   1.13100e-01     1           6.74400e+01   3.74100e+00  
     2022         4         1         2        54        46        105       7100       5362 1648781686.000   1648781686.000    6.30000e+02       0.00      90.00   2.67500e+02   3.42500e+02     1032.6       23.4           nan           nan     0           7.48000e+01   3.60400e+00  
     2022         4         1         2        57        10        106       7100       5362 1648781830.000   1648781830.000    6.30000e+02       0.00      45.00   2.67500e+02   3.42500e+02     1015.4       28.9   2.63400e+01   2.09700e-01     1           6.37600e+01   3.71700e+00  
     2022         4         1         2        59        34        107       7100       5362 1648781974.000   1648781974.000    6.30000e+02      90.00      45.00   2.75500e+02   3.50500e+02     1031.3       31.1   3.60300e+01   2.90300e-01     0           5.04500e+01   3.15300e+00  
     2022         4         1         3         1        58        108       7100       5362 1648782118.000   1648782118.000    6.30000e+02     180.00      45.00   2.75500e+02   3.50500e+02     1019.2       21.0   2.27800e+01   1.45400e-01     0           8.42100e+01   3.71600e+00  
     2022         4         1         3         4        22        109       7100       5362 1648782262.000   1648782262.000    6.30000e+02     -90.00      45.00   2.75500e+02   3.50500e+02     1016.5       25.4   1.34300e+01   9.54000e-02     1           7.69600e+01   3.96100e+00  
     2022         4         1         3        10        58        110       7100       5362 1648782658.000   1648782658.000    6.30000e+02       0.00      90.00   2.75500e+02   3.50500e+02     1010.5       19.2           nan           nan     1           1.00690e+02   4.09100e+00  
     2022         4         1         3        13        22        111       7100       5362 1648782802.000   1648782802.000    6.30000e+02       0.00      45.00   2.75500e+02   3.50500e+02     1015.2       24.4   3.74000e+00   2.46000e-02     1           9.03800e+01   4.42700e+00  
     2022         4         1         3        15        46        112       7100       5362 1648782946.000   1648782946.000    6.30000e+02      90.00      45.00   2.75500e+02   3.50500e+02      996.3       19.2   2.59900e+01   1.42900e-01     0           9.49000e+01   3.92400e+00  
     2022         4         1         3        18        10        113       7100       5362 1648783090.000   1648783090.000    6.30000e+02     180.00      45.00   2.75500e+02   3.50500e+02     1005.9       18.4   1.16200e+01   6.09000e-02     0           1.03950e+02   4.08900e+00  
     2022         4         1         3        20        34        114       7100       5362 1648783234.000   1648783234.000    6.30000e+02     -90.00      45.00   2.75500e+02   3.50500e+02     1011.2       17.5  -3.20000e-01   1.60000e-03     1           1.26610e+02   4.64700e+00  
     2022         4         1         3        22        58        115       7100       5362 1648783378.000   1648783378.000    6.30000e+02       0.00      90.00   2.75500e+02   3.50500e+02     1018.4       14.6           nan           nan     1           1.50000e+02   4.70900e+00  
     2022         4         1         3        25        22        116       7100       5362 1648783522.000   1648783522.000    6.30000e+02       0.00      45.00   2.75500e+02   3.50500e+02     1011.8       17.1   1.45600e+01   7.15000e-02     1           1.32350e+02   4.75500e+00  
     2022         4         1         3        28        22        117       7100       5362 1648783702.000   1648783702.000    6.30000e+02      90.00      45.00   2.75500e+02   3.50500e+02     1017.7       18.2   1.18600e+01   6.16000e-02     0           1.06020e+02   4.08800e+00  
     2022         4         1         3        30        46        118       7100       5362 1648783846.000   1648783846.000    6.30000e+02     180.00      45.00   2.75500e+02   3.50500e+02     1028.2       23.6   1.44100e+01   8.93000e-02     0           7.08000e+01   3.45600e+00  
     2022         4         1         3        33        10        119       7100       5362 1648783990.000   1648783990.000    6.30000e+02     -90.00      45.00   2.75500e+02   3.50500e+02      988.1       27.1   2.14000e+01   1.54500e-01     1           6.73200e+01   3.78800e+00  
     2022         4         1         3        39        10        120       7100       5362 1648784350.000   1648784350.000    6.30000e+02       0.00      90.00   2.75500e+02   3.50500e+02     1043.3       22.5           nan           nan     0           7.98900e+01   3.67100e+00  
     2022         4         1         3        41        34        121       7100       5362 1648784494.000   1648784494.000    6.30000e+02       0.00      45.00   2.75500e+02   3.50500e+02     1042.2       25.7   7.79000e+00   5.60000e-02     1           7.82900e+01   3.98800e+00  
     2022         4         1         3        43        58        122       7100       5362 1648784638.000   1648784638.000    6.30000e+02      90.00      45.00   2.75500e+02   3.50500e+02     1024.4       21.4   1.38200e+01   8.68000e-02     0           8.22500e+01   3.68000e+00  
     2022         4         1         3        46        22        123       7100       5362 1648784782.000   1648784782.000    6.30000e+02     180.00      45.00   2.75500e+02   3.50500e+02     1035.5       21.7   1.92600e+01   1.19700e-01     0           7.96500e+01   3.58800e+00  
     2022         4         1         3        48        46        124       7100       5362 1648784926.000   1648784926.000    6.30000e+02     -90.00      45.00   2.75500e+02   3.50500e+02     1023.7       20.2   4.62000e+00   2.72000e-02     1           9.86300e+01   4.13000e+00  
     2022         4         1         3        51        46        125       7100       5362 1648785106.000   1648785106.000    6.30000e+02       0.00      90.00   2.75500e+02   3.50500e+02     1052.0       18.8           nan           nan     0           1.02970e+02   3.99900e+00  
     2022         4         1         3        54        10        126       7100       5362 1648785250.000   1648785250.000    6.30000e+02       0.00      45.00   2.75500e+02   3.50500e+02     1029.4       21.3   1.98800e+01   1.22100e-01     1           9.75800e+01   4.23600e+00  
     2022         4         1         3        56        34        127       7100       5362 1648785394.000   1648785394.000    6.30000e+02      90.00      45.00   2.75500e+02   3.50500e+02     1030.7       19.7   1.42700e+01   8.40000e-02     0           9.32000e+01   3.84300e+00  
     2022         4         1         3        58        58        128       7100       5362 1648785538.000   1648785538.000    6.30000e+02     180.00      45.00   2.78500e+02   3.53500e+02     1033.0       22.4   3.17200e+01   2.05500e-01     0           7.54800e+01   3.51400e+00  
     2022         4         1         4         1        22        129       7100       5362 1648785682.000   1648785682.000    6.30000e+02     -90.00      45.00   2.78500e+02   3.53500e+02     1029.2       24.4   1.16300e+01   8.13000e-02     1           7.65500e+01   3.79000e+00  
     2022         4         1         4         7        22        130       7100       5362 1648786042.000   1648786042.000    6.30000e+02       0.00      90.00   2.78500e+02   3.53500e+02     1021.4       23.4           nan           nan     0           7.34100e+01   3.56600e+00  
     2022         4         1         4         9        46        131       7100       5362 1648786186.000   1648786186.000    6.30000e+02       0.00      45.00   2.78500e+02   3.53500e+02     1033.7       33.2  -1.76000e+00   1.54000e-02     0           4.80100e+01   3.16600e+00  
     2022         4         1         4        12        46        132       7100       5362 1648786366.000   1648786366.000    6.30000e+02      90.00      45.00   2.78500e+02   3.53500e+02     1016.2       29.0   2.65500e+01   2.15000e-01     0           5.07900e+01   3.04400e+00  
     2022         4         1         4        15        10        133       7100       5362 1648786510.000   1648786510.000    6.30000e+02     180.00      45.00   2.78500e+02   3.53500e+02      994.2       24.4   1.51700e+01   1.13300e-01     0           6.01800e+01   3.16200e+00  
     2022         4         1         4        17        34        134       7100       5362 1648786654.000   1648786654.000    6.30000e+02     -90.00      45.00   2.78500e+02   3.53500e+02     1022.0       26.3   6.27000e+00   4.88000e-02     0           5.91700e+01   3.22700e+00  
     2022         4         1         4        19        58        135       7100       5362 1648786798.000   1648786798.000    6.30000e+02       0.00      90.00   2.78500e+02   3.53500e+02     1001.6       25.0           nan           nan     0           6.12900e+01   3.24900e+00  
     2022         4         1         4        22        22        136       7100       5362 1648786942.000   1648786942.000    6.30000e+02       0.00      45.00   2.78500e+02   3.53500e+02     1022.7       28.1   7.49000e+00   5.90000e-02     0           5.45900e+01   3.15300e+00  
     2022         4         1         4        24        46        137       7100       5362 1648787086.000   1648787086.000    6.30000e+02      90.00      45.00   2.78500e+02   3.53500e+02      998.3       23.8   1.90400e+01   1.33700e-01     0           6.45200e+01   3.28400e+00  
     2022         4         1         4        27        10        138       7100       5362 1648787230.000   1648787230.000    6.30000e+02     180.00      45.00   2.78500e+02   3.53500e+02     1029.6       23.0   1.47000e+01   9.73000e-02     0           7.10100e+01   3.41000e+00  
     2022         4         1         4        30        10        139       7100       5362 1648787410.000   1648787410.000    6.30000e+02     -90.00      45.00   2.78500e+02   3.53500e+02     1044.7       21.9   1.03000e+00   6.40000e-03     1           8.78300e+01   3.90200e+00  
     2022         4         1         4        36        10        140       7100       5362 1648787770.000   1648787770.000    6.30000e+02       0.00      90.00   2.78500e+02   3.53500e+02     1026.7       16.5           nan           nan     0           1.17810e+02   4.16100e+00  
     2022         4         1         4        38        34        141       7100       5362 1648787914.000   1648787914.000    6.30000e+02       0.00      45.00   2.78500e+02   3.53500e+02     1030.7       19.8   6.53000e+00   3.51000e-02     0           9.73700e+01   4.00600e+00  
     2022         4         1         4        40        58        142       7100       5362 1648788058.000   1648788058.000    6.30000e+02      90.00      45.00   2.78500e+02   3.53500e+02     1036.1       18.1   2.18100e+01   1.09700e-01     0           1.03390e+02   3.94200e+00  
     2022         4         1         4        43        22        143       7100       5362 1648788202.000   1648788202.000    6.30000e+02     180.00      45.00   2.78500e+02   3.53500e+02     1031.1       17.4   1.16700e+01   5.71000e-02     0           1.06250e+02   3.94200e+00  
     2022         4         1         4        45        46        144       7100       5362 1648788346.000   1648788346.000    6.30000e+02     -90.00      45.00   2.78500e+02   3.53500e+02     1024.7       18.7  -7.07000e+00   3.65000e-02     0           1.03410e+02   4.07200e+00  
     2022         4         1         4        48        10        145       7100       5362 1648788490.000   1648788490.000    6.30000e+02       0.00      90.00   2.78500e+02   3.53500e+02     1038.8       15.9           nan           nan     0           1.25450e+02   4.23900e+00  
     2022         4         1         4        50        34        146       7100       5362 1648788634.000   1648788634.000    6.30000e+02       0.00      45.00   2.78500e+02   3.53500e+02     1032.5       16.5   6.35000e+00   3.06000e-02     1           1.30210e+02   4.52000e+00  
     2022         4         1         4        53        34        147       7100       5362 1648788814.000   1648788814.000    6.30000e+02      90.00      45.00   2.78500e+02   3.53500e+02     1016.9       17.0   1.49700e+01   7.30000e-02     0           1.07470e+02   3.96600e+00  
     2022         4         1         4        55        58        148       7100       5362 1648788958.000   1648788958.000    6.30000e+02     180.00      45.00   2.78500e+02   3.53500e+02     1028.4       16.6   1.62100e+01   7.80000e-02     0           1.11460e+02   3.98800e+00  
     2022         4         1         4        58        22        149       7100       5362 1648789102.000   1648789102.000    6.30000e+02     -90.00      45.00   2.78500e+02   3.53500e+02     1033.7       19.9  -6.50000e-01   3.50000e-03     0           9.62300e+01   3.98100e+00  
     2022         4         1         5         4        22        150       7100       5362 1648789462.000   1648789462.000    6.30000e+02       0.00      90.00   2.73500e+02   3.48500e+02     1024.2       16.4           nan           nan     0           1.16050e+02   4.10400e+00  
     2022         4         1         5         6        46        151       7100       5362 1648789606.000   1648789606.000    6.30000e+02       0.00      45.00   2.73500e+02   3.48500e+02     1021.0       18.9   8.68000e+00   4.63000e-02     1           1.07230e+02   4.22900e+00  
     2022         4         1         5         9        10        152       7100       5362 1648789750.000   1648789750.000    6.30000e+02      90.00      45.00   2.73500e+02   3.48500e+02     1021.4       18.2   2.48200e+01   1.30300e-01     0           9.84000e+01   3.83400e+00  
     2022         4         1         5        11        34        153       7100       5362 1648789894.000   1648789894.000    6.30000e+02     180.00      45.00   2.73500e+02   3.48500e+02     1001.3       21.1   2.49900e+01   1.44700e-01     0           7.31900e+01   3.36200e+00  
     2022         4         1         5        14        34        154       7100       5362 1648790074.000   1648790074.000    6.30000e+02     -90.00      45.00   2.73500e+02   3.48500e+02     1013.9       21.8   5.50000e+00   3.26000e-02     0           7.86800e+01   3.61700e+00  
     2022         4         1         5        16        58        155       7100       5362 1648790218.000   1648790218.000    6.30000e+02       0.00      90.00   2.73500e+02   3.48500e+02     1002.2       17.6           nan           nan     0           1.00060e+02   3.85300e+00  
     2022         4         1         5        19        22        156       7100       5362 1648790362.000   1648790362.000    6.30000e+02       0.00      45.00   2.73500e+02   3.48500e+02     1017.7       19.5   6.93000e+00   3.98000e-02     1           1.02900e+02   4.19800e+00  
     2022         4         1         5        21        46        157       7100       5362 1648790506.000   1648790506.000    6.30000e+02      90.00      45.00   2.73500e+02   3.48500e+02     1030.1       20.4   8.80000e+00   5.20000e-02     0           8.24700e+01   3.56000e+00  
     2022         4         1         5        24        10        158       7100       5362 1648790650.000   1648790650.000    6.30000e+02     180.00      45.00   2.73500e+02   3.48500e+02      996.3       22.4   1.01200e+01   6.46000e-02     0           6.84200e+01   3.31400e+00  
     2022         4         1         5        26        34        159       7100       5362 1648790794.000   1648790794.000    6.30000e+02     -90.00      45.00   2.73500e+02   3.48500e+02     1017.8       27.8   1.54100e+01   1.14100e-01     0           5.77900e+01   3.30400e+00  
     2022         4         1         5        32        34        160       7100       5362 1648791154.000   1648791154.000    6.30000e+02       0.00      90.00   2.73500e+02   3.48500e+02     1007.4       21.6           nan           nan     0           7.88800e+01   3.62300e+00  
     2022         4         1         5        35        34        161       7100       5362 1648791334.000   1648791334.000    6.30000e+02       0.00      45.00   2.73500e+02   3.48500e+02      995.2       26.2   1.11500e+01   8.17000e-02     0           6.18200e+01   3.40800e+00  
     2022         4         1         5        37        58        162       7100       5362 1648791478.000   1648791478.000    6.30000e+02      90.00      45.00   2.73500e+02   3.48500e+02     1015.8       20.4   1.30900e+01   7.91000e-02     0           8.29000e+01   3.60300e+00  
     2022         4         1         5        40        22        163       7100       5362 1648791622.000   1648791622.000    6.30000e+02     180.00      45.00   2.73500e+02   3.48500e+02     1008.3       22.3   1.74500e+01   1.08200e-01     0           7.13200e+01   3.40200e+00  
     2022         4         1         5        42        46        164       7100       5362 1648791766.000   1648791766.000    6.30000e+02     -90.00      45.00   2.73500e+02   3.48500e+02     1008.9       21.9   8.79000e+00   5.30000e-02     0           8.18200e+01   3.76900e+00  
     2022         4         1         5        45        10        165       7100       5362 1648791910.000   1648791910.000    6.30000e+02       0.00      90.00   2.73500e+02   3.48500e+02     1006.6       16.3           nan           nan     0           1.17130e+02   4.17000e+00  
     2022         4         1         5        47        34        166       7100       5362 1648792054.000   1648792054.000    6.30000e+02       0.00      45.00   2.73500e+02   3.48500e+02     1018.5       21.0   1.76900e+01   1.03400e-01     1           9.38200e+01   4.08900e+00  
     2022         4         1         5        49        58        167       7100       5362 1648792198.000   1648792198.000    6.30000e+02      90.00      45.00   2.73500e+02   3.48500e+02      997.1       18.9   1.47800e+01   8.33000e-02     0           9.59900e+01   3.91500e+00  
     2022         4         1         5        52        58        168       7100       5362 1648792378.000   1648792378.000    6.30000e+02     180.00      45.00   2.73500e+02   3.48500e+02      980.2       17.4   1.36800e+01   7.62000e-02     0           1.01040e+02   3.91000e+00  
     2022         4         1         5        55        22        169       7100       5362 1648792522.000   1648792522.000    6.30000e+02     -90.00      45.00   2.73500e+02   3.48500e+02     1006.3       27.6   2.71800e+01   2.02700e-01     1           6.71600e+01   3.77500e+00  
     2022         4         1         6         1        22        170       7100       5362 1648792882.000   1648792882.000    6.30000e+02       0.00      90.00   2.66500e+02   3.41500e+02      985.0       21.6           nan           nan     0           7.81400e+01   3.65800e+00  
     2022         4         1         6         3        46        171       7100       5362 1648793026.000   1648793026.000    6.30000e+02       0.00      45.00   2.66500e+02   3.41500e+02      998.8       27.2   6.82000e+00   5.29000e-02     1           7.20600e+01   4.00200e+00  
     2022         4         1         6         6        10        172       7100       5362 1648793170.000   1648793170.000    6.30000e+02      90.00      45.00   2.66500e+02   3.41500e+02     1000.3       22.3   1.20700e+01   8.16000e-02     0           7.43000e+01   3.53600e+00  
     2022         4         1         6         8        34        173       7100       5362 1648793314.000   1648793314.000    6.30000e+02     180.00      45.00   2.66500e+02   3.41500e+02      994.5       23.3   1.89500e+01   1.30400e-01     0           6.86000e+01   3.42100e+00  
     2022         4         1         6        10        58        174       7100       5362 1648793458.000   1648793458.000    6.30000e+02     -90.00      45.00   2.66500e+02   3.41500e+02      990.6       25.6   1.60000e-01   1.20000e-03     1           6.97900e+01   3.72900e+00  
     2022         4         1         6        13        58        175       7100       5362 1648793638.000   1648793638.000    6.30000e+02       0.00      90.00   2.66500e+02   3.41500e+02      983.0       20.3           nan           nan     0           8.20500e+01   3.64600e+00  
     2022         4         1         6        16        22        176       7100       5362 1648793782.000   1648793782.000    6.30000e+02       0.00      45.00   2.66500e+02   3.41500e+02     1003.5       29.4   2.14400e+01   1.72100e-01     1           6.36900e+01   3.78800e+00  
     2022         4         1         6        18        46        177       7100       5362 1648793926.000   1648793926.000    6.30000e+02      90.00      45.00   2.66500e+02   3.41500e+02      966.6       23.8   1.63100e+01   1.14600e-01     0           6.48100e+01   3.38300e+00  
     2022         4         1         6        21        10        178       7100       5362 1648794070.000   1648794070.000    6.30000e+02     180.00      45.00   2.66500e+02   3.41500e+02      948.2       23.3   2.01700e+01   1.41800e-01     0           6.35200e+01   3.31400e+00  
     2022         4         1         6        23        34        179       7100       5362 1648794214.000   1648794214.000    6.30000e+02     -90.00      45.00   2.66500e+02   3.41500e+02      983.9       28.5   1.30900e+01   1.04400e-01     1           6.23600e+01   3.69000e+00  
     2022         4         1         6        29        34        180       7100       5362 1648794574.000   1648794574.000    6.30000e+02       0.00      90.00   2.66500e+02   3.41500e+02      964.4       21.1           nan           nan     0           7.75900e+01   3.62500e+00  
     2022         4         1         6        31        58        181       7100       5362 1648794718.000   1648794718.000    6.30000e+02       0.00      45.00   2.66500e+02   3.41500e+02      987.7       29.5   1.79300e+01   1.51400e-01     1           6.36800e+01   3.85100e+00  
     2022         4         1         6        34        22        182       7100       5362 1648794862.000   1648794862.000    6.30000e+02      90.00      45.00   2.66500e+02   3.41500e+02      964.1       28.8  -7.76000e+00   6.60000e-02     0           5.09100e+01   3.16000e+00  
     2022         4         1         6        37        22        183       7100       5362 1648795042.000   1648795042.000    6.30000e+02     180.00      45.00   2.66500e+02   3.41500e+02      984.5       30.0   2.40900e+01   2.15200e-01     0           4.94400e+01   3.12800e+00  
     2022         4         1         6        39        46        184       7100       5362 1648795186.000   1648795186.000    6.30000e+02     -90.00      45.00   2.66500e+02   3.41500e+02     1003.5       35.8   2.31300e+01   2.32500e-01     1           4.87300e+01   3.49100e+00  
     2022         4         1         6        42        10        185       7100       5362 1648795330.000   1648795330.000    6.30000e+02       0.00      90.00   2.66500e+02   3.41500e+02      970.8       28.4           nan           nan     0           5.40500e+01   3.28300e+00  
     2022         4         1         6        44        34        186       7100       5362 1648795474.000   1648795474.000    6.30000e+02       0.00      45.00   2.66500e+02   3.41500e+02      999.0       41.2   2.01100e+01   2.29200e-01     1           4.03700e+01   3.31800e+00  
     2022         4         1         6        46        58        187       7100       5362 1648795618.000   1648795618.000    6.30000e+02      90.00      45.00   2.66500e+02   3.41500e+02      941.6       31.9   3.02300e+01   3.01800e-01     0           4.15600e+01   2.91400e+00  
     2022         4         1         6        49        22        188       7100       5362 1648795762.000   1648795762.000    6.30000e+02     180.00      45.00   2.66500e+02   3.41500e+02      956.7       36.9   4.74300e+01   5.18800e-01     1           3.62900e+01   2.85300e+00  
     2022         4         1         6        51        46        189       7100       5362 1648795906.000   1648795906.000    6.30000e+02     -90.00      45.00   2.66500e+02   3.41500e+02      974.7       40.5   3.28500e+01   3.72800e-01     1           3.86400e+01   3.19800e+00  
     2022         4         1         6        58        22        190       7100       5362 1648796302.000   1648796302.000    6.30000e+02       0.00      90.00   2.66500e+02   3.41500e+02      962.5       29.4           nan           nan     0           4.96100e+01   3.14100e+00  
     2022         4         1         7         0        46        191       7100       5362 1648796446.000   1648796446.000    6.30000e+02       0.00      45.00   2.61500e+02   3.36500e+02      999.0       39.7   1.78100e+01   2.03600e-01     2           4.44100e+01   3.50900e+00  
     2022         4         1         7         3        10        192       7100       5362 1648796590.000   1648796590.000    6.30000e+02      90.00      45.00   2.61500e+02   3.36500e+02      929.8       26.1   1.92400e+01   1.72500e-01     0           5.17000e+01   3.06000e+00  
     2022         4         1         7         5        34        193       7100       5362 1648796734.000   1648796734.000    6.30000e+02     180.00      45.00   2.61500e+02   3.36500e+02      953.3       32.3   2.21800e+01   2.18800e-01     0           4.24000e+01   2.96400e+00  
     2022         4         1         7         7        58        194       7100       5362 1648796878.000   1648796878.000    6.30000e+02     -90.00      45.00   2.61500e+02   3.36500e+02      991.7       37.1   1.66600e+01   1.77700e-01     1           4.29000e+01   3.23700e+00  
     2022         4         1         7        10        22        195       7100       5362 1648797022.000   1648797022.000    6.30000e+02       0.00      90.00   2.61500e+02   3.36500e+02      934.4       27.4           nan           nan     0           5.09500e+01   3.12300e+00  
     2022         4         1         7        12        46        196       7100       5362 1648797166.000   1648797166.000    6.30000e+02       0.00      45.00   2.61500e+02   3.36500e+02      930.1       37.3   1.32200e+01   1.45800e-01     1           4.07600e+01   3.27100e+00  
     2022         4         1         7        15        46        197       7100       5362 1648797346.000   1648797346.000    6.30000e+02      90.00      45.00   2.61500e+02   3.36500e+02      951.9       29.4   2.40400e+01   2.25600e-01     0           4.77800e+01   3.07100e+00  
     2022         4         1         7        18        10        198       7100       5362 1648797490.000   1648797490.000    6.30000e+02     180.00      45.00   2.61500e+02   3.36500e+02      949.6       31.6   1.51800e+01   1.48600e-01     0           4.40100e+01   3.01700e+00  
     2022         4         1         7        20        34        199       7100       5362 1648797634.000   1648797634.000    6.30000e+02     -90.00      45.00   2.61500e+02   3.36500e+02      969.4       35.0   2.06600e+01   2.18900e-01     1           4.85100e+01   3.51100e+00  
     2022         4         1         7        26        34        200       7100       5362 1648797994.000   1648797994.000    6.30000e+02       0.00      90.00   2.61500e+02   3.36500e+02      929.6       28.3           nan           nan     0           5.04500e+01   3.18200e+00  
     2022         4         1         7        28        58        201       7100       5362 1648798138.000   1648798138.000    6.30000e+02       0.00      45.00   2.61500e+02   3.36500e+02      945.5       37.1   1.28700e+01   1.48300e-01     1           4.18400e+01   3.29100e+00  
     2022         4         1         7        31        22        202       7100       5362 1648798282.000   1648798282.000    6.30000e+02      90.00      45.00   2.61500e+02   3.36500e+02      922.5       33.8   3.01500e+01   3.44200e-01     0           3.77100e+01   2.83800e+00  
     2022         4         1         7        33        46        203       7100       5362 1648798426.000   1648798426.000    6.30000e+02     180.00      45.00   2.61500e+02   3.36500e+02      983.7       40.5   3.08200e+01   3.91800e-01     1           3.47900e+01   2.89500e+00  
     2022         4         1         7        36        46        204       7100       5362 1648798606.000   1648798606.000    6.30000e+02     -90.00      45.00   2.61500e+02   3.36500e+02      979.6       43.2   4.41500e+01   6.08500e-01     2           3.92100e+01   3.41000e+00  
     2022         4         1         7        39        10        205       7100       5362 1648798750.000   1648798750.000    6.30000e+02       0.00      90.00   2.61500e+02   3.36500e+02     1011.4       42.9           nan           nan     1           3.57800e+01   3.03800e+00  
     2022         4         1         7        41        34        206       7100       5362 1648798894.000   1648798894.000    6.30000e+02       0.00      45.00   2.61500e+02   3.36500e+02      975.2       40.5   5.70000e+00   8.07000e-02     1           3.74900e+01   3.11900e+00  
     2022         4         1         7        43        58        207       7100       5362 1648799038.000   1648799038.000    6.30000e+02      90.00      45.00   2.61500e+02   3.36500e+02      928.3       43.1   2.58000e+01   3.89200e-01     1           2.86100e+01   2.67500e+00  
     2022         4         1         7        46        22        208       7100       5362 1648799182.000   1648799182.000    6.30000e+02     180.00      45.00   2.61500e+02   3.36500e+02      970.2       51.1   3.41000e+01   5.65100e-01     2           2.55700e+01   2.67400e+00  
     2022         4         1         7        48        46        209       7100       5362 1648799326.000   1648799326.000    6.30000e+02     -90.00      45.00   2.61500e+02   3.36500e+02      929.0       55.2  -1.98600e+01   3.65300e-01     2           2.39800e+01   2.79500e+00  
     2022         4         1         7        54        46        210       7100       5362 1648799686.000   1648799686.000    6.30000e+02       0.00      90.00   2.61500e+02   3.36500e+02     1007.6       54.9           nan           nan     2           2.52600e+01   2.71800e+00  
     2022         4         1         7        57        46        211       7100       5362 1648799866.000   1648799866.000    6.30000e+02       0.00      45.00   2.61500e+02   3.36500e+02      976.3       66.6  -1.03000e+00   2.06000e-02     2           1.87600e+01   2.50300e+00  
     2022         4         1         8         0        10        212       7100       5362 1648800010.000   1648800010.000    6.30000e+02      90.00      45.00   2.57500e+02   3.32500e+02      930.8       52.0  -4.20000e-01   7.30000e-03     1           2.20100e+01   2.45100e+00  
     2022         4         1         8         2        34        213       7100       5362 1648800154.000   1648800154.000    6.30000e+02     180.00      45.00   2.57500e+02   3.32500e+02      976.0       55.1   4.16400e+01   7.05900e-01     2           2.25900e+01   2.52800e+00  
     2022         4         1         8         4        58        214       7100       5362 1648800298.000   1648800298.000    6.30000e+02     -90.00      45.00   2.57500e+02   3.32500e+02      945.0       53.8  -8.90000e+00   1.47800e-01     2           2.17400e+01   2.46000e+00  
     2022         4         1         8         7        22        215       7100       5362 1648800442.000   1648800442.000    6.30000e+02       0.00      90.00   2.57500e+02   3.32500e+02      951.1       39.5           nan           nan     1           3.36000e+01   2.82300e+00  
     2022         4         1         8         9        46        216       7100       5362 1648800586.000   1648800586.000    6.30000e+02       0.00      45.00   2.57500e+02   3.32500e+02      978.2       39.0   6.06000e+00   7.76000e-02     1           3.96200e+01   3.16800e+00  
     2022         4         1         8        12        10        217       7100       5362 1648800730.000   1648800730.000    6.30000e+02      90.00      45.00   2.57500e+02   3.32500e+02      980.0       35.6   2.36700e+01   2.75200e-01     1           4.17300e+01   3.08000e+00  
     2022         4         1         8        15        10        218       7100       5362 1648800910.000   1648800910.000    6.30000e+02     180.00      45.00   2.57500e+02   3.32500e+02      966.2       32.1   1.40700e+01   1.50400e-01     1           4.80800e+01   3.26400e+00  
     2022         4         1         8        17        34        219       7100       5362 1648801054.000   1648801054.000    6.30000e+02     -90.00      45.00   2.57500e+02   3.32500e+02     1009.6       32.3   1.67000e+01   1.69600e-01     1           5.79100e+01   3.72900e+00  
     2022         4         1         8        23        34        220       7100       5362 1648801414.000   1648801414.000    6.30000e+02       0.00      90.00   2.57500e+02   3.32500e+02     1092.7       23.5           nan           nan     2           1.48470e+02   6.33200e+00  
     2022         4         1         8        25        58        221       7100       5362 1648801558.000   1648801558.000    6.30000e+02       0.00      45.00   2.57500e+02   3.32500e+02     1168.8       24.2  -4.90000e-01   3.60000e-03     2           2.08150e+02   8.35600e+00  
