   YEAR     MONTH      DAY       HOUR      MIN       SEC       RECNO     KINDAT      KINST       UT1_UNIX        UT2_UNIX        WAVLEN        AZM        ELM         ALTB          ALTE         TN         DTN        VNHLU         DVNHLU     FPI_DATAQUAL      RLE           DRLE     
     2022         3         8        21        55        58          0       7100       5362 1646776558.000   1646776558.000    6.30000e+02      90.00      45.00   1.97500e+02   2.72500e+02     1079.6        6.4   6.86600e+01   1.18000e-01     2           9.45420e+02   1.20740e+01  
     2022         3         8        21        58        22          1       7100       5362 1646776702.000   1646776702.000    6.30000e+02     180.00      45.00   1.97500e+02   2.72500e+02     1055.1        5.3   4.06400e+01   6.33000e-02     2           1.06563e+03   1.19670e+01  
     2022         3         8        22         0        46          2       7100       5362 1646776846.000   1646776846.000    6.30000e+02     -90.00      45.00   2.14500e+02   2.89500e+02     1093.3        5.8  -2.86000e+01   4.64000e-02     2           1.11582e+03   1.28850e+01  
     2022         3         8        22         3        10          3       7100       5362 1646776990.000   1646776990.000    6.30000e+02       0.00      90.00   2.14500e+02   2.89500e+02     1059.4        5.7           nan           nan     1           7.58140e+02   9.48300e+00  
     2022         3         8        22         6        10          4       7100       5362 1646777170.000   1646777170.000    6.30000e+02       0.00      45.00   2.14500e+02   2.89500e+02     1055.9        5.2  -2.20800e+01   3.39000e-02     1           9.15470e+02   1.04780e+01  
     2022         3         8        22         8        34          5       7100       5362 1646777314.000   1646777314.000    6.30000e+02      90.00      45.00   2.14500e+02   2.89500e+02     1035.7        5.3   5.58200e+01   8.72000e-02     1           7.72130e+02   9.37300e+00  
     2022         3         8        22        10        58          6       7100       5362 1646777458.000   1646777458.000    6.30000e+02     180.00      45.00   2.14500e+02   2.89500e+02     1038.1        5.1   3.39500e+01   5.22000e-02     1           8.32580e+02   9.73000e+00  
     2022         3         8        22        13        22          7       7100       5362 1646777602.000   1646777602.000    6.30000e+02     -90.00      45.00   2.14500e+02   2.89500e+02     1063.6        5.0  -5.43300e+01   8.19000e-02     1           9.75690e+02   1.07060e+01  
     2022         3         8        22        19        22          8       7100       5362 1646777962.000   1646777962.000    6.30000e+02       0.00      90.00   2.14500e+02   2.89500e+02     1039.9        5.7           nan           nan     1           6.52380e+02   8.56400e+00  
     2022         3         8        22        22        22          9       7100       5362 1646778142.000   1646778142.000    6.30000e+02       0.00      45.00   2.14500e+02   2.89500e+02     1036.2        5.1  -2.08300e+01   3.22000e-02     1           8.36510e+02   9.74300e+00  
     2022         3         8        22        24        46         10       7100       5362 1646778286.000   1646778286.000    6.30000e+02      90.00      45.00   2.14500e+02   2.89500e+02     1018.8        5.4   7.02200e+01   1.13000e-01     1           6.95430e+02   8.80500e+00  
     2022         3         8        22        27        10         11       7100       5362 1646778430.000   1646778430.000    6.30000e+02     180.00      45.00   2.14500e+02   2.89500e+02     1018.4        5.5   3.16600e+01   5.17000e-02     1           6.83230e+02   8.76900e+00  
     2022         3         8        22        29        34         12       7100       5362 1646778574.000   1646778574.000    6.30000e+02     -90.00      45.00   2.14500e+02   2.89500e+02     1037.0        5.0  -6.77900e+01   1.05600e-01     1           8.83080e+02   1.00590e+01  
     2022         3         8        22        31        58         13       7100       5362 1646778718.000   1646778718.000    6.30000e+02       0.00      90.00   2.14500e+02   2.89500e+02     1013.6        5.9           nan           nan     1           5.91730e+02   8.18200e+00  
     2022         3         8        22        34        22         14       7100       5362 1646778862.000   1646778862.000    6.30000e+02       0.00      45.00   2.14500e+02   2.89500e+02     1019.0        5.1  -1.88500e+01   3.04000e-02     1           7.88560e+02   9.45800e+00  
     2022         3         8        22        36        46         15       7100       5362 1646779006.000   1646779006.000    6.30000e+02      90.00      45.00   2.14500e+02   2.89500e+02      987.1        5.6   7.11900e+01   1.21500e-01     1           6.10290e+02   8.28000e+00  
     2022         3         8        22        39        10         16       7100       5362 1646779150.000   1646779150.000    6.30000e+02     180.00      45.00   2.14500e+02   2.89500e+02      997.0        5.5   4.22900e+01   7.22000e-02     1           6.35370e+02   8.44100e+00  
     2022         3         8        22        42        10         17       7100       5362 1646779330.000   1646779330.000    6.30000e+02     -90.00      45.00   2.14500e+02   2.89500e+02     1024.8        5.1  -6.99000e+01   1.14700e-01     1           8.25630e+02   9.76700e+00  
     2022         3         8        22        48        10         18       7100       5362 1646779690.000   1646779690.000    6.30000e+02       0.00      90.00   2.14500e+02   2.89500e+02      998.1        6.4           nan           nan     1           5.14420e+02   7.73500e+00  
     2022         3         8        22        50        34         19       7100       5362 1646779834.000   1646779834.000    6.30000e+02       0.00      45.00   2.14500e+02   2.89500e+02      994.5        6.8  -2.17000e+00   4.20000e-03     1           5.49620e+02   8.54800e+00  
     2022         3         8        22        52        58         20       7100       5362 1646779978.000   1646779978.000    6.30000e+02      90.00      45.00   2.14500e+02   2.89500e+02      988.6        6.8   3.46300e+01   6.72000e-02     1           4.75970e+02   7.62100e+00  
     2022         3         8        22        55        22         21       7100       5362 1646780122.000   1646780122.000    6.30000e+02     180.00      45.00   2.14500e+02   2.89500e+02      981.8        6.2   2.91200e+01   5.39000e-02     1           5.12060e+02   7.68300e+00  
     2022         3         8        22        57        46         22       7100       5362 1646780266.000   1646780266.000    6.30000e+02     -90.00      45.00   2.14500e+02   2.89500e+02      996.3        6.4  -4.63600e+01   8.68000e-02     1           6.11350e+02   8.89200e+00  
     2022         3         8        23         0        10         23       7100       5362 1646780410.000   1646780410.000    6.30000e+02       0.00      90.00   2.24500e+02   2.99500e+02      989.8        6.3           nan           nan     1           5.09320e+02   7.64000e+00  
     2022         3         8        23         2        34         24       7100       5362 1646780554.000   1646780554.000    6.30000e+02       0.00      45.00   2.24500e+02   2.99500e+02      985.8        5.0  -1.43900e+01   2.40000e-02     1           7.87390e+02   9.44800e+00  
     2022         3         8        23         5        34         25       7100       5362 1646780734.000   1646780734.000    6.30000e+02      90.00      45.00   2.24500e+02   2.99500e+02      981.7        6.2   7.16600e+01   1.32500e-01     1           5.12210e+02   7.63000e+00  
     2022         3         8        23         7        58         26       7100       5362 1646780878.000   1646780878.000    6.30000e+02     180.00      45.00   2.24500e+02   2.99500e+02      978.6        6.6   2.45500e+01   4.72000e-02     1           4.55300e+02   7.25000e+00  
     2022         3         8        23        10        22         27       7100       5362 1646781022.000   1646781022.000    6.30000e+02     -90.00      45.00   2.24500e+02   2.99500e+02      994.8        5.2  -7.28600e+01   1.25300e-01     1           7.52890e+02   9.35200e+00  
     2022         3         8        23        16        22         28       7100       5362 1646781382.000   1646781382.000    6.30000e+02       0.00      90.00   2.24500e+02   2.99500e+02      973.0        6.4           nan           nan     1           4.65600e+02   7.30500e+00  
     2022         3         8        23        21        10         29       7100       5362 1646781670.000   1646781670.000    6.30000e+02      90.00      45.00   2.24500e+02   2.99500e+02      963.9        6.8   6.20300e+01   1.25200e-01     1           4.36050e+02   7.19800e+00  
     2022         3         8        23        23        34         30       7100       5362 1646781814.000   1646781814.000    6.30000e+02     180.00      45.00   2.24500e+02   2.99500e+02      966.0        7.3   1.69500e+01   3.57000e-02     1           3.88300e+02   6.86000e+00  
     2022         3         8        23        25        58         31       7100       5362 1646781958.000   1646781958.000    6.30000e+02     -90.00      45.00   2.24500e+02   2.99500e+02      982.1        5.2  -7.12100e+01   1.26800e-01     1           7.28190e+02   9.13100e+00  
     2022         3         8        23        28        58         32       7100       5362 1646782138.000   1646782138.000    6.30000e+02       0.00      90.00   2.24500e+02   2.99500e+02      961.3        6.8           nan           nan     1           4.22560e+02   7.05000e+00  
     2022         3         8        23        31        22         33       7100       5362 1646782282.000   1646782282.000    6.30000e+02       0.00      45.00   2.24500e+02   2.99500e+02      958.7        6.5   2.47000e+00   5.00000e-03     1           5.49110e+02   8.42200e+00  
     2022         3         8        23        33        46         34       7100       5362 1646782426.000   1646782426.000    6.30000e+02      90.00      45.00   2.24500e+02   2.99500e+02      942.5        7.1   7.75000e+01   1.65700e-01     1           3.82190e+02   6.75400e+00  
     2022         3         8        23        36        10         35       7100       5362 1646782570.000   1646782570.000    6.30000e+02     180.00      45.00   2.24500e+02   2.99500e+02      955.3        7.4   1.83000e+01   4.00000e-02     1           3.50130e+02   6.39800e+00  
     2022         3         8        23        38        34         36       7100       5362 1646782714.000   1646782714.000    6.30000e+02     -90.00      45.00   2.24500e+02   2.99500e+02      966.2        5.5  -8.34900e+01   1.57900e-01     1           6.52390e+02   8.68900e+00  
     2022         3         8        23        45        10         37       7100       5362 1646783110.000   1646783110.000    6.30000e+02       0.00      90.00   2.24500e+02   2.99500e+02      951.4        7.3           nan           nan     1           3.57280e+02   6.43800e+00  
     2022         3         8        23        49        58         38       7100       5362 1646783398.000   1646783398.000    6.30000e+02      90.00      45.00   2.24500e+02   2.99500e+02      940.3        7.5   9.64000e+01   2.20600e-01     1           3.30970e+02   6.20600e+00  
     2022         3         8        23        52        22         39       7100       5362 1646783542.000   1646783542.000    6.30000e+02     180.00      45.00   2.24500e+02   2.99500e+02      955.7        8.5  -6.50000e+00   1.61000e-02     1           3.09840e+02   6.30000e+00  
     2022         3         8        23        54        46         40       7100       5362 1646783686.000   1646783686.000    6.30000e+02     -90.00      45.00   2.24500e+02   2.99500e+02      961.1        8.4  -2.97100e+01   7.40000e-02     1           3.78980e+02   7.34200e+00  
     2022         3         8        23        57        10         41       7100       5362 1646783830.000   1646783830.000    6.30000e+02       0.00      90.00   2.24500e+02   2.99500e+02      988.4        8.0           nan           nan     1           3.32550e+02   6.31300e+00  
     2022         3         8        23        59        34         42       7100       5362 1646783974.000   1646783974.000    6.30000e+02       0.00      45.00   2.32500e+02   3.07500e+02      962.5        5.2   1.96100e+01   3.94000e-02     1           6.72450e+02   8.71800e+00  
     2022         3         9         0         2        34         43       7100       5362 1646784154.000   1646784154.000    6.30000e+02      90.00      45.00   2.32500e+02   3.07500e+02      966.2        8.4   8.31400e+01   2.06800e-01     0           2.93630e+02   5.94800e+00  
     2022         3         9         0         4        58         44       7100       5362 1646784298.000   1646784298.000    6.30000e+02     180.00      45.00   2.32500e+02   3.07500e+02      960.8        9.2  -1.29500e+01   3.40000e-02     1           2.60610e+02   5.72100e+00  
     2022         3         9         0         7        22         45       7100       5362 1646784442.000   1646784442.000    6.30000e+02     -90.00      45.00   2.32500e+02   3.07500e+02      971.8        6.6  -6.98900e+01   1.56700e-01     1           5.05500e+02   7.94200e+00  
     2022         3         9         0        13        22         46       7100       5362 1646784802.000   1646784802.000    6.30000e+02       0.00      90.00   2.32500e+02   3.07500e+02      966.7        8.3           nan           nan     1           3.11270e+02   6.19300e+00  
     2022         3         9         0        15        46         47       7100       5362 1646784946.000   1646784946.000    6.30000e+02       0.00      45.00   2.32500e+02   3.07500e+02      957.2        6.9   1.56800e+01   3.65000e-02     1           4.71020e+02   7.72700e+00  
     2022         3         9         0        18        46         48       7100       5362 1646785126.000   1646785126.000    6.30000e+02      90.00      45.00   2.32500e+02   3.07500e+02      957.4        9.0   9.66400e+01   2.58800e-01     0           2.49900e+02   5.48100e+00  
     2022         3         9         0        21        10         49       7100       5362 1646785270.000   1646785270.000    6.30000e+02     180.00      45.00   2.32500e+02   3.07500e+02      976.6       10.0  -1.55400e+01   4.37000e-02     0           2.16480e+02   5.13900e+00  
     2022         3         9         0        23        34         50       7100       5362 1646785414.000   1646785414.000    6.30000e+02     -90.00      45.00   2.32500e+02   3.07500e+02      960.4        6.2  -7.92600e+01   1.80300e-01     1           5.03420e+02   7.68600e+00  
     2022         3         9         0        25        58         51       7100       5362 1646785558.000   1646785558.000    6.30000e+02       0.00      90.00   2.32500e+02   3.07500e+02      947.8        8.9           nan           nan     0           2.55440e+02   5.57300e+00  
     2022         3         9         0        28        22         52       7100       5362 1646785702.000   1646785702.000    6.30000e+02       0.00      45.00   2.32500e+02   3.07500e+02      946.9        8.5  -3.51000e+00   9.60000e-03     1           3.46590e+02   6.94400e+00  
     2022         3         9         0        30        46         53       7100       5362 1646785846.000   1646785846.000    6.30000e+02      90.00      45.00   2.32500e+02   3.07500e+02      956.0        9.9   4.05200e+01   1.20000e-01     1           2.33370e+02   5.50000e+00  
     2022         3         9         0        33        10         54       7100       5362 1646785990.000   1646785990.000    6.30000e+02     180.00      45.00   2.32500e+02   3.07500e+02      944.8       11.7   2.16400e+01   7.14000e-02     1           1.81220e+02   5.02200e+00  
     2022         3         9         0        36        10         55       7100       5362 1646786170.000   1646786170.000    6.30000e+02     -90.00      45.00   2.32500e+02   3.07500e+02      951.2        9.4  -4.50600e+01   1.34000e-01     1           2.95070e+02   6.45400e+00  
     2022         3         9         0        42        10         56       7100       5362 1646786530.000   1646786530.000    6.30000e+02       0.00      90.00   2.32500e+02   3.07500e+02      944.6       10.4           nan           nan     1           2.18530e+02   5.40600e+00  
     2022         3         9         0        44        34         57       7100       5362 1646786674.000   1646786674.000    6.30000e+02       0.00      45.00   2.32500e+02   3.07500e+02      937.2        6.4   4.69800e+01   1.21300e-01     1           4.58790e+02   7.32500e+00  
     2022         3         9         0        46        58         58       7100       5362 1646786818.000   1646786818.000    6.30000e+02      90.00      45.00   2.32500e+02   3.07500e+02      941.1       11.5   4.55900e+01   1.54300e-01     1           1.81430e+02   4.96800e+00  
     2022         3         9         0        49        22         59       7100       5362 1646786962.000   1646786962.000    6.30000e+02     180.00      45.00   2.32500e+02   3.07500e+02      938.1       12.5   9.43000e+00   3.36000e-02     0           1.56760e+02   4.67000e+00  
     2022         3         9         0        52        22         60       7100       5362 1646787142.000   1646787142.000    6.30000e+02     -90.00      45.00   2.32500e+02   3.07500e+02      949.8        7.1  -8.95600e+01   2.38700e-01     1           3.87300e+02   6.80200e+00  
     2022         3         9         0        54        46         61       7100       5362 1646787286.000   1646787286.000    6.30000e+02       0.00      90.00   2.32500e+02   3.07500e+02      935.2       10.1           nan           nan     0           1.99420e+02   4.97100e+00  
     2022         3         9         0        57        10         62       7100       5362 1646787430.000   1646787430.000    6.30000e+02       0.00      45.00   2.32500e+02   3.07500e+02      917.2        8.8   3.77000e+01   1.12200e-01     1           2.89020e+02   6.23200e+00  
     2022         3         9         0        59        34         63       7100       5362 1646787574.000   1646787574.000    6.30000e+02      90.00      45.00   2.38500e+02   3.13500e+02      904.7       10.4   1.01660e+02   3.29200e-01     0           1.75670e+02   4.67600e+00  
     2022         3         9         1         1        58         64       7100       5362 1646787718.000   1646787718.000    6.30000e+02     180.00      45.00   2.38500e+02   3.13500e+02      910.6       10.6  -2.62800e+01   8.53000e-02     0           1.73920e+02   4.66800e+00  
     2022         3         9         1         4        22         65       7100       5362 1646787862.000   1646787862.000    6.30000e+02     -90.00      45.00   2.38500e+02   3.13500e+02      922.0        6.8  -8.51500e+01   2.23800e-01     1           3.87670e+02   6.72300e+00  
     2022         3         9         1        10        22         66       7100       5362 1646788222.000   1646788222.000    6.30000e+02       0.00      90.00   2.38500e+02   3.13500e+02      913.5       10.1           nan           nan     0           1.83600e+02   4.72800e+00  
     2022         3         9         1        12        46         67       7100       5362 1646788366.000   1646788366.000    6.30000e+02       0.00      45.00   2.38500e+02   3.13500e+02      912.1        8.2   6.04400e+01   1.74900e-01     1           2.69860e+02   5.67500e+00  
     2022         3         9         1        15        46         68       7100       5362 1646788546.000   1646788546.000    6.30000e+02      90.00      45.00   2.38500e+02   3.13500e+02      895.6       10.2   9.72500e+01   3.14400e-01     0           1.74760e+02   4.62300e+00  
     2022         3         9         1        18        10         69       7100       5362 1646788690.000   1646788690.000    6.30000e+02     180.00      45.00   2.38500e+02   3.13500e+02      897.9       10.3  -3.61100e+01   1.17800e-01     0           1.75730e+02   4.66100e+00  
     2022         3         9         1        20        34         70       7100       5362 1646788834.000   1646788834.000    6.30000e+02     -90.00      45.00   2.38500e+02   3.13500e+02      912.5        6.8  -8.31900e+01   2.24300e-01     1           3.76380e+02   6.64200e+00  
     2022         3         9         1        22        58         71       7100       5362 1646788978.000   1646788978.000    6.30000e+02       0.00      90.00   2.38500e+02   3.13500e+02      899.4       10.3           nan           nan     0           1.74150e+02   4.63800e+00  
     2022         3         9         1        25        22         72       7100       5362 1646789122.000   1646789122.000    6.30000e+02       0.00      45.00   2.38500e+02   3.13500e+02      901.7        7.2   7.02700e+01   1.97500e-01     1           3.33150e+02   6.25700e+00  
     2022         3         9         1        27        46         73       7100       5362 1646789266.000   1646789266.000    6.30000e+02      90.00      45.00   2.38500e+02   3.13500e+02      877.5       10.5   8.32500e+01   2.81000e-01     0           1.63340e+02   4.49900e+00  
     2022         3         9         1        30        10         74       7100       5362 1646789410.000   1646789410.000    6.30000e+02     180.00      45.00   2.38500e+02   3.13500e+02      884.8       10.5  -4.36000e+01   1.48100e-01     0           1.69000e+02   4.62200e+00  
     2022         3         9         1        33        10         75       7100       5362 1646789590.000   1646789590.000    6.30000e+02     -90.00      45.00   2.38500e+02   3.13500e+02      898.2        7.3  -8.38100e+01   2.41600e-01     1           3.28410e+02   6.25500e+00  
     2022         3         9         1        39        10         76       7100       5362 1646789950.000   1646789950.000    6.30000e+02       0.00      90.00   2.38500e+02   3.13500e+02      884.6       11.0           nan           nan     0           1.55960e+02   4.44400e+00  
     2022         3         9         1        41        34         77       7100       5362 1646790094.000   1646790094.000    6.30000e+02       0.00      45.00   2.38500e+02   3.13500e+02      900.0        9.7   4.76600e+01   1.64100e-01     1           2.25670e+02   5.49900e+00  
     2022         3         9         1        43        58         78       7100       5362 1646790238.000   1646790238.000    6.30000e+02      90.00      45.00   2.38500e+02   3.13500e+02      886.0       11.9   5.59400e+01   2.17700e-01     0           1.39780e+02   4.26600e+00  
     2022         3         9         1        46        22         79       7100       5362 1646790382.000   1646790382.000    6.30000e+02     180.00      45.00   2.38500e+02   3.13500e+02      880.4       14.0  -1.29400e+01   5.64000e-02     0           1.21330e+02   4.24400e+00  
     2022         3         9         1        48        46         80       7100       5362 1646790526.000   1646790526.000    6.30000e+02     -90.00      45.00   2.38500e+02   3.13500e+02      914.4       23.1   9.00000e-01   5.50000e-03     1           8.71000e+01   4.47100e+00  
     2022         3         9         1        51        10         81       7100       5362 1646790670.000   1646790670.000    6.30000e+02       0.00      90.00   2.38500e+02   3.13500e+02      913.4       14.2           nan           nan     1           1.28820e+02   4.38300e+00  
     2022         3         9         1        53        34         82       7100       5362 1646790814.000   1646790814.000    6.30000e+02       0.00      45.00   2.38500e+02   3.13500e+02      922.0       25.8   1.07200e+01   7.48000e-02     1           8.34500e+01   4.66200e+00  
     2022         3         9         1        55        58         83       7100       5362 1646790958.000   1646790958.000    6.30000e+02      90.00      45.00   2.38500e+02   3.13500e+02      906.4       19.1   1.64200e+01   9.61000e-02     0           8.40000e+01   3.77300e+00  
     2022         3         9         1        58        58         84       7100       5362 1646791138.000   1646791138.000    6.30000e+02     180.00      45.00   2.43500e+02   3.18500e+02      919.0       24.4   1.93700e+01   1.36700e-01     1           6.71800e+01   3.69200e+00  
     2022         3         9         2         1        22         85       7100       5362 1646791282.000   1646791282.000    6.30000e+02     -90.00      45.00   2.43500e+02   3.18500e+02      949.5       26.9  -2.55900e+01   1.95200e-01     1           7.29300e+01   4.17300e+00  
     2022         3         9         2         7        22         86       7100       5362 1646791642.000   1646791642.000    6.30000e+02       0.00      90.00   2.43500e+02   3.18500e+02      914.5       21.5           nan           nan     1           7.97600e+01   3.91100e+00  
     2022         3         9         2         9        46         87       7100       5362 1646791786.000   1646791786.000    6.30000e+02       0.00      45.00   2.43500e+02   3.18500e+02      934.0       25.1   1.46100e+01   1.15300e-01     1           8.46300e+01   4.56700e+00  
     2022         3         9         2        12        10         88       7100       5362 1646791930.000   1646791930.000    6.30000e+02      90.00      45.00   2.43500e+02   3.18500e+02      924.1       25.1   2.82900e+01   2.16600e-01     1           6.18500e+01   3.49300e+00  
     2022         3         9         2        15        10         89       7100       5362 1646792110.000   1646792110.000    6.30000e+02     180.00      45.00   2.43500e+02   3.18500e+02      889.2       16.9   1.47600e+01   9.07000e-02     0           9.07100e+01   3.75000e+00  
     2022         3         9         2        17        34         90       7100       5362 1646792254.000   1646792254.000    6.30000e+02     -90.00      45.00   2.43500e+02   3.18500e+02      923.6       17.4   2.28000e+00   1.40000e-02     1           1.21740e+02   4.79600e+00  
     2022         3         9         2        19        58         91       7100       5362 1646792398.000   1646792398.000    6.30000e+02       0.00      90.00   2.43500e+02   3.18500e+02      909.2       18.9           nan           nan     1           9.36400e+01   4.11100e+00  
     2022         3         9         2        22        22         92       7100       5362 1646792542.000   1646792542.000    6.30000e+02       0.00      45.00   2.43500e+02   3.18500e+02      884.0        9.8   8.94900e+01   4.14300e-01     1           2.05930e+02   5.18500e+00  
     2022         3         9         2        24        46         93       7100       5362 1646792686.000   1646792686.000    6.30000e+02      90.00      45.00   2.43500e+02   3.18500e+02      896.7       14.2   4.91200e+01   2.55600e-01     0           1.13270e+02   3.98600e+00  
     2022         3         9         2        27        10         94       7100       5362 1646792830.000   1646792830.000    6.30000e+02     180.00      45.00   2.43500e+02   3.18500e+02      898.4       15.4  -7.99100e+01   4.19800e-01     0           9.50100e+01   3.64200e+00  
     2022         3         9         2        29        34         95       7100       5362 1646792974.000   1646792974.000    6.30000e+02     -90.00      45.00   2.43500e+02   3.18500e+02      889.9        9.9  -4.99400e+01   2.09600e-01     1           2.14950e+02   5.37700e+00  
     2022         3         9         2        35        34         96       7100       5362 1646793334.000   1646793334.000    6.30000e+02       0.00      90.00   2.43500e+02   3.18500e+02      874.0       13.7           nan           nan     0           1.08170e+02   3.82400e+00  
     2022         3         9         2        38        34         97       7100       5362 1646793514.000   1646793514.000    6.30000e+02       0.00      45.00   2.43500e+02   3.18500e+02      887.4       11.3   7.80800e+01   3.25300e-01     1           1.75100e+02   4.97700e+00  
     2022         3         9         2        40        58         98       7100       5362 1646793658.000   1646793658.000    6.30000e+02      90.00      45.00   2.43500e+02   3.18500e+02      889.4       16.6   6.09800e+01   3.09800e-01     0           8.04700e+01   3.35200e+00  
     2022         3         9         2        43        22         99       7100       5362 1646793802.000   1646793802.000    6.30000e+02     180.00      45.00   2.43500e+02   3.18500e+02      902.2       17.5  -7.90800e+01   4.14100e-01     0           7.87800e+01   3.37700e+00  
     2022         3         9         2        45        46        100       7100       5362 1646793946.000   1646793946.000    6.30000e+02     -90.00      45.00   2.43500e+02   3.18500e+02      909.2       12.7  -3.73600e+01   1.66900e-01     1           1.61890e+02   4.93700e+00  
     2022         3         9         2        48        10        101       7100       5362 1646794090.000   1646794090.000    6.30000e+02       0.00      90.00   2.43500e+02   3.18500e+02      914.2       15.2           nan           nan     0           9.75700e+01   3.65400e+00  
     2022         3         9         2        50        34        102       7100       5362 1646794234.000   1646794234.000    6.30000e+02       0.00      45.00   2.43500e+02   3.18500e+02      907.0       10.9   9.08600e+01   3.88700e-01     0           1.83330e+02   4.95800e+00  
     2022         3         9         2        53        34        103       7100       5362 1646794414.000   1646794414.000    6.30000e+02      90.00      45.00   2.43500e+02   3.18500e+02      924.0       19.9   6.13800e+01   3.59100e-01     0           6.47300e+01   3.08200e+00  
     2022         3         9         2        55        58        104       7100       5362 1646794558.000   1646794558.000    6.30000e+02     180.00      45.00   2.43500e+02   3.18500e+02      903.3       20.0  -8.31200e+01   5.01200e-01     0           6.58700e+01   3.18700e+00  
     2022         3         9         2        58        22        105       7100       5362 1646794702.000   1646794702.000    6.30000e+02     -90.00      45.00   2.43500e+02   3.18500e+02      938.8       12.5  -5.60500e+01   2.68500e-01     0           1.50080e+02   4.49900e+00  
     2022         3         9         3         4        22        106       7100       5362 1646795062.000   1646795062.000    6.30000e+02       0.00      90.00   2.45500e+02   3.20500e+02      908.8       18.8           nan           nan     0           6.79800e+01   3.11900e+00  
     2022         3         9         3         6        46        107       7100       5362 1646795206.000   1646795206.000    6.30000e+02       0.00      45.00   2.45500e+02   3.20500e+02      920.1       12.2   9.21000e+01   4.73100e-01     0           1.53400e+02   4.57300e+00  
     2022         3         9         3         9        10        108       7100       5362 1646795350.000   1646795350.000    6.30000e+02      90.00      45.00   2.45500e+02   3.20500e+02      932.3       24.0   4.06400e+01   2.91400e-01     0           5.05900e+01   2.82100e+00  
     2022         3         9         3        11        34        109       7100       5362 1646795494.000   1646795494.000    6.30000e+02     180.00      45.00   2.45500e+02   3.20500e+02      940.3       25.6  -9.29400e+01   7.05000e-01     0           4.74900e+01   2.78000e+00  
     2022         3         9         3        13        58        110       7100       5362 1646795638.000   1646795638.000    6.30000e+02     -90.00      45.00   2.45500e+02   3.20500e+02      918.5       12.0  -6.13300e+01   3.33500e-01     0           1.52510e+02   4.50200e+00  
     2022         3         9         3        16        22        111       7100       5362 1646795782.000   1646795782.000    6.30000e+02       0.00      90.00   2.45500e+02   3.20500e+02      877.6       21.8           nan           nan     0           5.24600e+01   2.84800e+00  
     2022         3         9         3        19        22        112       7100       5362 1646795962.000   1646795962.000    6.30000e+02       0.00      45.00   2.45500e+02   3.20500e+02      918.5       12.2   9.40200e+01   5.34400e-01     0           1.41650e+02   4.28200e+00  
     2022         3         9         3        21        46        113       7100       5362 1646796106.000   1646796106.000    6.30000e+02      90.00      45.00   2.45500e+02   3.20500e+02      927.9       26.2   2.90100e+01   2.34800e-01     0           4.50800e+01   2.73000e+00  
     2022         3         9         3        24        10        114       7100       5362 1646796250.000   1646796250.000    6.30000e+02     180.00      45.00   2.45500e+02   3.20500e+02      966.4       29.8  -9.12100e+01   7.88800e-01     0           4.06200e+01   2.65700e+00  
     2022         3         9         3        26        34        115       7100       5362 1646796394.000   1646796394.000    6.30000e+02     -90.00      45.00   2.45500e+02   3.20500e+02      926.3       13.8  -5.60600e+01   3.40600e-01     0           1.22830e+02   4.10700e+00  
     2022         3         9         3        32        34        116       7100       5362 1646796754.000   1646796754.000    6.30000e+02       0.00      90.00   2.45500e+02   3.20500e+02      947.9       25.2           nan           nan     0           4.69900e+01   2.71000e+00  
     2022         3         9         3        34        58        117       7100       5362 1646796898.000   1646796898.000    6.30000e+02       0.00      45.00   2.45500e+02   3.20500e+02      939.9       13.9   7.11700e+01   4.41900e-01     0           1.18250e+02   3.95200e+00  
     2022         3         9         3        37        22        118       7100       5362 1646797042.000   1646797042.000    6.30000e+02      90.00      45.00   2.45500e+02   3.20500e+02      916.3       27.4   1.58300e+01   1.34100e-01     0           4.26300e+01   2.70800e+00  
     2022         3         9         3        39        46        119       7100       5362 1646797186.000   1646797186.000    6.30000e+02     180.00      45.00   2.45500e+02   3.20500e+02      956.2       30.9  -7.74800e+01   6.94600e-01     0           3.98800e+01   2.71100e+00  
     2022         3         9         3        42        46        120       7100       5362 1646797366.000   1646797366.000    6.30000e+02     -90.00      45.00   2.45500e+02   3.20500e+02      949.8       14.9  -3.40300e+01   2.13100e-01     0           1.14200e+02   3.99500e+00  
     2022         3         9         3        45        10        121       7100       5362 1646797510.000   1646797510.000    6.30000e+02       0.00      90.00   2.45500e+02   3.20500e+02      928.0       23.9           nan           nan     0           5.08200e+01   2.83900e+00  
     2022         3         9         3        47        34        122       7100       5362 1646797654.000   1646797654.000    6.30000e+02       0.00      45.00   2.45500e+02   3.20500e+02      939.9       12.3   6.64500e+01   3.81300e-01     0           1.45430e+02   4.34500e+00  
     2022         3         9         3        49        58        123       7100       5362 1646797798.000   1646797798.000    6.30000e+02      90.00      45.00   2.45500e+02   3.20500e+02      944.7       24.9   3.64000e+01   2.80200e-01     0           4.97000e+01   2.83000e+00  
     2022         3         9         3        52        22        124       7100       5362 1646797942.000   1646797942.000    6.30000e+02     180.00      45.00   2.45500e+02   3.20500e+02      986.2       27.5  -5.00000e+01   3.94700e-01     0           4.75600e+01   2.83600e+00  
     2022         3         9         3        54        46        125       7100       5362 1646798086.000   1646798086.000    6.30000e+02     -90.00      45.00   2.45500e+02   3.20500e+02      934.1       13.1  -2.89500e+01   1.60400e-01     0           1.44590e+02   4.50800e+00  
     2022         3         9         4         0        46        126       7100       5362 1646798446.000   1646798446.000    6.30000e+02       0.00      90.00   2.46500e+02   3.21500e+02      907.7       19.5           nan           nan     0           6.42100e+01   3.04800e+00  
     2022         3         9         4         3        10        127       7100       5362 1646798590.000   1646798590.000    6.30000e+02       0.00      45.00   2.46500e+02   3.21500e+02      931.2        9.6   4.86000e+01   2.22800e-01     0           2.13810e+02   5.10500e+00  
     2022         3         9         4         6        10        128       7100       5362 1646798770.000   1646798770.000    6.30000e+02      90.00      45.00   2.46500e+02   3.21500e+02      917.9       21.6   2.96100e+01   1.93200e-01     0           6.59600e+01   3.32100e+00  
     2022         3         9         4         8        34        129       7100       5362 1646798914.000   1646798914.000    6.30000e+02     180.00      45.00   2.46500e+02   3.21500e+02      940.6       21.4  -4.21500e+01   2.67000e-01     0           6.27300e+01   3.11400e+00  
     2022         3         9         4        10        58        130       7100       5362 1646799058.000   1646799058.000    6.30000e+02     -90.00      45.00   2.46500e+02   3.21500e+02      924.2       10.7  -3.76000e+01   1.66900e-01     0           1.81540e+02   4.80100e+00  
     2022         3         9         4        13        22        131       7100       5362 1646799202.000   1646799202.000    6.30000e+02       0.00      90.00   2.46500e+02   3.21500e+02      936.3       16.6           nan           nan     0           8.62500e+01   3.42700e+00  
     2022         3         9         4        15        46        132       7100       5362 1646799346.000   1646799346.000    6.30000e+02       0.00      45.00   2.46500e+02   3.21500e+02      937.4        8.7   4.22700e+01   1.64900e-01     1           2.55750e+02   5.53300e+00  
     2022         3         9         4        18        10        133       7100       5362 1646799490.000   1646799490.000    6.30000e+02      90.00      45.00   2.46500e+02   3.21500e+02      925.6       16.2   2.82800e+01   1.42800e-01     0           8.86500e+01   3.48500e+00  
     2022         3         9         4        20        34        134       7100       5362 1646799634.000   1646799634.000    6.30000e+02     180.00      45.00   2.46500e+02   3.21500e+02      933.8       17.4  -3.94600e+01   2.03700e-01     0           8.34600e+01   3.45300e+00  
     2022         3         9         4        23        34        135       7100       5362 1646799814.000   1646799814.000    6.30000e+02     -90.00      45.00   2.46500e+02   3.21500e+02      938.1        9.8  -4.02800e+01   1.53900e-01     0           2.13180e+02   5.13300e+00  
     2022         3         9         4        29        34        136       7100       5362 1646800174.000   1646800174.000    6.30000e+02       0.00      90.00   2.46500e+02   3.21500e+02      938.4       13.2           nan           nan     0           1.23730e+02   3.98700e+00  
     2022         3         9         4        31        58        137       7100       5362 1646800318.000   1646800318.000    6.30000e+02       0.00      45.00   2.46500e+02   3.21500e+02      929.9        7.0   2.24400e+01   7.02000e-02     1           3.67490e+02   6.50500e+00  
     2022         3         9         4        34        22        138       7100       5362 1646800462.000   1646800462.000    6.30000e+02      90.00      45.00   2.46500e+02   3.21500e+02      936.3       13.2   1.53700e+01   6.24000e-02     0           1.23530e+02   3.97300e+00  
     2022         3         9         4        36        46        139       7100       5362 1646800606.000   1646800606.000    6.30000e+02     180.00      45.00   2.46500e+02   3.21500e+02      917.8       13.9  -2.76600e+01   1.16500e-01     0           1.12670e+02   3.87200e+00  
     2022         3         9         4        39        10        140       7100       5362 1646800750.000   1646800750.000    6.30000e+02     -90.00      45.00   2.46500e+02   3.21500e+02      938.0        8.7  -4.00000e+01   1.31000e-01     0           2.56000e+02   5.55400e+00  
     2022         3         9         4        41        34        141       7100       5362 1646800894.000   1646800894.000    6.30000e+02       0.00      90.00   2.46500e+02   3.21500e+02      930.9       11.6           nan           nan     0           1.53020e+02   4.39700e+00  
     2022         3         9         4        43        58        142       7100       5362 1646801038.000   1646801038.000    6.30000e+02       0.00      45.00   2.46500e+02   3.21500e+02      928.3        6.1   2.61700e+01   7.26000e-02     1           4.65740e+02   7.25400e+00  
     2022         3         9         4        46        58        143       7100       5362 1646801218.000   1646801218.000    6.30000e+02      90.00      45.00   2.46500e+02   3.21500e+02      933.4       11.8   2.54500e+01   9.28000e-02     0           1.47790e+02   4.30900e+00  
     2022         3         9         4        49        22        144       7100       5362 1646801362.000   1646801362.000    6.30000e+02     180.00      45.00   2.46500e+02   3.21500e+02      930.5       13.0  -1.56600e+01   6.00000e-02     0           1.32190e+02   4.18100e+00  
     2022         3         9         4        51        46        145       7100       5362 1646801506.000   1646801506.000    6.30000e+02     -90.00      45.00   2.46500e+02   3.21500e+02      937.3        8.0  -2.65700e+01   7.91000e-02     1           2.96830e+02   5.93900e+00  
     2022         3         9         4        57        46        146       7100       5362 1646801866.000   1646801866.000    6.30000e+02       0.00      90.00   2.46500e+02   3.21500e+02      924.8       10.4           nan           nan     0           1.79830e+02   4.68100e+00  
     2022         3         9         5         0        10        147       7100       5362 1646802010.000   1646802010.000    6.30000e+02       0.00      45.00   2.44500e+02   3.19500e+02      927.2        5.7   2.55600e+01   6.42000e-02     1           5.15160e+02   7.58700e+00  
     2022         3         9         5         3        10        148       7100       5362 1646802190.000   1646802190.000    6.30000e+02      90.00      45.00   2.44500e+02   3.19500e+02      926.0       10.2   3.30100e+01   1.05700e-01     0           1.85890e+02   4.74800e+00  
     2022         3         9         5         5        34        149       7100       5362 1646802334.000   1646802334.000    6.30000e+02     180.00      45.00   2.44500e+02   3.19500e+02      916.6       11.3  -2.44000e+00   8.20000e-03     0           1.58900e+02   4.48500e+00  
     2022         3         9         5         7        58        150       7100       5362 1646802478.000   1646802478.000    6.30000e+02     -90.00      45.00   2.44500e+02   3.19500e+02      937.0        7.1  -2.66000e+01   7.04000e-02     1           3.60660e+02   6.45900e+00  
     2022         3         9         5        10        22        151       7100       5362 1646802622.000   1646802622.000    6.30000e+02       0.00      90.00   2.44500e+02   3.19500e+02      910.5        9.5           nan           nan     0           2.03310e+02   4.94400e+00  
     2022         3         9         5        12        46        152       7100       5362 1646802766.000   1646802766.000    6.30000e+02       0.00      45.00   2.44500e+02   3.19500e+02      918.2        5.4   1.51600e+01   3.56000e-02     1           5.69260e+02   7.95700e+00  
     2022         3         9         5        15        10        153       7100       5362 1646802910.000   1646802910.000    6.30000e+02      90.00      45.00   2.44500e+02   3.19500e+02      921.8        9.6   2.55000e+01   7.66000e-02     0           2.04760e+02   4.96400e+00  
     2022         3         9         5        17        34        154       7100       5362 1646803054.000   1646803054.000    6.30000e+02     180.00      45.00   2.44500e+02   3.19500e+02      915.3       10.5  -4.82000e+00   1.51000e-02     0           1.79990e+02   4.74200e+00  
     2022         3         9         5        20        34        155       7100       5362 1646803234.000   1646803234.000    6.30000e+02     -90.00      45.00   2.44500e+02   3.19500e+02      920.4        6.5  -3.18600e+01   7.87000e-02     1           4.03960e+02   6.79700e+00  
     2022         3         9         5        26        34        156       7100       5362 1646803594.000   1646803594.000    6.30000e+02       0.00      90.00   2.44500e+02   3.19500e+02      905.1        8.7           nan           nan     0           2.29180e+02   5.19300e+00  
     2022         3         9         5        28        58        157       7100       5362 1646803738.000   1646803738.000    6.30000e+02       0.00      45.00   2.44500e+02   3.19500e+02      897.1        5.5   1.76200e+01   4.02000e-02     1           5.17420e+02   7.60600e+00  
     2022         3         9         5        31        22        158       7100       5362 1646803882.000   1646803882.000    6.30000e+02      90.00      45.00   2.44500e+02   3.19500e+02      907.7        9.2   2.72000e+01   7.81000e-02     0           2.16670e+02   5.10100e+00  
     2022         3         9         5        33        46        159       7100       5362 1646804026.000   1646804026.000    6.30000e+02     180.00      45.00   2.44500e+02   3.19500e+02      900.1        9.5   9.07000e+00   2.66000e-02     0           2.06610e+02   5.04700e+00  
     2022         3         9         5        36        10        160       7100       5362 1646804170.000   1646804170.000    6.30000e+02     -90.00      45.00   2.44500e+02   3.19500e+02      913.9        6.3  -2.42000e+01   5.79000e-02     1           4.26680e+02   6.97400e+00  
     2022         3         9         5        38        34        161       7100       5362 1646804314.000   1646804314.000    6.30000e+02       0.00      90.00   2.44500e+02   3.19500e+02      904.5        8.6           nan           nan     1           2.34190e+02   5.24600e+00  
     2022         3         9         5        40        58        162       7100       5362 1646804458.000   1646804458.000    6.30000e+02       0.00      45.00   2.44500e+02   3.19500e+02      916.7        5.5   7.52000e+00   1.71000e-02     1           5.35150e+02   7.72900e+00  
     2022         3         9         5        43        58        163       7100       5362 1646804638.000   1646804638.000    6.30000e+02      90.00      45.00   2.44500e+02   3.19500e+02      907.3        9.2   2.16200e+01   6.22000e-02     0           2.15260e+02   5.07900e+00  
     2022         3         9         5        46        22        164       7100       5362 1646804782.000   1646804782.000    6.30000e+02     180.00      45.00   2.44500e+02   3.19500e+02      897.6        9.1   1.66000e+00   4.80000e-03     0           2.16480e+02   5.10900e+00  
     2022         3         9         5        48        46        165       7100       5362 1646804926.000   1646804926.000    6.30000e+02     -90.00      45.00   2.44500e+02   3.19500e+02      910.9        6.3  -2.25900e+01   5.48000e-02     1           4.27380e+02   6.98500e+00  
     2022         3         9         5        54        46        166       7100       5362 1646805286.000   1646805286.000    6.30000e+02       0.00      90.00   2.44500e+02   3.19500e+02      894.9        8.9           nan           nan     0           2.17820e+02   5.08800e+00  
     2022         3         9         5        57        10        167       7100       5362 1646805430.000   1646805430.000    6.30000e+02       0.00      45.00   2.44500e+02   3.19500e+02      911.1        5.6   4.14000e+00   9.70000e-03     1           5.23730e+02   7.64300e+00  
     2022         3         9         5        59        34        168       7100       5362 1646805574.000   1646805574.000    6.30000e+02      90.00      45.00   2.42500e+02   3.17500e+02      899.9        9.7   2.38200e+01   7.25000e-02     0           1.94070e+02   4.86300e+00  
     2022         3         9         6         1        58        169       7100       5362 1646805718.000   1646805718.000    6.30000e+02     180.00      45.00   2.42500e+02   3.17500e+02      890.2        9.2   1.32100e+01   3.94000e-02     0           2.07440e+02   5.00700e+00  
     2022         3         9         6         4        22        170       7100       5362 1646805862.000   1646805862.000    6.30000e+02     -90.00      45.00   2.42500e+02   3.17500e+02      905.6        6.4  -2.72200e+01   6.85000e-02     1           4.02430e+02   6.77700e+00  
     2022         3         9         6         7        22        171       7100       5362 1646806042.000   1646806042.000    6.30000e+02       0.00      90.00   2.42500e+02   3.17500e+02      881.9        9.2           nan           nan     0           2.01280e+02   4.90200e+00  
     2022         3         9         6         9        46        172       7100       5362 1646806186.000   1646806186.000    6.30000e+02       0.00      45.00   2.42500e+02   3.17500e+02      895.7        6.2  -1.03400e+01   2.59000e-02     1           4.19860e+02   6.88300e+00  
     2022         3         9         6        12        10        173       7100       5362 1646806330.000   1646806330.000    6.30000e+02      90.00      45.00   2.42500e+02   3.17500e+02      896.9        9.9   2.80400e+01   8.77000e-02     0           1.85490e+02   4.75800e+00  
     2022         3         9         6        14        34        174       7100       5362 1646806474.000   1646806474.000    6.30000e+02     180.00      45.00   2.42500e+02   3.17500e+02      876.6        9.4   1.28300e+01   3.94000e-02     0           1.96640e+02   4.90100e+00  
     2022         3         9         6        16        58        175       7100       5362 1646806618.000   1646806618.000    6.30000e+02     -90.00      45.00   2.42500e+02   3.17500e+02      888.9        6.4  -3.37600e+01   8.67000e-02     1           3.89740e+02   6.68200e+00  
     2022         3         9         6        22        58        176       7100       5362 1646806978.000   1646806978.000    6.30000e+02       0.00      90.00   2.42500e+02   3.17500e+02      892.2        9.4           nan           nan     0           1.98100e+02   4.87200e+00  
     2022         3         9         6        25        22        177       7100       5362 1646807122.000   1646807122.000    6.30000e+02       0.00      45.00   2.42500e+02   3.17500e+02      888.6        7.0  -1.02300e+01   2.76000e-02     1           3.25550e+02   6.11800e+00  
     2022         3         9         6        27        46        178       7100       5362 1646807266.000   1646807266.000    6.30000e+02      90.00      45.00   2.42500e+02   3.17500e+02      880.7        9.9   2.07800e+01   6.64000e-02     0           1.82240e+02   4.73900e+00  
     2022         3         9         6        30        46        179       7100       5362 1646807446.000   1646807446.000    6.30000e+02     180.00      45.00   2.42500e+02   3.17500e+02      862.6        9.4   3.18300e+01   1.00000e-01     0           1.94440e+02   4.90800e+00  
     2022         3         9         6        33        10        180       7100       5362 1646807590.000   1646807590.000    6.30000e+02     -90.00      45.00   2.42500e+02   3.17500e+02      886.2        6.7  -3.48900e+01   9.35000e-02     1           3.59580e+02   6.45500e+00  
     2022         3         9         6        35        34        181       7100       5362 1646807734.000   1646807734.000    6.30000e+02       0.00      90.00   2.42500e+02   3.17500e+02      880.1        9.7           nan           nan     0           1.87930e+02   4.79500e+00  
     2022         3         9         6        37        58        182       7100       5362 1646807878.000   1646807878.000    6.30000e+02       0.00      45.00   2.42500e+02   3.17500e+02      884.9        7.6  -1.89800e+01   5.44000e-02     1           2.80430e+02   5.70000e+00  
     2022         3         9         6        40        22        183       7100       5362 1646808022.000   1646808022.000    6.30000e+02      90.00      45.00   2.42500e+02   3.17500e+02      889.6       10.4   2.04700e+01   6.84000e-02     0           1.74480e+02   4.67800e+00  
     2022         3         9         6        42        46        184       7100       5362 1646808166.000   1646808166.000    6.30000e+02     180.00      45.00   2.42500e+02   3.17500e+02      884.7        9.6   3.20900e+01   1.03700e-01     0           1.91710e+02   4.83300e+00  
     2022         3         9         6        45        10        185       7100       5362 1646808310.000   1646808310.000    6.30000e+02     -90.00      45.00   2.42500e+02   3.17500e+02      881.6        7.4  -1.42500e+01   4.12000e-02     1           3.00320e+02   5.91700e+00  
     2022         3         9         6        51        10        186       7100       5362 1646808670.000   1646808670.000    6.30000e+02       0.00      90.00   2.42500e+02   3.17500e+02      873.7       10.5           nan           nan     0           1.57640e+02   4.38700e+00  
     2022         3         9         6        54        10        187       7100       5362 1646808850.000   1646808850.000    6.30000e+02       0.00      45.00   2.42500e+02   3.17500e+02      886.2        8.9  -1.74900e+01   5.65000e-02     0           2.15480e+02   5.05700e+00  
     2022         3         9         6        56        34        188       7100       5362 1646808994.000   1646808994.000    6.30000e+02      90.00      45.00   2.42500e+02   3.17500e+02      870.8       11.3   2.35800e+01   8.80000e-02     0           1.44440e+02   4.30700e+00  
     2022         3         9         6        58        58        189       7100       5362 1646809138.000   1646809138.000    6.30000e+02     180.00      45.00   2.39500e+02   3.14500e+02      866.9       10.6   2.94300e+01   1.07400e-01     0           1.56850e+02   4.41700e+00  
     2022         3         9         7         1        22        190       7100       5362 1646809282.000   1646809282.000    6.30000e+02     -90.00      45.00   2.39500e+02   3.14500e+02      885.0        8.6  -2.20400e+01   7.39000e-02     0           2.28690e+02   5.22000e+00  
     2022         3         9         7         3        46        191       7100       5362 1646809426.000   1646809426.000    6.30000e+02       0.00      90.00   2.39500e+02   3.14500e+02      860.4       11.8           nan           nan     0           1.25880e+02   3.97100e+00  
     2022         3         9         7         6        10        192       7100       5362 1646809570.000   1646809570.000    6.30000e+02       0.00      45.00   2.39500e+02   3.14500e+02      873.1       10.3  -3.30100e+01   1.24600e-01     0           1.69550e+02   4.59800e+00  
     2022         3         9         7         8        34        193       7100       5362 1646809714.000   1646809714.000    6.30000e+02      90.00      45.00   2.39500e+02   3.14500e+02      860.4       12.8   1.41200e+01   6.04000e-02     0           1.16250e+02   3.92800e+00  
     2022         3         9         7        11        34        194       7100       5362 1646809894.000   1646809894.000    6.30000e+02     180.00      45.00   2.39500e+02   3.14500e+02      867.0       12.1   3.51400e+01   1.48400e-01     0           1.25580e+02   4.02300e+00  
     2022         3         9         7        13        58        195       7100       5362 1646810038.000   1646810038.000    6.30000e+02     -90.00      45.00   2.39500e+02   3.14500e+02      865.1        9.8  -2.52200e+01   9.84000e-02     0           1.76970e+02   4.65300e+00  
     2022         3         9         7        19        58        196       7100       5362 1646810398.000   1646810398.000    6.30000e+02       0.00      90.00   2.39500e+02   3.14500e+02      864.8       14.3           nan           nan     0           9.35300e+01   3.51400e+00  
     2022         3         9         7        22        22        197       7100       5362 1646810542.000   1646810542.000    6.30000e+02       0.00      45.00   2.39500e+02   3.14500e+02      857.5       12.2  -3.34000e+01   1.52500e-01     0           1.22020e+02   3.97000e+00  
     2022         3         9         7        24        46        198       7100       5362 1646810686.000   1646810686.000    6.30000e+02      90.00      45.00   2.39500e+02   3.14500e+02      842.4       15.1   2.41100e+01   1.25200e-01     0           8.63000e+01   3.47100e+00  
     2022         3         9         7        27        10        199       7100       5362 1646810830.000   1646810830.000    6.30000e+02     180.00      45.00   2.39500e+02   3.14500e+02      846.4       14.8   4.13900e+01   2.16600e-01     0           9.14200e+01   3.56600e+00  
     2022         3         9         7        29        34        200       7100       5362 1646810974.000   1646810974.000    6.30000e+02     -90.00      45.00   2.39500e+02   3.14500e+02      846.1       12.4  -1.29600e+01   6.28000e-02     0           1.15360e+02   3.86000e+00  
     2022         3         9         7        31        58        201       7100       5362 1646811118.000   1646811118.000    6.30000e+02       0.00      90.00   2.39500e+02   3.14500e+02      846.6       16.4           nan           nan     0           7.38800e+01   3.19900e+00  
     2022         3         9         7        34        58        202       7100       5362 1646811298.000   1646811298.000    6.30000e+02       0.00      45.00   2.39500e+02   3.14500e+02      838.6       13.9  -2.84800e+01   1.52300e-01     0           9.41500e+01   3.54400e+00  
     2022         3         9         7        37        22        203       7100       5362 1646811442.000   1646811442.000    6.30000e+02      90.00      45.00   2.39500e+02   3.14500e+02      838.0       17.6   2.12200e+01   1.30700e-01     0           6.88600e+01   3.18800e+00  
     2022         3         9         7        39        46        204       7100       5362 1646811586.000   1646811586.000    6.30000e+02     180.00      45.00   2.39500e+02   3.14500e+02      867.2       17.2   2.89600e+01   1.78800e-01     0           7.53900e+01   3.30600e+00  
     2022         3         9         7        42        10        205       7100       5362 1646811730.000   1646811730.000    6.30000e+02     -90.00      45.00   2.39500e+02   3.14500e+02      856.4       15.0  -1.74000e+01   1.02300e-01     0           8.91100e+01   3.49600e+00  
     2022         3         9         7        48        10        206       7100       5362 1646812090.000   1646812090.000    6.30000e+02       0.00      90.00   2.39500e+02   3.14500e+02      821.7       20.5           nan           nan     0           5.07800e+01   2.77900e+00  
     2022         3         9         7        50        34        207       7100       5362 1646812234.000   1646812234.000    6.30000e+02       0.00      45.00   2.39500e+02   3.14500e+02      840.9       17.5  -2.78600e+01   1.92000e-01     0           6.72800e+01   3.11200e+00  
     2022         3         9         7        53        34        208       7100       5362 1646812414.000   1646812414.000    6.30000e+02      90.00      45.00   2.39500e+02   3.14500e+02      851.3       19.8   3.67600e+01   2.73700e-01     0           6.39400e+01   3.21500e+00  
     2022         3         9         7        55        58        209       7100       5362 1646812558.000   1646812558.000    6.30000e+02     180.00      45.00   2.39500e+02   3.14500e+02      859.7       19.3   4.57100e+01   3.41200e-01     0           6.48700e+01   3.17900e+00  
     2022         3         9         7        58        22        210       7100       5362 1646812702.000   1646812702.000    6.30000e+02     -90.00      45.00   2.39500e+02   3.14500e+02      866.3       19.1  -1.81900e+01   1.37500e-01     0           6.86400e+01   3.28400e+00  
     2022         3         9         8         0        46        211       7100       5362 1646812846.000   1646812846.000    6.30000e+02       0.00      90.00   2.37500e+02   3.12500e+02      845.1       24.6           nan           nan     0           4.68200e+01   2.89100e+00  
     2022         3         9         8         3        10        212       7100       5362 1646812990.000   1646812990.000    6.30000e+02       0.00      45.00   2.37500e+02   3.12500e+02      856.4       20.5  -5.19000e+00   4.21000e-02     0           6.74600e+01   3.42600e+00  
     2022         3         9         8         5        34        213       7100       5362 1646813134.000   1646813134.000    6.30000e+02      90.00      45.00   2.37500e+02   3.12500e+02      896.2       18.0   4.87800e+01   3.83400e-01     1           1.22500e+02   5.05600e+00  
     2022         3         9         8         8        34        214       7100       5362 1646813314.000   1646813314.000    6.30000e+02     180.00      45.00   2.37500e+02   3.12500e+02      930.0       23.2   2.90400e+01   2.56600e-01     1           9.60100e+01   4.82400e+00  
     2022         3         9         8        10        58        215       7100       5362 1646813458.000   1646813458.000    6.30000e+02     -90.00      45.00   2.37500e+02   3.12500e+02      997.4       30.9  -1.39800e+01   1.41500e-01     2           7.63900e+01   4.67900e+00  
     2022         3         9         8        16        58        216       7100       5362 1646813818.000   1646813818.000    6.30000e+02       0.00      90.00   2.37500e+02   3.12500e+02     1081.5       30.6           nan           nan     2           1.22800e+02   6.71600e+00  
