   YEAR     MONTH      DAY       HOUR      MIN       SEC       RECNO     KINDAT      KINST       UT1_UNIX        UT2_UNIX        WAVLEN        AZM        ELM         ALTB          ALTE         TN         DTN        VNHLU         DVNHLU     FPI_DATAQUAL      RLE           DRLE     
     2022         3         4        22         1        58          0       7100       5362 1646431318.000   1646431318.000    6.30000e+02     180.00      45.00   2.11500e+02   2.86500e+02     1066.7        5.7   4.52200e+01   7.25000e-02     2           1.13303e+03   1.32200e+01  
     2022         3         4        22         6        46          1       7100       5362 1646431606.000   1646431606.000    6.30000e+02       0.00      90.00   2.11500e+02   2.86500e+02     1068.2        5.9           nan           nan     1           8.24370e+02   1.03220e+01  
     2022         3         4        22         9        10          2       7100       5362 1646431750.000   1646431750.000    6.30000e+02       0.00      45.00   2.11500e+02   2.86500e+02     1078.5        7.3  -2.70100e+01   4.96000e-02     2           6.59300e+02   9.82500e+00  
     2022         3         4        22        12        10          3       7100       5362 1646431930.000   1646431930.000    6.30000e+02      90.00      45.00   2.11500e+02   2.86500e+02     1081.8        7.7   1.04000e+01   1.96000e-02     1           5.33790e+02   8.54300e+00  
     2022         3         4        22        14        34          4       7100       5362 1646432074.000   1646432074.000    6.30000e+02     180.00      45.00   2.11500e+02   2.86500e+02     1056.7        7.0   6.62000e+00   1.18000e-02     1           5.69260e+02   8.57800e+00  
     2022         3         4        22        16        58          5       7100       5362 1646432218.000   1646432218.000    6.30000e+02     -90.00      45.00   2.11500e+02   2.86500e+02     1072.1        5.9  -4.32300e+01   7.07000e-02     1           8.08840e+02   1.01150e+01  
     2022         3         4        22        22        58          6       7100       5362 1646432578.000   1646432578.000    6.30000e+02       0.00      90.00   2.11500e+02   2.86500e+02     1047.1        6.2           nan           nan     1           5.98260e+02   8.36200e+00  
     2022         3         4        22        25        58          7       7100       5362 1646432758.000   1646432758.000    6.30000e+02       0.00      45.00   2.11500e+02   2.86500e+02     1051.5        8.8  -1.25800e+01   2.62000e-02     1           3.96340e+02   7.41600e+00  
     2022         3         4        22        28        22          8       7100       5362 1646432902.000   1646432902.000    6.30000e+02      90.00      45.00   2.11500e+02   2.86500e+02     1035.5        6.6   4.42600e+01   7.84000e-02     1           5.25060e+02   7.88000e+00  
     2022         3         4        22        30        46          9       7100       5362 1646433046.000   1646433046.000    6.30000e+02     180.00      45.00   2.11500e+02   2.86500e+02     1031.8        7.2   2.52900e+01   4.69000e-02     1           4.59030e+02   7.43400e+00  
     2022         3         4        22        33        10         10       7100       5362 1646433190.000   1646433190.000    6.30000e+02     -90.00      45.00   2.11500e+02   2.86500e+02     1054.1        5.3  -5.28000e+01   8.36000e-02     1           8.05680e+02   9.59500e+00  
     2022         3         4        22        35        34         11       7100       5362 1646433334.000   1646433334.000    6.30000e+02       0.00      90.00   2.11500e+02   2.86500e+02     1014.7        6.3           nan           nan     1           5.42870e+02   7.90900e+00  
     2022         3         4        22        37        58         12       7100       5362 1646433478.000   1646433478.000    6.30000e+02       0.00      45.00   2.11500e+02   2.86500e+02     1039.5        6.2  -1.02900e+01   1.77000e-02     1           6.12490e+02   8.51100e+00  
     2022         3         4        22        40        22         13       7100       5362 1646433622.000   1646433622.000    6.30000e+02      90.00      45.00   2.11500e+02   2.86500e+02     1020.5        6.7   4.00700e+01   7.23000e-02     1           5.00280e+02   7.67300e+00  
     2022         3         4        22        43        22         14       7100       5362 1646433802.000   1646433802.000    6.30000e+02     180.00      45.00   2.11500e+02   2.86500e+02     1015.5        5.8   3.58700e+01   6.06000e-02     1           6.02110e+02   8.24100e+00  
     2022         3         4        22        45        46         15       7100       5362 1646433946.000   1646433946.000    6.30000e+02     -90.00      45.00   2.11500e+02   2.86500e+02     1026.2        6.3  -4.45500e+01   7.82000e-02     1           5.76680e+02   8.30600e+00  
     2022         3         4        22        51        46         16       7100       5362 1646434306.000   1646434306.000    6.30000e+02       0.00      90.00   2.11500e+02   2.86500e+02     1014.1        6.4           nan           nan     1           5.19920e+02   7.73800e+00  
     2022         3         4        22        54        10         17       7100       5362 1646434450.000   1646434450.000    6.30000e+02       0.00      45.00   2.11500e+02   2.86500e+02     1019.5        6.7  -3.38000e+00   6.20000e-03     1           5.30870e+02   8.04500e+00  
     2022         3         4        22        56        34         18       7100       5362 1646434594.000   1646434594.000    6.30000e+02      90.00      45.00   2.11500e+02   2.86500e+02     1021.6        7.5   2.93200e+01   5.74000e-02     1           4.22670e+02   7.17400e+00  
     2022         3         4        22        58        58         19       7100       5362 1646434738.000   1646434738.000    6.30000e+02     180.00      45.00   2.22500e+02   2.97500e+02     1002.9        6.8   1.86000e+01   3.50000e-02     1           4.71350e+02   7.45400e+00  
     2022         3         4        23         1        22         20       7100       5362 1646434882.000   1646434882.000    6.30000e+02     -90.00      45.00   2.22500e+02   2.97500e+02     1021.9        6.2  -5.08500e+01   9.22000e-02     1           5.96890e+02   8.47900e+00  
     2022         3         4        23         3        46         21       7100       5362 1646435026.000   1646435026.000    6.30000e+02       0.00      90.00   2.22500e+02   2.97500e+02     1017.7        6.8           nan           nan     1           4.82900e+02   7.58700e+00  
     2022         3         4        23         6        10         22       7100       5362 1646435170.000   1646435170.000    6.30000e+02       0.00      45.00   2.22500e+02   2.97500e+02     1025.5        8.8  -9.60000e+00   2.12000e-02     1           3.72680e+02   7.14000e+00  
     2022         3         4        23         9        10         23       7100       5362 1646435350.000   1646435350.000    6.30000e+02      90.00      45.00   2.22500e+02   2.97500e+02     1009.4        7.7   2.50600e+01   5.16000e-02     1           3.90250e+02   6.91600e+00  
     2022         3         4        23        11        34         24       7100       5362 1646435494.000   1646435494.000    6.30000e+02     180.00      45.00   2.22500e+02   2.97500e+02     1013.1        7.3   5.90000e+00   1.18000e-02     1           4.17100e+02   7.04600e+00  
     2022         3         4        23        13        58         25       7100       5362 1646435638.000   1646435638.000    6.30000e+02     -90.00      45.00   2.22500e+02   2.97500e+02     1031.2        5.7  -7.19100e+01   1.27300e-01     1           6.82940e+02   8.92400e+00  
     2022         3         4        23        19        58         26       7100       5362 1646435998.000   1646435998.000    6.30000e+02       0.00      90.00   2.22500e+02   2.97500e+02     1017.4        7.1           nan           nan     1           4.68420e+02   7.57500e+00  
     2022         3         4        23        22        22         27       7100       5362 1646436142.000   1646436142.000    6.30000e+02       0.00      45.00   2.22500e+02   2.97500e+02     1013.0        8.2  -7.61000e+00   1.65000e-02     1           3.97440e+02   7.23600e+00  
     2022         3         4        23        24        46         28       7100       5362 1646436286.000   1646436286.000    6.30000e+02      90.00      45.00   2.22500e+02   2.97500e+02     1005.5        7.8   1.98000e+01   4.23000e-02     1           3.85000e+02   6.91900e+00  
     2022         3         4        23        27        10         29       7100       5362 1646436430.000   1646436430.000    6.30000e+02     180.00      45.00   2.22500e+02   2.97500e+02     1001.8        7.0   4.92000e+00   1.00000e-02     1           4.44300e+02   7.28300e+00  
     2022         3         4        23        29        34         30       7100       5362 1646436574.000   1646436574.000    6.30000e+02     -90.00      45.00   2.22500e+02   2.97500e+02     1006.8        5.2  -6.98600e+01   1.24900e-01     1           7.68520e+02   9.39000e+00  
     2022         3         4        23        32        34         31       7100       5362 1646436754.000   1646436754.000    6.30000e+02       0.00      90.00   2.22500e+02   2.97500e+02     1005.3        7.6           nan           nan     1           4.26060e+02   7.38800e+00  
     2022         3         4        23        34        58         32       7100       5362 1646436898.000   1646436898.000    6.30000e+02       0.00      45.00   2.22500e+02   2.97500e+02     1005.9        8.3  -4.91000e+00   1.11000e-02     1           3.90400e+02   7.23200e+00  
     2022         3         4        23        37        22         33       7100       5362 1646437042.000   1646437042.000    6.30000e+02      90.00      45.00   2.22500e+02   2.97500e+02     1001.8        8.1   1.49100e+01   3.31000e-02     1           3.63870e+02   6.74300e+00  
     2022         3         4        23        39        46         34       7100       5362 1646437186.000   1646437186.000    6.30000e+02     180.00      45.00   2.22500e+02   2.97500e+02     1003.9        8.1   6.40000e-01   1.40000e-03     1           3.80460e+02   6.97600e+00  
     2022         3         4        23        42        10         35       7100       5362 1646437330.000   1646437330.000    6.30000e+02     -90.00      45.00   2.22500e+02   2.97500e+02     1004.5       11.1  -1.59100e+01   4.28000e-02     1           2.49330e+02   6.04800e+00  
     2022         3         4        23        48        46         36       7100       5362 1646437726.000   1646437726.000    6.30000e+02       0.00      90.00   2.22500e+02   2.97500e+02      994.9        7.6           nan           nan     1           4.13060e+02   7.21400e+00  
     2022         3         4        23        51        10         37       7100       5362 1646437870.000   1646437870.000    6.30000e+02       0.00      45.00   2.22500e+02   2.97500e+02      984.9        8.8  -5.71000e+00   1.37000e-02     1           3.47550e+02   6.93300e+00  
     2022         3         4        23        53        34         38       7100       5362 1646438014.000   1646438014.000    6.30000e+02      90.00      45.00   2.22500e+02   2.97500e+02      984.2        7.7   2.29500e+01   5.24000e-02     1           3.72560e+02   6.77000e+00  
     2022         3         4        23        55        58         39       7100       5362 1646438158.000   1646438158.000    6.30000e+02     180.00      45.00   2.22500e+02   2.97500e+02      980.7        9.1   1.68000e+01   4.27000e-02     1           2.89300e+02   6.12600e+00  
     2022         3         4        23        58        22         40       7100       5362 1646438302.000   1646438302.000    6.30000e+02     -90.00      45.00   2.22500e+02   2.97500e+02      985.7        8.0  -1.34900e+01   3.29000e-02     1           4.14280e+02   7.52000e+00  
     2022         3         5         0         0        46         41       7100       5362 1646438446.000   1646438446.000    6.30000e+02       0.00      90.00   2.29500e+02   3.04500e+02      972.1        9.1           nan           nan     1           2.88470e+02   6.14800e+00  
     2022         3         5         0         3        10         42       7100       5362 1646438590.000   1646438590.000    6.30000e+02       0.00      45.00   2.29500e+02   3.04500e+02      973.7        6.3   1.85300e+01   4.05000e-02     1           5.34490e+02   8.07500e+00  
     2022         3         5         0         6        10         43       7100       5362 1646438770.000   1646438770.000    6.30000e+02      90.00      45.00   2.29500e+02   3.04500e+02      967.9        7.5   3.59000e+01   8.25000e-02     1           3.81770e+02   6.81700e+00  
     2022         3         5         0         8        34         44       7100       5362 1646438914.000   1646438914.000    6.30000e+02     180.00      45.00   2.29500e+02   3.04500e+02      968.4        8.5   1.77100e+01   4.25000e-02     1           3.18890e+02   6.37700e+00  
     2022         3         5         0        10        58         45       7100       5362 1646439058.000   1646439058.000    6.30000e+02     -90.00      45.00   2.29500e+02   3.04500e+02      977.0        8.0  -1.34400e+01   3.07000e-02     1           4.15490e+02   7.61200e+00  
     2022         3         5         0        16        58         46       7100       5362 1646439418.000   1646439418.000    6.30000e+02       0.00      90.00   2.29500e+02   3.04500e+02      959.8        6.7           nan           nan     1           4.44870e+02   7.23700e+00  
     2022         3         5         0        19        22         47       7100       5362 1646439562.000   1646439562.000    6.30000e+02       0.00      45.00   2.29500e+02   3.04500e+02      961.1        5.6   2.91500e+01   5.19000e-02     1           6.22230e+02   8.51700e+00  
     2022         3         5         0        21        46         48       7100       5362 1646439706.000   1646439706.000    6.30000e+02      90.00      45.00   2.29500e+02   3.04500e+02      968.2        7.2   4.24600e+01   8.55000e-02     1           3.95390e+02   6.87500e+00  
     2022         3         5         0        24        10         49       7100       5362 1646439850.000   1646439850.000    6.30000e+02     180.00      45.00   2.29500e+02   3.04500e+02      956.2        7.1  -1.39400e+01   2.80000e-02     1           3.99230e+02   6.90200e+00  
     2022         3         5         0        26        34         50       7100       5362 1646439994.000   1646439994.000    6.30000e+02     -90.00      45.00   2.29500e+02   3.04500e+02      957.2        6.0  -5.92000e+01   1.09700e-01     1           5.60050e+02   8.20500e+00  
     2022         3         5         0        29        34         51       7100       5362 1646440174.000   1646440174.000    6.30000e+02       0.00      90.00   2.29500e+02   3.04500e+02      965.9        6.7           nan           nan     1           4.36100e+02   7.15000e+00  
     2022         3         5         0        31        58         52       7100       5362 1646440318.000   1646440318.000    6.30000e+02       0.00      45.00   2.29500e+02   3.04500e+02      952.7        5.2   3.98800e+01   6.94000e-02     1           6.79510e+02   8.81600e+00  
     2022         3         5         0        34        22         53       7100       5362 1646440462.000   1646440462.000    6.30000e+02      90.00      45.00   2.29500e+02   3.04500e+02      961.5        6.8   6.64800e+01   1.31200e-01     1           4.21000e+02   7.03400e+00  
     2022         3         5         0        36        46         54       7100       5362 1646440606.000   1646440606.000    6.30000e+02     180.00      45.00   2.29500e+02   3.04500e+02      963.3        7.2  -2.02000e+01   4.09000e-02     1           3.94460e+02   6.85000e+00  
     2022         3         5         0        39        10         55       7100       5362 1646440750.000   1646440750.000    6.30000e+02     -90.00      45.00   2.29500e+02   3.04500e+02      959.9        5.8  -7.30800e+01   1.33400e-01     1           5.89990e+02   8.32300e+00  
     2022         3         5         0        45        46         56       7100       5362 1646441146.000   1646441146.000    6.30000e+02       0.00      90.00   2.29500e+02   3.04500e+02      950.3        6.9           nan           nan     1           4.11160e+02   6.97000e+00  
     2022         3         5         0        48        10         57       7100       5362 1646441290.000   1646441290.000    6.30000e+02       0.00      45.00   2.29500e+02   3.04500e+02      957.5        5.4   5.67200e+01   1.01500e-01     1           6.42970e+02   8.55400e+00  
     2022         3         5         0        50        34         58       7100       5362 1646441434.000   1646441434.000    6.30000e+02      90.00      45.00   2.29500e+02   3.04500e+02      947.2        6.9   8.00500e+01   1.62800e-01     1           3.96020e+02   6.79100e+00  
     2022         3         5         0        52        58         59       7100       5362 1646441578.000   1646441578.000    6.30000e+02     180.00      45.00   2.29500e+02   3.04500e+02      944.7        7.5  -1.39900e+01   2.99000e-02     1           3.54360e+02   6.55600e+00  
     2022         3         5         0        55        22         60       7100       5362 1646441722.000   1646441722.000    6.30000e+02     -90.00      45.00   2.29500e+02   3.04500e+02      950.1        6.2  -6.41000e+01   1.25400e-01     1           5.16630e+02   7.89800e+00  
     2022         3         5         0        57        46         61       7100       5362 1646441866.000   1646441866.000    6.30000e+02       0.00      90.00   2.29500e+02   3.04500e+02      940.9        7.2           nan           nan     1           3.66390e+02   6.55300e+00  
     2022         3         5         1         0        10         62       7100       5362 1646442010.000   1646442010.000    6.30000e+02       0.00      45.00   2.39500e+02   3.14500e+02      949.7        5.6   6.20400e+01   1.17100e-01     1           5.75640e+02   8.07600e+00  
     2022         3         5         1         3        10         63       7100       5362 1646442190.000   1646442190.000    6.30000e+02      90.00      45.00   2.39500e+02   3.14500e+02      935.3        7.2   8.88800e+01   1.90300e-01     1           3.54220e+02   6.42200e+00  
     2022         3         5         1         5        34         64       7100       5362 1646442334.000   1646442334.000    6.30000e+02     180.00      45.00   2.39500e+02   3.14500e+02      926.4        7.7  -2.21700e+01   4.95000e-02     1           3.26570e+02   6.29300e+00  
     2022         3         5         1         7        58         65       7100       5362 1646442478.000   1646442478.000    6.30000e+02     -90.00      45.00   2.39500e+02   3.14500e+02      947.4        6.4  -6.10400e+01   1.25000e-01     1           4.76780e+02   7.56500e+00  
     2022         3         5         1        13        58         66       7100       5362 1646442838.000   1646442838.000    6.30000e+02       0.00      90.00   2.39500e+02   3.14500e+02      928.9        7.7           nan           nan     1           3.10000e+02   6.02400e+00  
     2022         3         5         1        16        22         67       7100       5362 1646442982.000   1646442982.000    6.30000e+02       0.00      45.00   2.39500e+02   3.14500e+02      939.2        5.8   7.19400e+01   1.43300e-01     1           5.36870e+02   7.82900e+00  
     2022         3         5         1        18        46         68       7100       5362 1646443126.000   1646443126.000    6.30000e+02      90.00      45.00   2.39500e+02   3.14500e+02      921.3        7.6   9.08400e+01   2.06800e-01     1           3.12710e+02   6.05300e+00  
     2022         3         5         1        21        10         69       7100       5362 1646443270.000   1646443270.000    6.30000e+02     180.00      45.00   2.39500e+02   3.14500e+02      928.3        8.0  -4.11300e+01   9.58000e-02     1           2.92040e+02   5.89800e+00  
     2022         3         5         1        23        34         70       7100       5362 1646443414.000   1646443414.000    6.30000e+02     -90.00      45.00   2.39500e+02   3.14500e+02      934.4        6.3  -7.36100e+01   1.53100e-01     1           4.63380e+02   7.37500e+00  
     2022         3         5         1        26        34         71       7100       5362 1646443594.000   1646443594.000    6.30000e+02       0.00      90.00   2.39500e+02   3.14500e+02      926.6        7.7           nan           nan     1           2.99430e+02   5.89600e+00  
     2022         3         5         1        28        58         72       7100       5362 1646443738.000   1646443738.000    6.30000e+02       0.00      45.00   2.39500e+02   3.14500e+02      916.8        5.8   7.27900e+01   1.47900e-01     1           4.95160e+02   7.50700e+00  
     2022         3         5         1        31        22         73       7100       5362 1646443882.000   1646443882.000    6.30000e+02      90.00      45.00   2.39500e+02   3.14500e+02      910.5        7.5   9.15400e+01   2.08800e-01     1           3.09590e+02   6.00500e+00  
     2022         3         5         1        33        46         74       7100       5362 1646444026.000   1646444026.000    6.30000e+02     180.00      45.00   2.39500e+02   3.14500e+02      898.1        7.9  -4.90700e+01   1.15700e-01     0           2.78730e+02   5.75800e+00  
     2022         3         5         1        36        10         75       7100       5362 1646444170.000   1646444170.000    6.30000e+02     -90.00      45.00   2.39500e+02   3.14500e+02      918.9        6.3  -7.14300e+01   1.50200e-01     1           4.45920e+02   7.21300e+00  
     2022         3         5         1        42        10         76       7100       5362 1646444530.000   1646444530.000    6.30000e+02       0.00      90.00   2.39500e+02   3.14500e+02      903.5        7.7           nan           nan     1           2.88940e+02   5.81900e+00  
     2022         3         5         1        44        34         77       7100       5362 1646444674.000   1646444674.000    6.30000e+02       0.00      45.00   2.39500e+02   3.14500e+02      914.0        5.8   7.78600e+01   1.58900e-01     1           4.92450e+02   7.47900e+00  
     2022         3         5         1        46        58         78       7100       5362 1646444818.000   1646444818.000    6.30000e+02      90.00      45.00   2.39500e+02   3.14500e+02      904.2        7.4   9.28200e+01   2.12000e-01     1           3.11500e+02   6.01300e+00  
     2022         3         5         1        49        58         79       7100       5362 1646444998.000   1646444998.000    6.30000e+02     180.00      45.00   2.39500e+02   3.14500e+02      893.2        7.6  -6.22400e+01   1.43300e-01     1           2.92950e+02   5.85500e+00  
     2022         3         5         1        52        22         80       7100       5362 1646445142.000   1646445142.000    6.30000e+02     -90.00      45.00   2.39500e+02   3.14500e+02      912.9        6.0  -8.16700e+01   1.67100e-01     1           4.76300e+02   7.39400e+00  
     2022         3         5         1        54        46         81       7100       5362 1646445286.000   1646445286.000    6.30000e+02       0.00      90.00   2.39500e+02   3.14500e+02      904.8        7.6           nan           nan     1           2.93310e+02   5.83800e+00  
     2022         3         5         1        57        10         82       7100       5362 1646445430.000   1646445430.000    6.30000e+02       0.00      45.00   2.39500e+02   3.14500e+02      906.1        5.9   8.70700e+01   1.77600e-01     1           4.83090e+02   7.42200e+00  
     2022         3         5         1        59        34         83       7100       5362 1646445574.000   1646445574.000    6.30000e+02      90.00      45.00   2.45500e+02   3.20500e+02      900.7        7.4   8.71700e+01   1.98200e-01     1           3.05570e+02   5.93500e+00  
     2022         3         5         2         1        58         84       7100       5362 1646445718.000   1646445718.000    6.30000e+02     180.00      45.00   2.45500e+02   3.20500e+02      897.4        7.6  -6.80800e+01   1.56500e-01     1           2.98400e+02   5.93000e+00  
     2022         3         5         2         4        22         85       7100       5362 1646445862.000   1646445862.000    6.30000e+02     -90.00      45.00   2.45500e+02   3.20500e+02      903.5        5.7  -6.80600e+01   1.37300e-01     1           5.09200e+02   7.61800e+00  
     2022         3         5         2        10        58         86       7100       5362 1646446258.000   1646446258.000    6.30000e+02       0.00      90.00   2.45500e+02   3.20500e+02      892.8        7.7           nan           nan     1           2.81340e+02   5.70600e+00  
     2022         3         5         2        13        22         87       7100       5362 1646446402.000   1646446402.000    6.30000e+02       0.00      45.00   2.45500e+02   3.20500e+02      895.5        6.2   9.40900e+01   2.02600e-01     1           4.22830e+02   6.97600e+00  
     2022         3         5         2        15        46         88       7100       5362 1646446546.000   1646446546.000    6.30000e+02      90.00      45.00   2.45500e+02   3.20500e+02      917.5        8.4   6.91900e+01   1.72700e-01     0           2.64150e+02   5.61800e+00  
     2022         3         5         2        18        10         89       7100       5362 1646446690.000   1646446690.000    6.30000e+02     180.00      45.00   2.45500e+02   3.20500e+02      912.8        8.6  -5.05900e+01   1.29500e-01     0           2.58050e+02   5.61700e+00  
     2022         3         5         2        20        34         90       7100       5362 1646446834.000   1646446834.000    6.30000e+02     -90.00      45.00   2.45500e+02   3.20500e+02      913.5        6.6  -4.66000e+01   1.07400e-01     1           4.15120e+02   7.04800e+00  
     2022         3         5         2        23        34         91       7100       5362 1646447014.000   1646447014.000    6.30000e+02       0.00      90.00   2.45500e+02   3.20500e+02      897.9        8.8           nan           nan     0           2.32520e+02   5.29100e+00  
     2022         3         5         2        25        58         92       7100       5362 1646447158.000   1646447158.000    6.30000e+02       0.00      45.00   2.45500e+02   3.20500e+02      896.5        7.2   9.47600e+01   2.38900e-01     1           3.36090e+02   6.33400e+00  
     2022         3         5         2        28        22         93       7100       5362 1646447302.000   1646447302.000    6.30000e+02      90.00      45.00   2.45500e+02   3.20500e+02      922.0       10.5   3.50000e+01   1.07300e-01     0           1.89180e+02   4.90900e+00  
     2022         3         5         2        30        46         94       7100       5362 1646447446.000   1646447446.000    6.30000e+02     180.00      45.00   2.45500e+02   3.20500e+02      917.4       10.3  -6.39500e+01   1.98900e-01     0           1.93490e+02   4.98000e+00  
     2022         3         5         2        33        10         95       7100       5362 1646447590.000   1646447590.000    6.30000e+02     -90.00      45.00   2.45500e+02   3.20500e+02      907.8        7.5  -3.77100e+01   1.03300e-01     1           3.39550e+02   6.47800e+00  
     2022         3         5         2        39        10         96       7100       5362 1646447950.000   1646447950.000    6.30000e+02       0.00      90.00   2.45500e+02   3.20500e+02      914.4       11.5           nan           nan     0           1.64160e+02   4.67000e+00  
     2022         3         5         2        41        34         97       7100       5362 1646448094.000   1646448094.000    6.30000e+02       0.00      45.00   2.45500e+02   3.20500e+02      924.3       10.3   9.87300e+01   3.45100e-01     0           2.01310e+02   5.10200e+00  
     2022         3         5         2        43        58         98       7100       5362 1646448238.000   1646448238.000    6.30000e+02      90.00      45.00   2.45500e+02   3.20500e+02      947.3       15.0   2.71000e+01   1.17200e-01     0           1.16040e+02   4.07800e+00  
     2022         3         5         2        46        58         99       7100       5362 1646448418.000   1646448418.000    6.30000e+02     180.00      45.00   2.45500e+02   3.20500e+02      938.8       15.3  -3.47200e+01   1.57600e-01     0           1.18240e+02   4.21000e+00  
     2022         3         5         2        49        22        100       7100       5362 1646448562.000   1646448562.000    6.30000e+02     -90.00      45.00   2.45500e+02   3.20500e+02      916.7       11.4  -3.85100e+01   1.55900e-01     1           1.78620e+02   4.96500e+00  
     2022         3         5         2        51        46        101       7100       5362 1646448706.000   1646448706.000    6.30000e+02       0.00      90.00   2.45500e+02   3.20500e+02      946.8       15.9           nan           nan     0           1.14670e+02   4.19300e+00  
     2022         3         5         2        54        10        102       7100       5362 1646448850.000   1646448850.000    6.30000e+02       0.00      45.00   2.45500e+02   3.20500e+02      945.8       13.9   6.24400e+01   2.90400e-01     0           1.36550e+02   4.43900e+00  
     2022         3         5         2        56        34        103       7100       5362 1646448994.000   1646448994.000    6.30000e+02      90.00      45.00   2.45500e+02   3.20500e+02      949.5       19.5   2.43900e+01   1.37600e-01     0           7.93500e+01   3.53200e+00  
     2022         3         5         2        58        58        104       7100       5362 1646449138.000   1646449138.000    6.30000e+02     180.00      45.00   2.47500e+02   3.22500e+02      966.6       19.5  -3.75200e+01   2.13000e-01     0           8.55000e+01   3.71500e+00  
     2022         3         5         3         1        22        105       7100       5362 1646449282.000   1646449282.000    6.30000e+02     -90.00      45.00   2.47500e+02   3.22500e+02      998.6       20.6  -9.32000e+00   5.50000e-02     1           9.34600e+01   4.06500e+00  
     2022         3         5         3         7        22        106       7100       5362 1646449642.000   1646449642.000    6.30000e+02       0.00      90.00   2.47500e+02   3.22500e+02      964.7       19.4           nan           nan     0           8.70700e+01   3.76900e+00  
     2022         3         5         3        10        22        107       7100       5362 1646449822.000   1646449822.000    6.30000e+02       0.00      45.00   2.47500e+02   3.22500e+02      971.9       15.8   7.91500e+01   4.29900e-01     0           1.13470e+02   4.07500e+00  
     2022         3         5         3        12        46        108       7100       5362 1646449966.000   1646449966.000    6.30000e+02      90.00      45.00   2.47500e+02   3.22500e+02      984.2       25.1   1.52100e+01   1.05000e-01     0           5.82900e+01   3.16000e+00  
     2022         3         5         3        15        10        109       7100       5362 1646450110.000   1646450110.000    6.30000e+02     180.00      45.00   2.47500e+02   3.22500e+02     1008.9       27.7  -4.27700e+01   3.14100e-01     0           5.65600e+01   3.25400e+00  
     2022         3         5         3        17        34        110       7100       5362 1646450254.000   1646450254.000    6.30000e+02     -90.00      45.00   2.47500e+02   3.22500e+02     1019.9       22.8  -1.23200e+01   8.27000e-02     1           8.31300e+01   3.91000e+00  
     2022         3         5         3        19        58        111       7100       5362 1646450398.000   1646450398.000    6.30000e+02       0.00      90.00   2.47500e+02   3.22500e+02      999.0       21.9           nan           nan     0           7.50100e+01   3.52600e+00  
     2022         3         5         3        22        22        112       7100       5362 1646450542.000   1646450542.000    6.30000e+02       0.00      45.00   2.47500e+02   3.22500e+02      980.3       15.1   1.00620e+02   5.74600e-01     0           1.19070e+02   4.09500e+00  
     2022         3         5         3        24        46        113       7100       5362 1646450686.000   1646450686.000    6.30000e+02      90.00      45.00   2.47500e+02   3.22500e+02     1029.7       27.9   2.55600e+01   1.98200e-01     0           5.20900e+01   2.99900e+00  
     2022         3         5         3        27        46        114       7100       5362 1646450866.000   1646450866.000    6.30000e+02     180.00      45.00   2.47500e+02   3.22500e+02     1061.5       32.1  -4.40100e+01   3.75900e-01     0           4.79400e+01   3.02600e+00  
     2022         3         5         3        30        10        115       7100       5362 1646451010.000   1646451010.000    6.30000e+02     -90.00      45.00   2.47500e+02   3.22500e+02     1037.7       23.1   1.53500e+01   1.11400e-01     0           8.03900e+01   3.77400e+00  
     2022         3         5         3        36        10        116       7100       5362 1646451370.000   1646451370.000    6.30000e+02       0.00      90.00   2.47500e+02   3.22500e+02     1021.4       27.8           nan           nan     0           5.05200e+01   2.92900e+00  
     2022         3         5         3        38        34        117       7100       5362 1646451514.000   1646451514.000    6.30000e+02       0.00      45.00   2.47500e+02   3.22500e+02     1014.0       22.9   5.52600e+01   4.23400e-01     0           7.21700e+01   3.48200e+00  
     2022         3         5         3        40        58        118       7100       5362 1646451658.000   1646451658.000    6.30000e+02      90.00      45.00   2.47500e+02   3.22500e+02     1013.8       29.3   2.09700e+01   1.80200e-01     0           4.62200e+01   2.83500e+00  
     2022         3         5         3        43        22        119       7100       5362 1646451802.000   1646451802.000    6.30000e+02     180.00      45.00   2.47500e+02   3.22500e+02     1041.9       32.6  -3.33600e+01   3.01100e-01     0           4.23800e+01   2.78300e+00  
     2022         3         5         3        45        46        120       7100       5362 1646451946.000   1646451946.000    6.30000e+02     -90.00      45.00   2.47500e+02   3.22500e+02     1034.8       29.6  -2.20000e+00   1.92000e-02     0           5.16900e+01   3.10100e+00  
     2022         3         5         3        48        10        121       7100       5362 1646452090.000   1646452090.000    6.30000e+02       0.00      90.00   2.47500e+02   3.22500e+02     1010.0       28.2           nan           nan     0           4.88600e+01   2.90100e+00  
     2022         3         5         3        50        34        122       7100       5362 1646452234.000   1646452234.000    6.30000e+02       0.00      45.00   2.47500e+02   3.22500e+02     1014.2       32.7   1.65800e+01   1.52700e-01     0           4.29900e+01   2.88400e+00  
     2022         3         5         3        53        34        123       7100       5362 1646452414.000   1646452414.000    6.30000e+02      90.00      45.00   2.47500e+02   3.22500e+02     1003.7       32.4  -4.50000e-01   4.10000e-03     0           3.97900e+01   2.69800e+00  
     2022         3         5         3        55        58        124       7100       5362 1646452558.000   1646452558.000    6.30000e+02     180.00      45.00   2.47500e+02   3.22500e+02      981.7       29.4  -2.03500e+01   1.74400e-01     0           4.40000e+01   2.79000e+00  
     2022         3         5         3        58        22        125       7100       5362 1646452702.000   1646452702.000    6.30000e+02     -90.00      45.00   2.47500e+02   3.22500e+02      991.5       30.6   6.28000e+00   5.48000e-02     0           4.64900e+01   2.98800e+00  
     2022         3         5         4         4        22        126       7100       5362 1646453062.000   1646453062.000    6.30000e+02       0.00      90.00   2.46500e+02   3.21500e+02      996.6       24.4           nan           nan     0           5.95100e+01   3.12400e+00  
     2022         3         5         4         7        22        127       7100       5362 1646453242.000   1646453242.000    6.30000e+02       0.00      45.00   2.46500e+02   3.21500e+02      975.2       23.4   2.52600e+01   1.79100e-01     0           6.43300e+01   3.29200e+00  
     2022         3         5         4         9        46        128       7100       5362 1646453386.000   1646453386.000    6.30000e+02      90.00      45.00   2.46500e+02   3.21500e+02      987.8       23.3   2.48700e+01   1.68000e-01     0           6.09400e+01   3.11100e+00  
     2022         3         5         4        12        10        129       7100       5362 1646453530.000   1646453530.000    6.30000e+02     180.00      45.00   2.46500e+02   3.21500e+02      982.0       19.7   1.35200e+01   7.98000e-02     0           7.82700e+01   3.43500e+00  
     2022         3         5         4        14        34        130       7100       5362 1646453674.000   1646453674.000    6.30000e+02     -90.00      45.00   2.46500e+02   3.21500e+02      978.2       15.8   6.37000e+00   3.24000e-02     0           1.13220e+02   4.04500e+00  
     2022         3         5         4        17        34        131       7100       5362 1646453854.000   1646453854.000    6.30000e+02       0.00      90.00   2.46500e+02   3.21500e+02      986.6       16.4           nan           nan     0           1.02370e+02   3.79600e+00  
     2022         3         5         4        19        58        132       7100       5362 1646453998.000   1646453998.000    6.30000e+02       0.00      45.00   2.46500e+02   3.21500e+02      990.1       16.6   2.06800e+01   9.88000e-02     0           1.07620e+02   3.96400e+00  
     2022         3         5         4        22        22        133       7100       5362 1646454142.000   1646454142.000    6.30000e+02      90.00      45.00   2.46500e+02   3.21500e+02      963.0       17.5   1.73400e+01   8.43000e-02     0           8.83600e+01   3.55600e+00  
     2022         3         5         4        24        46        134       7100       5362 1646454286.000   1646454286.000    6.30000e+02     180.00      45.00   2.46500e+02   3.21500e+02      961.6       15.6   1.12500e+01   4.98000e-02     0           1.03540e+02   3.76500e+00  
     2022         3         5         4        27        10        135       7100       5362 1646454430.000   1646454430.000    6.30000e+02     -90.00      45.00   2.46500e+02   3.21500e+02      975.4       13.1  -6.49000e+00   2.55000e-02     0           1.55800e+02   4.65400e+00  
     2022         3         5         4        33        46        136       7100       5362 1646454826.000   1646454826.000    6.30000e+02       0.00      90.00   2.46500e+02   3.21500e+02      966.9       11.3           nan           nan     0           1.80840e+02   4.81200e+00  
     2022         3         5         4        36        10        137       7100       5362 1646454970.000   1646454970.000    6.30000e+02       0.00      45.00   2.46500e+02   3.21500e+02      960.9       12.3  -1.65000e+00   5.70000e-03     0           1.65050e+02   4.73600e+00  
     2022         3         5         4        38        34        138       7100       5362 1646455114.000   1646455114.000    6.30000e+02      90.00      45.00   2.46500e+02   3.21500e+02      956.7       11.2   1.27400e+01   4.07000e-02     0           1.76380e+02   4.72400e+00  
     2022         3         5         4        40        58        139       7100       5362 1646455258.000   1646455258.000    6.30000e+02     180.00      45.00   2.46500e+02   3.21500e+02      949.7       10.7   9.03000e+00   2.76000e-02     0           1.87190e+02   4.85000e+00  
     2022         3         5         4        43        22        140       7100       5362 1646455402.000   1646455402.000    6.30000e+02     -90.00      45.00   2.46500e+02   3.21500e+02      951.3        9.0  -9.67000e+00   2.64000e-02     0           2.56830e+02   5.62800e+00  
     2022         3         5         4        45        46        141       7100       5362 1646455546.000   1646455546.000    6.30000e+02       0.00      90.00   2.46500e+02   3.21500e+02      966.1        9.0           nan           nan     0           2.57360e+02   5.56700e+00  
     2022         3         5         4        48        46        142       7100       5362 1646455726.000   1646455726.000    6.30000e+02       0.00      45.00   2.46500e+02   3.21500e+02      964.8        8.0   6.80000e+00   1.68000e-02     1           3.22400e+02   6.24900e+00  
     2022         3         5         4        51        10        143       7100       5362 1646455870.000   1646455870.000    6.30000e+02      90.00      45.00   2.46500e+02   3.21500e+02      968.1        8.0   1.60600e+01   3.90000e-02     1           3.13870e+02   6.09900e+00  
     2022         3         5         4        53        34        144       7100       5362 1646456014.000   1646456014.000    6.30000e+02     180.00      45.00   2.46500e+02   3.21500e+02      958.0        8.4   1.61300e+01   3.95000e-02     1           2.85690e+02   5.83400e+00  
     2022         3         5         4        55        58        145       7100       5362 1646456158.000   1646456158.000    6.30000e+02     -90.00      45.00   2.46500e+02   3.21500e+02      947.1        7.0  -6.03000e+00   1.34000e-02     1           3.98970e+02   6.90800e+00  
     2022         3         5         5         1        58        146       7100       5362 1646456518.000   1646456518.000    6.30000e+02       0.00      90.00   2.44500e+02   3.19500e+02      963.4        7.4           nan           nan     1           3.57300e+02   6.44100e+00  
     2022         3         5         5         4        22        147       7100       5362 1646456662.000   1646456662.000    6.30000e+02       0.00      45.00   2.44500e+02   3.19500e+02      956.9        8.0  -8.70000e-01   2.00000e-03     1           3.25880e+02   6.33400e+00  
     2022         3         5         5         6        46        148       7100       5362 1646456806.000   1646456806.000    6.30000e+02      90.00      45.00   2.44500e+02   3.19500e+02      946.0        6.6   1.37200e+01   2.84000e-02     1           4.23210e+02   6.96200e+00  
     2022         3         5         5         9        10        149       7100       5362 1646456950.000   1646456950.000    6.30000e+02     180.00      45.00   2.44500e+02   3.19500e+02      950.7        7.0   1.81700e+01   3.87000e-02     1           3.80210e+02   6.63300e+00  
     2022         3         5         5        11        34        150       7100       5362 1646457094.000   1646457094.000    6.30000e+02     -90.00      45.00   2.44500e+02   3.19500e+02      943.3        5.7  -5.74000e+00   1.12000e-02     1           5.46530e+02   7.89200e+00  
     2022         3         5         5        14        34        151       7100       5362 1646457274.000   1646457274.000    6.30000e+02       0.00      90.00   2.44500e+02   3.19500e+02      953.0        7.3           nan           nan     1           3.57450e+02   6.45200e+00  
     2022         3         5         5        16        58        152       7100       5362 1646457418.000   1646457418.000    6.30000e+02       0.00      45.00   2.44500e+02   3.19500e+02      939.7        6.8   1.93000e+00   4.10000e-03     1           4.18080e+02   7.04400e+00  
     2022         3         5         5        19        22        153       7100       5362 1646457562.000   1646457562.000    6.30000e+02      90.00      45.00   2.44500e+02   3.19500e+02      936.7        5.8   1.31100e+01   2.59000e-02     1           5.17510e+02   7.65600e+00  
     2022         3         5         5        21        46        154       7100       5362 1646457706.000   1646457706.000    6.30000e+02     180.00      45.00   2.44500e+02   3.19500e+02      941.1        6.5   2.51800e+01   5.22000e-02     1           4.32540e+02   7.03600e+00  
     2022         3         5         5        24        10        155       7100       5362 1646457850.000   1646457850.000    6.30000e+02     -90.00      45.00   2.44500e+02   3.19500e+02      940.9        6.4  -2.20000e+00   4.60000e-03     1           4.57080e+02   7.30100e+00  
     2022         3         5         5        30        10        156       7100       5362 1646458210.000   1646458210.000    6.30000e+02       0.00      90.00   2.44500e+02   3.19500e+02      936.7        7.5           nan           nan     1           3.28570e+02   6.19600e+00  
     2022         3         5         5        32        34        157       7100       5362 1646458354.000   1646458354.000    6.30000e+02       0.00      45.00   2.44500e+02   3.19500e+02      929.8        6.5  -4.01000e+00   8.40000e-03     1           4.42610e+02   7.21700e+00  
     2022         3         5         5        34        58        158       7100       5362 1646458498.000   1646458498.000    6.30000e+02      90.00      45.00   2.44500e+02   3.19500e+02      922.0        6.4   8.78000e+00   1.79000e-02     1           4.27360e+02   6.99100e+00  
     2022         3         5         5        37        58        159       7100       5362 1646458678.000   1646458678.000    6.30000e+02     180.00      45.00   2.44500e+02   3.19500e+02      927.5        6.8   1.16800e+01   2.42000e-02     1           3.82150e+02   6.62800e+00  
     2022         3         5         5        40        22        160       7100       5362 1646458822.000   1646458822.000    6.30000e+02     -90.00      45.00   2.44500e+02   3.19500e+02      933.1        6.2  -8.57000e+00   1.67000e-02     1           4.70640e+02   7.36400e+00  
     2022         3         5         5        42        46        161       7100       5362 1646458966.000   1646458966.000    6.30000e+02       0.00      90.00   2.44500e+02   3.19500e+02      918.5        6.5           nan           nan     1           4.02130e+02   6.75000e+00  
     2022         3         5         5        45        10        162       7100       5362 1646459110.000   1646459110.000    6.30000e+02       0.00      45.00   2.44500e+02   3.19500e+02      914.3        6.0  -6.59000e+00   1.26000e-02     1           4.85140e+02   7.47800e+00  
     2022         3         5         5        47        34        163       7100       5362 1646459254.000   1646459254.000    6.30000e+02      90.00      45.00   2.44500e+02   3.19500e+02      908.7        6.0   1.13000e+01   2.20000e-02     1           4.49790e+02   7.13200e+00  
     2022         3         5         5        49        58        164       7100       5362 1646459398.000   1646459398.000    6.30000e+02     180.00      45.00   2.44500e+02   3.19500e+02      911.3        6.4   1.38800e+01   2.80000e-02     1           4.08900e+02   6.83200e+00  
     2022         3         5         5        52        22        165       7100       5362 1646459542.000   1646459542.000    6.30000e+02     -90.00      45.00   2.44500e+02   3.19500e+02      931.5        5.5  -5.03000e+00   9.40000e-03     1           5.63200e+02   7.96500e+00  
     2022         3         5         5        58        22        166       7100       5362 1646459902.000   1646459902.000    6.30000e+02       0.00      90.00   2.44500e+02   3.19500e+02      903.8        7.0           nan           nan     1           3.37110e+02   6.20300e+00  
     2022         3         5         6         1        22        167       7100       5362 1646460082.000   1646460082.000    6.30000e+02       0.00      45.00   2.43500e+02   3.18500e+02      922.4        6.3   4.50000e+00   9.30000e-03     1           4.35190e+02   7.02600e+00  
     2022         3         5         6         3        46        168       7100       5362 1646460226.000   1646460226.000    6.30000e+02      90.00      45.00   2.43500e+02   3.18500e+02      901.2        6.2   1.54500e+01   3.21000e-02     1           4.28640e+02   6.97000e+00  
     2022         3         5         6         6        10        169       7100       5362 1646460370.000   1646460370.000    6.30000e+02     180.00      45.00   2.43500e+02   3.18500e+02      901.0        6.8   1.86400e+01   4.10000e-02     1           3.65480e+02   6.51100e+00  
     2022         3         5         6         8        34        170       7100       5362 1646460514.000   1646460514.000    6.30000e+02     -90.00      45.00   2.43500e+02   3.18500e+02      913.4        6.0  -6.48000e+00   1.35000e-02     1           4.64430e+02   7.27200e+00  
     2022         3         5         6        10        58        171       7100       5362 1646460658.000   1646460658.000    6.30000e+02       0.00      90.00   2.43500e+02   3.18500e+02      911.8        7.7           nan           nan     1           2.90810e+02   5.80200e+00  
     2022         3         5         6        13        22        172       7100       5362 1646460802.000   1646460802.000    6.30000e+02       0.00      45.00   2.43500e+02   3.18500e+02      913.7        7.0  -4.60000e-01   1.00000e-03     1           3.53030e+02   6.38400e+00  
     2022         3         5         6        15        46        173       7100       5362 1646460946.000   1646460946.000    6.30000e+02      90.00      45.00   2.43500e+02   3.18500e+02      903.5        6.8   2.03500e+01   4.62000e-02     1           3.63670e+02   6.48000e+00  
     2022         3         5         6        18        46        174       7100       5362 1646461126.000   1646461126.000    6.30000e+02     180.00      45.00   2.43500e+02   3.18500e+02      901.0        7.1   1.83000e+01   4.30000e-02     1           3.32170e+02   6.21600e+00  
     2022         3         5         6        21        10        175       7100       5362 1646461270.000   1646461270.000    6.30000e+02     -90.00      45.00   2.43500e+02   3.18500e+02      920.2        6.5  -1.98700e+01   4.50000e-02     1           4.06630e+02   6.83000e+00  
     2022         3         5         6        27        10        176       7100       5362 1646461630.000   1646461630.000    6.30000e+02       0.00      90.00   2.43500e+02   3.18500e+02      908.0        8.5           nan           nan     1           2.42690e+02   5.34500e+00  
     2022         3         5         6        29        34        177       7100       5362 1646461774.000   1646461774.000    6.30000e+02       0.00      45.00   2.43500e+02   3.18500e+02      901.8        8.5  -8.38000e+00   2.24000e-02     1           2.44280e+02   5.40400e+00  
     2022         3         5         6        31        58        178       7100       5362 1646461918.000   1646461918.000    6.30000e+02      90.00      45.00   2.43500e+02   3.18500e+02      887.4        7.7   3.02300e+01   7.83000e-02     1           2.79760e+02   5.72500e+00  
     2022         3         5         6        34        22        179       7100       5362 1646462062.000   1646462062.000    6.30000e+02     180.00      45.00   2.43500e+02   3.18500e+02      890.3        7.6   2.04200e+01   5.32000e-02     1           2.96290e+02   5.92200e+00  
     2022         3         5         6        36        46        180       7100       5362 1646462206.000   1646462206.000    6.30000e+02     -90.00      45.00   2.43500e+02   3.18500e+02      916.4        7.7  -1.84700e+01   4.88000e-02     1           2.98950e+02   5.93000e+00  
     2022         3         5         6        39        10        181       7100       5362 1646462350.000   1646462350.000    6.30000e+02       0.00      90.00   2.43500e+02   3.18500e+02      890.5        9.5           nan           nan     0           1.92700e+02   4.80400e+00  
     2022         3         5         6        41        34        182       7100       5362 1646462494.000   1646462494.000    6.30000e+02       0.00      45.00   2.43500e+02   3.18500e+02      892.1        9.9  -4.38000e+00   1.37000e-02     0           1.84320e+02   4.76100e+00  
     2022         3         5         6        44        34        183       7100       5362 1646462674.000   1646462674.000    6.30000e+02      90.00      45.00   2.43500e+02   3.18500e+02      875.3        8.8   2.89700e+01   8.71000e-02     0           2.24620e+02   5.23800e+00  
     2022         3         5         6        46        58        184       7100       5362 1646462818.000   1646462818.000    6.30000e+02     180.00      45.00   2.43500e+02   3.18500e+02      885.1        8.4   3.98300e+01   1.19200e-01     1           2.48880e+02   5.49100e+00  
     2022         3         5         6        49        22        185       7100       5362 1646462962.000   1646462962.000    6.30000e+02     -90.00      45.00   2.43500e+02   3.18500e+02      885.1        8.9  -2.95700e+01   9.31000e-02     0           2.21240e+02   5.19300e+00  
     2022         3         5         6        55        22        186       7100       5362 1646463322.000   1646463322.000    6.30000e+02       0.00      90.00   2.43500e+02   3.18500e+02      878.9       12.0           nan           nan     0           1.32740e+02   4.13100e+00  
     2022         3         5         6        57        46        187       7100       5362 1646463466.000   1646463466.000    6.30000e+02       0.00      45.00   2.43500e+02   3.18500e+02      881.7       12.3  -2.13200e+01   8.32000e-02     0           1.30260e+02   4.14300e+00  
     2022         3         5         7         0        10        188       7100       5362 1646463610.000   1646463610.000    6.30000e+02      90.00      45.00   2.39500e+02   3.14500e+02      867.3       10.4   2.76200e+01   1.01000e-01     0           1.66860e+02   4.58200e+00  
     2022         3         5         7         2        34        189       7100       5362 1646463754.000   1646463754.000    6.30000e+02     180.00      45.00   2.39500e+02   3.14500e+02      871.2        9.6   2.82900e+01   1.01300e-01     0           1.87620e+02   4.80900e+00  
     2022         3         5         7         4        58        190       7100       5362 1646463898.000   1646463898.000    6.30000e+02     -90.00      45.00   2.39500e+02   3.14500e+02      878.7       10.7  -3.82100e+01   1.44600e-01     0           1.61880e+02   4.52100e+00  
     2022         3         5         7         7        58        191       7100       5362 1646464078.000   1646464078.000    6.30000e+02       0.00      90.00   2.39500e+02   3.14500e+02      854.9       13.0           nan           nan     0           1.07290e+02   3.73400e+00  
     2022         3         5         7        10        22        192       7100       5362 1646464222.000   1646464222.000    6.30000e+02       0.00      45.00   2.39500e+02   3.14500e+02      875.1       13.8  -2.65400e+01   1.17700e-01     0           1.05450e+02   3.75500e+00  
     2022         3         5         7        12        46        193       7100       5362 1646464366.000   1646464366.000    6.30000e+02      90.00      45.00   2.39500e+02   3.14500e+02      858.3       12.1   4.15700e+01   1.78900e-01     0           1.28040e+02   4.11100e+00  
     2022         3         5         7        15        10        194       7100       5362 1646464510.000   1646464510.000    6.30000e+02     180.00      45.00   2.39500e+02   3.14500e+02      867.4       11.0   3.17500e+01   1.33000e-01     0           1.49920e+02   4.36300e+00  
     2022         3         5         7        17        34        195       7100       5362 1646464654.000   1646464654.000    6.30000e+02     -90.00      45.00   2.39500e+02   3.14500e+02      860.6       12.7  -3.95000e+01   1.80800e-01     0           1.20170e+02   4.01600e+00  
     2022         3         5         7        23        34        196       7100       5362 1646465014.000   1646465014.000    6.30000e+02       0.00      90.00   2.39500e+02   3.14500e+02      846.4       16.4           nan           nan     0           7.56400e+01   3.26200e+00  
     2022         3         5         7        25        58        197       7100       5362 1646465158.000   1646465158.000    6.30000e+02       0.00      45.00   2.39500e+02   3.14500e+02      858.8       16.3  -1.69900e+01   9.33000e-02     0           7.98200e+01   3.36400e+00  
     2022         3         5         7        28        58        198       7100       5362 1646465338.000   1646465338.000    6.30000e+02      90.00      45.00   2.39500e+02   3.14500e+02      846.6       15.0   4.76200e+01   2.56100e-01     0           9.12200e+01   3.59700e+00  
     2022         3         5         7        31        22        199       7100       5362 1646465482.000   1646465482.000    6.30000e+02     180.00      45.00   2.39500e+02   3.14500e+02      859.4       13.9   2.53400e+01   1.32600e-01     0           1.01200e+02   3.69800e+00  
     2022         3         5         7        33        46        200       7100       5362 1646465626.000   1646465626.000    6.30000e+02     -90.00      45.00   2.39500e+02   3.14500e+02      867.3       15.4  -3.86600e+01   2.14600e-01     0           9.16800e+01   3.62000e+00  
     2022         3         5         7        36        10        201       7100       5362 1646465770.000   1646465770.000    6.30000e+02       0.00      90.00   2.39500e+02   3.14500e+02      840.4       18.6           nan           nan     0           6.03200e+01   2.95300e+00  
     2022         3         5         7        38        34        202       7100       5362 1646465914.000   1646465914.000    6.30000e+02       0.00      45.00   2.39500e+02   3.14500e+02      856.4       19.0  -1.33400e+01   8.50000e-02     0           6.24800e+01   3.04900e+00  
     2022         3         5         7        40        58        203       7100       5362 1646466058.000   1646466058.000    6.30000e+02      90.00      45.00   2.39500e+02   3.14500e+02      862.0       17.2   5.29400e+01   3.26800e-01     0           7.68400e+01   3.38100e+00  
     2022         3         5         7        43        22        204       7100       5362 1646466202.000   1646466202.000    6.30000e+02     180.00      45.00   2.39500e+02   3.14500e+02      846.8       15.9   1.70600e+01   1.04200e-01     0           8.11400e+01   3.39900e+00  
     2022         3         5         7        45        46        205       7100       5362 1646466346.000   1646466346.000    6.30000e+02     -90.00      45.00   2.39500e+02   3.14500e+02      862.5       17.5  -4.14200e+01   2.68400e-01     0           7.33300e+01   3.28900e+00  
     2022         3         5         7        51        46        206       7100       5362 1646466706.000   1646466706.000    6.30000e+02       0.00      90.00   2.39500e+02   3.14500e+02      865.7       22.9           nan           nan     0           4.84900e+01   2.77900e+00  
     2022         3         5         7        54        46        207       7100       5362 1646466886.000   1646466886.000    6.30000e+02       0.00      45.00   2.39500e+02   3.14500e+02      868.8       22.5  -1.02100e+01   7.94000e-02     0           5.52400e+01   3.06100e+00  
     2022         3         5         7        57        10        208       7100       5362 1646467030.000   1646467030.000    6.30000e+02      90.00      45.00   2.39500e+02   3.14500e+02      877.5       17.9   5.36600e+01   3.82200e-01     1           9.25600e+01   4.00600e+00  
     2022         3         5         7        59        34        209       7100       5362 1646467174.000   1646467174.000    6.30000e+02     180.00      45.00   2.38500e+02   3.13500e+02      872.8       19.1   2.08500e+01   1.55500e-01     1           7.93400e+01   3.69300e+00  
     2022         3         5         8         1        58        210       7100       5362 1646467318.000   1646467318.000    6.30000e+02     -90.00      45.00   2.38500e+02   3.13500e+02      933.4       24.2  -3.78500e+01   3.16000e-01     1           6.60900e+01   3.56900e+00  
     2022         3         5         8         4        22        211       7100       5362 1646467462.000   1646467462.000    6.30000e+02       0.00      90.00   2.38500e+02   3.13500e+02      913.7       26.9           nan           nan     1           5.82300e+01   3.52400e+00  
     2022         3         5         8         6        46        212       7100       5362 1646467606.000   1646467606.000    6.30000e+02       0.00      45.00   2.38500e+02   3.13500e+02      952.8       26.8   2.49900e+01   2.25900e-01     1           8.06600e+01   4.54400e+00  
     2022         3         5         8         9        10        213       7100       5362 1646467750.000   1646467750.000    6.30000e+02      90.00      45.00   2.38500e+02   3.13500e+02     1021.3       19.1   6.87400e+01   5.30200e-01     2           2.29250e+02   8.40300e+00  
     2022         3         5         8        12        10        214       7100       5362 1646467930.000   1646467930.000    6.30000e+02     180.00      45.00   2.38500e+02   3.13500e+02     1044.5       24.0   3.31200e+01   2.79100e-01     2           1.60570e+02   7.19000e+00  
     2022         3         5         8        14        34        215       7100       5362 1646468074.000   1646468074.000    6.30000e+02     -90.00      45.00   2.38500e+02   3.13500e+02     1281.9       45.0  -1.93700e+01   2.16600e-01     2           1.13500e+02   7.51900e+00  
