   YEAR     MONTH      DAY       HOUR      MIN       SEC       RECNO     KINDAT      KINST       UT1_UNIX        UT2_UNIX        WAVLEN        AZM        ELM         ALTB          ALTE         TN         DTN        VNHLU         DVNHLU     FPI_DATAQUAL      RLE           DRLE     
     2022         3        21        21        48        46          0       7100       5362 1647899326.000   1647899326.000    6.30000e+02     -90.00      45.00   1.92500e+02   2.67500e+02     1246.8       17.3   4.11300e+01   1.64600e-01     2           4.14280e+02   1.12420e+01  
     2022         3        21        22        22        22          1       7100       5362 1647901342.000   1647901342.000    6.30000e+02       0.00      45.00   2.07500e+02   2.82500e+02      971.7        9.3   1.25100e+01   3.71000e-02     1           3.37870e+02   7.07800e+00  
     2022         3        21        22        29        34          2       7100       5362 1647901774.000   1647901774.000    6.30000e+02     -90.00      45.00   2.07500e+02   2.82500e+02      961.7        9.5   1.58900e+01   4.77000e-02     1           2.90240e+02   6.39600e+00  
     2022         3        21        22        37        58          3       7100       5362 1647902278.000   1647902278.000    6.30000e+02       0.00      45.00   2.07500e+02   2.82500e+02      950.3       10.1   2.33300e+01   7.28000e-02     1           2.71510e+02   6.34500e+00  
     2022         3        21        22        40        58          4       7100       5362 1647902458.000   1647902458.000    6.30000e+02      90.00      45.00   2.07500e+02   2.82500e+02      947.9       10.7   2.50000e+01   7.94000e-02     1           2.12160e+02   5.37300e+00  
     2022         3        21        22        43        22          5       7100       5362 1647902602.000   1647902602.000    6.30000e+02     180.00      45.00   2.07500e+02   2.82500e+02      938.9       11.9   2.23700e+01   7.54000e-02     1           1.81070e+02   5.07500e+00  
     2022         3        21        22        45        46          6       7100       5362 1647902746.000   1647902746.000    6.30000e+02     -90.00      45.00   2.07500e+02   2.82500e+02      949.5       12.0   1.20300e+01   4.11000e-02     1           2.04120e+02   5.60300e+00  
     2022         3        21        22        50        34          7       7100       5362 1647903034.000   1647903034.000    6.30000e+02       0.00      45.00   2.07500e+02   2.82500e+02      945.1       11.3   1.68000e+01   5.56000e-02     1           2.25860e+02   5.88800e+00  
     2022         3        21        22        52        58          8       7100       5362 1647903178.000   1647903178.000    6.30000e+02      90.00      45.00   2.07500e+02   2.82500e+02      939.1       10.2   1.01500e+01   3.16000e-02     1           2.20330e+02   5.40700e+00  
     2022         3        21        22        55        22          9       7100       5362 1647903322.000   1647903322.000    6.30000e+02     180.00      45.00   2.07500e+02   2.82500e+02      928.6       11.8   2.03500e+01   6.86000e-02     1           1.78090e+02   5.02600e+00  
     2022         3        21        22        58        22         10       7100       5362 1647903502.000   1647903502.000    6.30000e+02     -90.00      45.00   2.07500e+02   2.82500e+02      934.6       11.7   1.14800e+01   3.88000e-02     1           2.12230e+02   5.75800e+00  
     2022         3        21        23         3        46         11       7100       5362 1647903826.000   1647903826.000    6.30000e+02       0.00      90.00   2.17500e+02   2.92500e+02      933.9       10.9           nan           nan     1           2.04170e+02   5.32900e+00  
     2022         3        21        23         6        46         12       7100       5362 1647904006.000   1647904006.000    6.30000e+02       0.00      45.00   2.17500e+02   2.92500e+02      935.9       12.4   9.77000e+00   3.41000e-02     1           2.05380e+02   5.82800e+00  
     2022         3        21        23        11        34         13       7100       5362 1647904294.000   1647904294.000    6.30000e+02     180.00      45.00   2.17500e+02   2.92500e+02      920.2       10.8   2.22200e+01   7.15000e-02     1           1.93000e+02   5.09100e+00  
     2022         3        21        23        13        58         14       7100       5362 1647904438.000   1647904438.000    6.30000e+02     -90.00      45.00   2.17500e+02   2.92500e+02      915.3       10.9  -1.01300e+01   3.30000e-02     1           2.14840e+02   5.61500e+00  
     2022         3        21        23        18        46         15       7100       5362 1647904726.000   1647904726.000    6.30000e+02       0.00      45.00   2.17500e+02   2.92500e+02      922.9       12.2   1.41700e+01   4.90000e-02     1           1.92740e+02   5.52800e+00  
     2022         3        21        23        21        10         16       7100       5362 1647904870.000   1647904870.000    6.30000e+02      90.00      45.00   2.17500e+02   2.92500e+02      930.3       12.1   6.06000e+00   2.04000e-02     0           1.61410e+02   4.69300e+00  
     2022         3        21        23        24        10         17       7100       5362 1647905050.000   1647905050.000    6.30000e+02     180.00      45.00   2.17500e+02   2.92500e+02      912.0       11.4   2.53300e+01   8.34000e-02     1           1.74240e+02   4.89300e+00  
     2022         3        21        23        26        34         18       7100       5362 1647905194.000   1647905194.000    6.30000e+02     -90.00      45.00   2.17500e+02   2.92500e+02      920.4       13.3   8.33000e+00   3.01000e-02     1           1.72250e+02   5.34300e+00  
     2022         3        21        23        32        34         19       7100       5362 1647905554.000   1647905554.000    6.30000e+02       0.00      90.00   2.17500e+02   2.92500e+02      928.3       10.6           nan           nan     1           2.01960e+02   5.21400e+00  
     2022         3        21        23        34        58         20       7100       5362 1647905698.000   1647905698.000    6.30000e+02       0.00      45.00   2.17500e+02   2.92500e+02      918.4       10.7   1.73300e+01   5.71000e-02     1           2.24170e+02   5.73900e+00  
     2022         3        21        23        37        22         21       7100       5362 1647905842.000   1647905842.000    6.30000e+02      90.00      45.00   2.17500e+02   2.92500e+02      913.4       11.2   4.19000e+01   1.43800e-01     0           1.73920e+02   4.81300e+00  
     2022         3        21        23        39        46         22       7100       5362 1647905986.000   1647905986.000    6.30000e+02     180.00      45.00   2.17500e+02   2.92500e+02      903.7       12.8   2.35700e+01   8.96000e-02     0           1.36130e+02   4.32800e+00  
     2022         3        21        23        42        10         23       7100       5362 1647906130.000   1647906130.000    6.30000e+02     -90.00      45.00   2.17500e+02   2.92500e+02      905.5       14.3   8.20000e-01   3.40000e-03     1           1.37390e+02   4.67900e+00  
     2022         3        21        23        44        34         24       7100       5362 1647906274.000   1647906274.000    6.30000e+02       0.00      90.00   2.17500e+02   2.92500e+02      909.2       13.4           nan           nan     1           1.37880e+02   4.47900e+00  
     2022         3        21        23        47        34         25       7100       5362 1647906454.000   1647906454.000    6.30000e+02       0.00      45.00   2.17500e+02   2.92500e+02      913.7       12.1   1.90700e+01   7.67000e-02     1           1.78200e+02   5.16300e+00  
     2022         3        21        23        49        58         26       7100       5362 1647906598.000   1647906598.000    6.30000e+02      90.00      45.00   2.17500e+02   2.92500e+02      911.4       19.9   1.48700e+01   7.97000e-02     0           8.05000e+01   3.72900e+00  
     2022         3        21        23        52        22         27       7100       5362 1647906742.000   1647906742.000    6.30000e+02     180.00      45.00   2.17500e+02   2.92500e+02      929.9       20.0   2.05200e+01   1.13200e-01     0           7.94500e+01   3.65900e+00  
     2022         3        21        23        54        46         28       7100       5362 1647906886.000   1647906886.000    6.30000e+02     -90.00      45.00   2.17500e+02   2.92500e+02      912.2       20.5  -1.27600e+01   7.39000e-02     1           8.77600e+01   4.11800e+00  
     2022         3        22         0         0        46         29       7100       5362 1647907246.000   1647907246.000    6.30000e+02       0.00      90.00   2.25500e+02   3.00500e+02      915.2       18.2           nan           nan     1           9.29200e+01   3.95200e+00  
     2022         3        22         0         3        10         30       7100       5362 1647907390.000   1647907390.000    6.30000e+02       0.00      45.00   2.25500e+02   3.00500e+02      937.5       31.1   1.58200e+01   1.25100e-01     1           6.10100e+01   4.03700e+00  
     2022         3        22         0         5        34         31       7100       5362 1647907534.000   1647907534.000    6.30000e+02      90.00      45.00   2.25500e+02   3.00500e+02      901.4       32.2   1.29400e+01   1.04700e-01     1           4.20600e+01   3.06600e+00  
     2022         3        22         0         7        58         32       7100       5362 1647907678.000   1647907678.000    6.30000e+02     180.00      45.00   2.25500e+02   3.00500e+02      927.3       17.1   1.95600e+01   1.04100e-01     1           1.02910e+02   4.08800e+00  
     2022         3        22         0        10        22         33       7100       5362 1647907822.000   1647907822.000    6.30000e+02     -90.00      45.00   2.25500e+02   3.00500e+02      955.8       33.9   1.26500e+01   1.02300e-01     1           4.85100e+01   3.46000e+00  
     2022         3        22         0        13        22         34       7100       5362 1647908002.000   1647908002.000    6.30000e+02       0.00      90.00   2.25500e+02   3.00500e+02      929.6       17.2           nan           nan     1           1.00870e+02   4.03000e+00  
     2022         3        22         0        15        46         35       7100       5362 1647908146.000   1647908146.000    6.30000e+02       0.00      45.00   2.25500e+02   3.00500e+02      888.6       11.9   3.02900e+01   1.35400e-01     1           1.77730e+02   5.19300e+00  
     2022         3        22         0        18        10         36       7100       5362 1647908290.000   1647908290.000    6.30000e+02      90.00      45.00   2.25500e+02   3.00500e+02      921.6       18.6   9.03900e+01   5.00500e-01     1           9.67300e+01   4.13200e+00  
     2022         3        22         0        20        34         37       7100       5362 1647908434.000   1647908434.000    6.30000e+02     180.00      45.00   2.25500e+02   3.00500e+02      941.2       17.9  -1.39300e+01   7.41000e-02     1           1.01800e+02   4.13900e+00  
     2022         3        22         0        22        58         38       7100       5362 1647908578.000   1647908578.000    6.30000e+02     -90.00      45.00   2.25500e+02   3.00500e+02      913.2       12.8  -4.33600e+01   1.99600e-01     1           1.74620e+02   5.29300e+00  
     2022         3        22         0        28        58         39       7100       5362 1647908938.000   1647908938.000    6.30000e+02       0.00      90.00   2.25500e+02   3.00500e+02      926.5       17.0           nan           nan     1           1.08970e+02   4.27800e+00  
     2022         3        22         0        31        22         40       7100       5362 1647909082.000   1647909082.000    6.30000e+02       0.00      45.00   2.25500e+02   3.00500e+02      889.5       10.6   3.37400e+01   1.47900e-01     1           2.10130e+02   5.54500e+00  
     2022         3        22         0        34        22         41       7100       5362 1647909262.000   1647909262.000    6.30000e+02      90.00      45.00   2.25500e+02   3.00500e+02      932.2       22.3   5.26300e+01   3.36400e-01     1           9.09500e+01   4.44700e+00  
     2022         3        22         0        36        46         42       7100       5362 1647909406.000   1647909406.000    6.30000e+02     180.00      45.00   2.25500e+02   3.00500e+02      924.6       22.6   1.02100e+01   6.64000e-02     1           7.95500e+01   4.01200e+00  
     2022         3        22         0        39        10         43       7100       5362 1647909550.000   1647909550.000    6.30000e+02     -90.00      45.00   2.25500e+02   3.00500e+02      907.5       20.1  -2.07400e+01   1.30200e-01     1           1.01010e+02   4.60000e+00  
     2022         3        22         0        41        34         44       7100       5362 1647909694.000   1647909694.000    6.30000e+02       0.00      90.00   2.25500e+02   3.00500e+02      922.5       19.7           nan           nan     1           9.40500e+01   4.20300e+00  
     2022         3        22         0        43        58         45       7100       5362 1647909838.000   1647909838.000    6.30000e+02       0.00      45.00   2.25500e+02   3.00500e+02      923.1       15.8   3.61000e+01   2.05600e-01     1           1.45220e+02   5.21600e+00  
     2022         3        22         0        46        22         46       7100       5362 1647909982.000   1647909982.000    6.30000e+02      90.00      45.00   2.25500e+02   3.00500e+02     1011.7       28.3   6.49700e+01   5.03700e-01     1           8.89900e+01   4.93600e+00  
     2022         3        22         0        48        46         47       7100       5362 1647910126.000   1647910126.000    6.30000e+02     180.00      45.00   2.25500e+02   3.00500e+02      969.3       27.6   2.17600e+01   1.69400e-01     1           6.79000e+01   3.93000e+00  
     2022         3        22         0        51        10         48       7100       5362 1647910270.000   1647910270.000    6.30000e+02     -90.00      45.00   2.25500e+02   3.00500e+02      934.6       22.5   5.70000e+00   4.05000e-02     1           9.25200e+01   4.54600e+00  
     2022         3        22         0        57        46         49       7100       5362 1647910666.000   1647910666.000    6.30000e+02       0.00      90.00   2.25500e+02   3.00500e+02      953.7       23.5           nan           nan     1           8.23400e+01   4.16300e+00  
     2022         3        22         1         0        10         50       7100       5362 1647910810.000   1647910810.000    6.30000e+02       0.00      45.00   2.33500e+02   3.08500e+02      900.0       16.8   7.20100e+01   4.71800e-01     1           1.30550e+02   5.06500e+00  
     2022         3        22         1         2        34         51       7100       5362 1647910954.000   1647910954.000    6.30000e+02      90.00      45.00   2.33500e+02   3.08500e+02     1059.6       36.7   6.93700e+01   6.67000e-01     2           7.11300e+01   4.80900e+00  
     2022         3        22         1         4        58         52       7100       5362 1647911098.000   1647911098.000    6.30000e+02     180.00      45.00   2.33500e+02   3.08500e+02     1000.4       34.1  -1.54700e+01   1.44800e-01     1           5.89500e+01   3.99000e+00  
     2022         3        22         1         7        22         53       7100       5362 1647911242.000   1647911242.000    6.30000e+02     -90.00      45.00   2.33500e+02   3.08500e+02      945.3       26.0   1.54000e+00   1.27000e-02     1           7.95200e+01   4.40800e+00  
     2022         3        22         1        10        22         54       7100       5362 1647911422.000   1647911422.000    6.30000e+02       0.00      90.00   2.33500e+02   3.08500e+02      934.1       26.5           nan           nan     1           6.57200e+01   3.80100e+00  
     2022         3        22         1        12        46         55       7100       5362 1647911566.000   1647911566.000    6.30000e+02       0.00      45.00   2.33500e+02   3.08500e+02      933.5       16.5   7.76800e+01   5.38100e-01     1           1.29620e+02   4.82900e+00  
     2022         3        22         1        17        34         56       7100       5362 1647911854.000   1647911854.000    6.30000e+02     180.00      45.00   2.33500e+02   3.08500e+02     1064.1       39.9  -3.03400e+01   3.24400e-01     2           5.75000e+01   4.22400e+00  
     2022         3        22         1        19        58         57       7100       5362 1647911998.000   1647911998.000    6.30000e+02     -90.00      45.00   2.33500e+02   3.08500e+02      979.2       23.7  -5.39300e+01   4.58600e-01     1           9.12000e+01   4.50000e+00  
     2022         3        22         1        25        58         58       7100       5362 1647912358.000   1647912358.000    6.30000e+02       0.00      90.00   2.33500e+02   3.08500e+02      981.4       31.3           nan           nan     1           6.32800e+01   4.03800e+00  
     2022         3        22         1        28        22         59       7100       5362 1647912502.000   1647912502.000    6.30000e+02       0.00      45.00   2.33500e+02   3.08500e+02      935.4       20.4   6.34200e+01   5.42400e-01     1           1.07250e+02   4.79500e+00  
     2022         3        22         1        33        46         60       7100       5362 1647912826.000   1647912826.000    6.30000e+02     180.00      45.00   2.33500e+02   3.08500e+02     1035.4       42.4  -6.93100e+01   8.45100e-01     2           4.96900e+01   3.97600e+00  
     2022         3        22         1        36        10         61       7100       5362 1647912970.000   1647912970.000    6.30000e+02     -90.00      45.00   2.33500e+02   3.08500e+02      921.5       24.8  -4.22300e+01   4.17100e-01     1           8.24000e+01   4.47800e+00  
     2022         3        22         1        38        34         62       7100       5362 1647913114.000   1647913114.000    6.30000e+02       0.00      90.00   2.33500e+02   3.08500e+02      932.8       35.6           nan           nan     1           4.12200e+01   3.17300e+00  
     2022         3        22         1        40        58         63       7100       5362 1647913258.000   1647913258.000    6.30000e+02       0.00      45.00   2.33500e+02   3.08500e+02      918.1       19.3   1.01020e+02   9.13800e-01     1           1.03420e+02   4.50700e+00  
     2022         3        22         1        45        46         64       7100       5362 1647913546.000   1647913546.000    6.30000e+02     180.00      45.00   2.33500e+02   3.08500e+02     1011.9       42.2  -4.33500e+01   5.36900e-01     2           4.52200e+01   3.70900e+00  
     2022         3        22         1        48        10         65       7100       5362 1647913690.000   1647913690.000    6.30000e+02     -90.00      45.00   2.33500e+02   3.08500e+02      910.6       23.2  -3.05700e+01   2.95100e-01     1           8.92200e+01   4.59800e+00  
     2022         3        22         1        54        46         66       7100       5362 1647914086.000   1647914086.000    6.30000e+02       0.00      90.00   2.33500e+02   3.08500e+02      900.0       34.3           nan           nan     1           4.19400e+01   3.22700e+00  
     2022         3        22         1        57        10         67       7100       5362 1647914230.000   1647914230.000    6.30000e+02       0.00      45.00   2.33500e+02   3.08500e+02      942.8       26.3   5.01700e+01   5.01300e-01     1           8.79200e+01   4.88000e+00  
     2022         3        22         2         1        58         68       7100       5362 1647914518.000   1647914518.000    6.30000e+02     180.00      45.00   2.39500e+02   3.14500e+02      945.5       36.7  -5.17900e+01   6.12400e-01     2           5.39800e+01   4.11200e+00  
     2022         3        22         2         4        22         69       7100       5362 1647914662.000   1647914662.000    6.30000e+02     -90.00      45.00   2.39500e+02   3.14500e+02      871.5       15.5  -8.79000e+01   7.17000e-01     1           1.24110e+02   4.67400e+00  
     2022         3        22         2         6        46         70       7100       5362 1647914806.000   1647914806.000    6.30000e+02       0.00      90.00   2.39500e+02   3.14500e+02      955.8       33.8           nan           nan     2           6.71500e+01   4.65200e+00  
     2022         3        22         2         9        46         71       7100       5362 1647914986.000   1647914986.000    6.30000e+02       0.00      45.00   2.39500e+02   3.14500e+02      949.6       27.8   3.07000e+01   3.11900e-01     2           9.28100e+01   5.33900e+00  
     2022         3        22         2        14        34         72       7100       5362 1647915274.000   1647915274.000    6.30000e+02     180.00      45.00   2.39500e+02   3.14500e+02     1034.6       44.5  -3.21900e+01   4.09600e-01     2           5.58300e+01   4.62400e+00  
     2022         3        22         2        16        58         73       7100       5362 1647915418.000   1647915418.000    6.30000e+02     -90.00      45.00   2.39500e+02   3.14500e+02      950.7       24.0  -2.77000e+01   2.58800e-01     1           9.81100e+01   4.96900e+00  
     2022         3        22         2        22        58         74       7100       5362 1647915778.000   1647915778.000    6.30000e+02       0.00      90.00   2.39500e+02   3.14500e+02      984.2       32.7           nan           nan     2           7.85600e+01   5.09200e+00  
     2022         3        22         2        25        22         75       7100       5362 1647915922.000   1647915922.000    6.30000e+02       0.00      45.00   2.39500e+02   3.14500e+02      987.2       42.2  -1.93200e+01   2.39800e-01     2           6.49700e+01   5.31200e+00  
     2022         3        22         2        27        46         76       7100       5362 1647916066.000   1647916066.000    6.30000e+02      90.00      45.00   2.39500e+02   3.14500e+02     1055.2       46.3   1.35000e+00   1.78000e-02     2           6.70400e+01   5.59900e+00  
     2022         3        22         2        30        10         77       7100       5362 1647916210.000   1647916210.000    6.30000e+02     180.00      45.00   2.39500e+02   3.14500e+02      992.8       40.8   3.10600e+01   3.92000e-01     2           6.01500e+01   4.77000e+00  
     2022         3        22         2        33        10         78       7100       5362 1647916390.000   1647916390.000    6.30000e+02     -90.00      45.00   2.39500e+02   3.14500e+02      982.4       39.2   3.08600e+01   3.85600e-01     2           6.25300e+01   4.82600e+00  
     2022         3        22         2        35        34         79       7100       5362 1647916534.000   1647916534.000    6.30000e+02       0.00      90.00   2.39500e+02   3.14500e+02      977.4       38.3           nan           nan     2           6.42000e+01   4.86800e+00  
     2022         3        22         2        37        58         80       7100       5362 1647916678.000   1647916678.000    6.30000e+02       0.00      45.00   2.39500e+02   3.14500e+02      972.1       41.7  -7.35000e+00   9.66000e-02     2           5.76600e+01   4.76600e+00  
     2022         3        22         2        40        22         81       7100       5362 1647916822.000   1647916822.000    6.30000e+02      90.00      45.00   2.39500e+02   3.14500e+02     1002.9       38.2   2.88500e+01   3.50500e-01     2           7.10100e+01   5.20900e+00  
     2022         3        22         2        42        46         82       7100       5362 1647916966.000   1647916966.000    6.30000e+02     180.00      45.00   2.39500e+02   3.14500e+02      976.1       40.8   2.74000e+01   3.44500e-01     2           5.51900e+01   4.46500e+00  
     2022         3        22         2        45        10         83       7100       5362 1647917110.000   1647917110.000    6.30000e+02     -90.00      45.00   2.39500e+02   3.14500e+02      975.0       41.4   7.11000e+00   9.08000e-02     2           5.71200e+01   4.67500e+00  
     2022         3        22         2        51        10         84       7100       5362 1647917470.000   1647917470.000    6.30000e+02       0.00      90.00   2.39500e+02   3.14500e+02      951.8       34.3           nan           nan     2           7.00700e+01   4.91100e+00  
     2022         3        22         2        53        34         85       7100       5362 1647917614.000   1647917614.000    6.30000e+02       0.00      45.00   2.39500e+02   3.14500e+02      979.6       47.1   7.56000e+00   1.04300e-01     2           5.27100e+01   4.84700e+00  
     2022         3        22         2        56        34         86       7100       5362 1647917794.000   1647917794.000    6.30000e+02      90.00      45.00   2.39500e+02   3.14500e+02      932.8       41.8   2.59200e+01   3.40900e-01     2           4.74400e+01   4.12300e+00  
     2022         3        22         2        58        58         87       7100       5362 1647917938.000   1647917938.000    6.30000e+02     180.00      45.00   2.42500e+02   3.17500e+02      906.0       41.4   2.41500e+01   3.30600e-01     2           4.43700e+01   3.94200e+00  
     2022         3        22         3         1        22         88       7100       5362 1647918082.000   1647918082.000    6.30000e+02     -90.00      45.00   2.42500e+02   3.17500e+02      991.4       49.6  -1.92000e+01   2.90300e-01     2           4.42000e+01   4.24600e+00  
     2022         3        22         3         3        46         89       7100       5362 1647918226.000   1647918226.000    6.30000e+02       0.00      90.00   2.42500e+02   3.17500e+02      994.7       41.2           nan           nan     2           5.47400e+01   4.40000e+00  
     2022         3        22         3         6        10         90       7100       5362 1647918370.000   1647918370.000    6.30000e+02       0.00      45.00   2.42500e+02   3.17500e+02     1076.3       59.2   4.67200e+01   7.57800e-01     2           4.36000e+01   4.55900e+00  
     2022         3        22         3         8        34         91       7100       5362 1647918514.000   1647918514.000    6.30000e+02      90.00      45.00   2.42500e+02   3.17500e+02      972.9       44.7   2.22600e+01   3.15300e-01     2           4.68900e+01   4.16500e+00  
     2022         3        22         3        10        58         92       7100       5362 1647918658.000   1647918658.000    6.30000e+02     180.00      45.00   2.42500e+02   3.17500e+02      998.9       43.4   2.28400e+01   3.16300e-01     2           5.16100e+01   4.34100e+00  
     2022         3        22         3        13        58         93       7100       5362 1647918838.000   1647918838.000    6.30000e+02     -90.00      45.00   2.42500e+02   3.17500e+02      977.6       48.0   2.72000e+01   4.05700e-01     2           4.43700e+01   4.19400e+00  
     2022         3        22         3        19        58         94       7100       5362 1647919198.000   1647919198.000    6.30000e+02       0.00      90.00   2.42500e+02   3.17500e+02      944.1       39.1           nan           nan     2           5.78300e+01   4.63300e+00  
     2022         3        22         3        22        22         95       7100       5362 1647919342.000   1647919342.000    6.30000e+02       0.00      45.00   2.42500e+02   3.17500e+02     1120.2       57.7   2.09100e+01   3.37900e-01     2           5.03800e+01   4.92100e+00  
     2022         3        22         3        24        46         96       7100       5362 1647919486.000   1647919486.000    6.30000e+02      90.00      45.00   2.42500e+02   3.17500e+02      984.5       42.9   4.66100e+01   7.03800e-01     2           5.36800e+01   4.51500e+00  
     2022         3        22         3        27        10         97       7100       5362 1647919630.000   1647919630.000    6.30000e+02     180.00      45.00   2.42500e+02   3.17500e+02      961.9       48.7   1.36200e+01   2.23500e-01     2           4.14900e+01   4.04700e+00  
     2022         3        22         3        29        34         98       7100       5362 1647919774.000   1647919774.000    6.30000e+02     -90.00      45.00   2.42500e+02   3.17500e+02     1083.7       62.9   4.58900e+01   8.50900e-01     2           3.95100e+01   4.35600e+00  
     2022         3        22         3        31        58         99       7100       5362 1647919918.000   1647919918.000    6.30000e+02       0.00      90.00   2.42500e+02   3.17500e+02      984.6       54.7           nan           nan     2           3.83900e+01   4.08000e+00  
     2022         3        22         3        37        22        100       7100       5362 1647920242.000   1647920242.000    6.30000e+02      90.00      45.00   2.42500e+02   3.17500e+02     1061.5       65.3   4.39900e+01   8.60900e-01     2           3.32200e+01   3.89200e+00  
     2022         3        22         3        39        46        101       7100       5362 1647920386.000   1647920386.000    6.30000e+02     180.00      45.00   2.42500e+02   3.17500e+02     1016.9       57.8   5.64800e+01   1.07870e+00     2           3.97700e+01   4.30500e+00  
     2022         3        22         3        52        58        102       7100       5362 1647921178.000   1647921178.000    6.30000e+02      90.00      45.00   2.42500e+02   3.17500e+02     1011.1       50.6   2.81200e+01   4.92400e-01     2           5.05700e+01   4.82000e+00  
     2022         3        22         3        55        22        103       7100       5362 1647921322.000   1647921322.000    6.30000e+02     180.00      45.00   2.42500e+02   3.17500e+02     1121.8       64.4   1.80100e+01   3.44700e-01     2           4.19300e+01   4.55900e+00  
     2022         3        22         4         0        46        104       7100       5362 1647921646.000   1647921646.000    6.30000e+02       0.00      90.00   2.42500e+02   3.17500e+02     1055.8       53.5           nan           nan     2           5.17500e+01   4.98300e+00  
     2022         3        22         4         7        58        105       7100       5362 1647922078.000   1647922078.000    6.30000e+02     180.00      45.00   2.42500e+02   3.17500e+02      998.0       39.5   1.66700e+01   2.36700e-01     2           7.49600e+01   5.67800e+00  
     2022         3        22         4        10        22        106       7100       5362 1647922222.000   1647922222.000    6.30000e+02     -90.00      45.00   2.42500e+02   3.17500e+02      969.6       32.1   1.12100e+01   1.39300e-01     2           8.74300e+01   5.61600e+00  
     2022         3        22         4        16        22        107       7100       5362 1647922582.000   1647922582.000    6.30000e+02       0.00      90.00   2.42500e+02   3.17500e+02     1018.9       34.4           nan           nan     2           1.09080e+02   7.01900e+00  
     2022         3        22         4        18        46        108       7100       5362 1647922726.000   1647922726.000    6.30000e+02       0.00      45.00   2.42500e+02   3.17500e+02      985.4       31.8   9.01000e+00   1.00200e-01     2           1.08140e+02   6.69100e+00  
     2022         3        22         4        24        10        109       7100       5362 1647923050.000   1647923050.000    6.30000e+02     180.00      45.00   2.42500e+02   3.17500e+02      965.7       30.7   2.67200e+01   2.97800e-01     2           8.95500e+01   5.53600e+00  
     2022         3        22         4        26        34        110       7100       5362 1647923194.000   1647923194.000    6.30000e+02     -90.00      45.00   2.42500e+02   3.17500e+02      951.8       22.8  -3.92000e+00   3.84000e-02     1           1.09130e+02   5.25000e+00  
     2022         3        22         4        28        58        111       7100       5362 1647923338.000   1647923338.000    6.30000e+02       0.00      90.00   2.42500e+02   3.17500e+02     1043.4       36.8           nan           nan     2           1.08770e+02   7.28400e+00  
     2022         3        22         4        31        22        112       7100       5362 1647923482.000   1647923482.000    6.30000e+02       0.00      45.00   2.42500e+02   3.17500e+02      967.1       21.4   4.90300e+01   4.72100e-01     2           1.68220e+02   7.28500e+00  
     2022         3        22         4        36        10        113       7100       5362 1647923770.000   1647923770.000    6.30000e+02     180.00      45.00   2.42500e+02   3.17500e+02     1002.3       34.0   2.32200e+01   2.67000e-01     2           8.84500e+01   5.78700e+00  
     2022         3        22         4        38        34        114       7100       5362 1647923914.000   1647923914.000    6.30000e+02     -90.00      45.00   2.42500e+02   3.17500e+02      968.4       24.1  -1.57500e+01   1.52300e-01     1           1.01520e+02   5.06800e+00  
     2022         3        22         4        45        10        115       7100       5362 1647924310.000   1647924310.000    6.30000e+02       0.00      90.00   2.42500e+02   3.17500e+02     1021.8       32.9           nan           nan     2           1.02880e+02   6.37400e+00  
     2022         3        22         4        47        34        116       7100       5362 1647924454.000   1647924454.000    6.30000e+02       0.00      45.00   2.42500e+02   3.17500e+02      943.4       16.4   2.42400e+01   2.00000e-01     2           1.87260e+02   6.60100e+00  
     2022         3        22         4        49        58        117       7100       5362 1647924598.000   1647924598.000    6.30000e+02      90.00      45.00   2.42500e+02   3.17500e+02     1029.1       30.0   3.63300e+01   3.84400e-01     2           1.23280e+02   6.91900e+00  
     2022         3        22         4        52        22        118       7100       5362 1647924742.000   1647924742.000    6.30000e+02     180.00      45.00   2.42500e+02   3.17500e+02      961.2       23.5  -4.05000e+00   3.82000e-02     1           7.93500e+01   4.00900e+00  
     2022         3        22         4        54        46        119       7100       5362 1647924886.000   1647924886.000    6.30000e+02     -90.00      45.00   2.42500e+02   3.17500e+02      955.4       19.2  -6.64000e+00   5.80000e-02     1           1.09210e+02   4.58300e+00  
     2022         3        22         4        57        46        120       7100       5362 1647925066.000   1647925066.000    6.30000e+02       0.00      90.00   2.42500e+02   3.17500e+02     1024.1       34.5           nan           nan     2           9.23300e+01   5.99700e+00  
     2022         3        22         5         0        10        121       7100       5362 1647925210.000   1647925210.000    6.30000e+02       0.00      45.00   2.39500e+02   3.14500e+02      926.1       15.4   2.75800e+01   2.28900e-01     1           1.82730e+02   6.24400e+00  
     2022         3        22         5         2        34        122       7100       5362 1647925354.000   1647925354.000    6.30000e+02      90.00      45.00   2.39500e+02   3.14500e+02      970.2       26.6   3.62400e+01   3.69900e-01     2           1.10860e+02   5.95200e+00  
     2022         3        22         5         4        58        123       7100       5362 1647925498.000   1647925498.000    6.30000e+02     180.00      45.00   2.39500e+02   3.14500e+02      989.3       28.4   2.69600e+01   2.76800e-01     1           6.50400e+01   3.79800e+00  
     2022         3        22         5         7        22        124       7100       5362 1647925642.000   1647925642.000    6.30000e+02     -90.00      45.00   2.39500e+02   3.14500e+02      945.0       17.6   2.42200e+01   2.06500e-01     1           1.05480e+02   4.19800e+00  
     2022         3        22         5        15        46        125       7100       5362 1647926146.000   1647926146.000    6.30000e+02       0.00      45.00   2.39500e+02   3.14500e+02      927.0       15.1   4.65800e+01   3.83000e-01     1           1.53070e+02   5.24600e+00  
     2022         3        22         5        18        10        126       7100       5362 1647926290.000   1647926290.000    6.30000e+02      90.00      45.00   2.39500e+02   3.14500e+02      947.6       24.8   3.54900e+01   3.52900e-01     1           9.95200e+01   5.18200e+00  
     2022         3        22         5        20        34        127       7100       5362 1647926434.000   1647926434.000    6.30000e+02     180.00      45.00   2.39500e+02   3.14500e+02      980.0       30.9   4.02000e+00   4.33000e-02     1           5.72100e+01   3.64700e+00  
     2022         3        22         5        23        34        128       7100       5362 1647926614.000   1647926614.000    6.30000e+02     -90.00      45.00   2.39500e+02   3.14500e+02      944.3       18.8   2.31500e+01   2.04200e-01     1           1.03100e+02   4.31800e+00  
     2022         3        22         5        28        22        129       7100       5362 1647926902.000   1647926902.000    6.30000e+02       0.00      45.00   2.39500e+02   3.14500e+02      920.8       16.3   3.12200e+01   2.64700e-01     1           1.32520e+02   4.92800e+00  
     2022         3        22         5        30        46        130       7100       5362 1647927046.000   1647927046.000    6.30000e+02      90.00      45.00   2.39500e+02   3.14500e+02      924.0       25.6   2.87200e+01   2.92900e-01     1           8.87500e+01   4.89400e+00  
     2022         3        22         5        33        10        131       7100       5362 1647927190.000   1647927190.000    6.30000e+02     180.00      45.00   2.39500e+02   3.14500e+02      960.3       30.0  -1.20600e+01   1.29100e-01     1           5.87100e+01   3.70900e+00  
     2022         3        22         5        35        34        132       7100       5362 1647927334.000   1647927334.000    6.30000e+02     -90.00      45.00   2.39500e+02   3.14500e+02      917.0       18.3  -1.30800e+01   1.15200e-01     1           9.99800e+01   4.21200e+00  
     2022         3        22         5        43        58        133       7100       5362 1647927838.000   1647927838.000    6.30000e+02       0.00      45.00   2.39500e+02   3.14500e+02      947.9       21.6   2.51600e+01   2.40000e-01     1           1.24960e+02   5.70200e+00  
     2022         3        22         5        46        58        134       7100       5362 1647928018.000   1647928018.000    6.30000e+02      90.00      45.00   2.39500e+02   3.14500e+02      927.9       24.6   2.65700e+01   2.68100e-01     1           8.71300e+01   4.64700e+00  
     2022         3        22         5        49        22        135       7100       5362 1647928162.000   1647928162.000    6.30000e+02     180.00      45.00   2.39500e+02   3.14500e+02      939.5       28.6  -6.61000e+00   7.04000e-02     1           6.22100e+01   3.83500e+00  
     2022         3        22         5        51        46        136       7100       5362 1647928306.000   1647928306.000    6.30000e+02     -90.00      45.00   2.39500e+02   3.14500e+02      941.9       19.2  -2.00300e+01   1.80700e-01     1           1.00900e+02   4.31100e+00  
     2022         3        22         5        56        34        137       7100       5362 1647928594.000   1647928594.000    6.30000e+02       0.00      45.00   2.39500e+02   3.14500e+02      955.9       24.9   9.00000e+00   9.19000e-02     2           1.22490e+02   6.24800e+00  
     2022         3        22         5        58        58        138       7100       5362 1647928738.000   1647928738.000    6.30000e+02      90.00      45.00   2.37500e+02   3.12500e+02      990.5       37.0  -2.07000e+00   2.53000e-02     2           8.55700e+01   6.10900e+00  
     2022         3        22         6         1        22        139       7100       5362 1647928882.000   1647928882.000    6.30000e+02     180.00      45.00   2.37500e+02   3.12500e+02     1053.4       44.9  -2.64500e+01   3.61400e-01     2           6.87000e+01   5.57700e+00  
     2022         3        22         6         4        22        140       7100       5362 1647929062.000   1647929062.000    6.30000e+02     -90.00      45.00   2.37500e+02   3.12500e+02     1044.7       39.8  -4.03100e+01   5.10000e-01     2           8.42200e+01   6.12000e+00  
     2022         3        22         6        12        46        141       7100       5362 1647929566.000   1647929566.000    6.30000e+02       0.00      45.00   2.37500e+02   3.12500e+02      885.6       17.4   2.52000e+00   2.26000e-02     1           1.21640e+02   4.94400e+00  
     2022         3        22         6        15        10        142       7100       5362 1647929710.000   1647929710.000    6.30000e+02      90.00      45.00   2.37500e+02   3.12500e+02      903.8       19.3   3.62800e+01   3.36400e-01     1           1.05020e+02   4.62300e+00  
     2022         3        22         6        17        34        143       7100       5362 1647929854.000   1647929854.000    6.30000e+02     180.00      45.00   2.37500e+02   3.12500e+02      927.5       24.4   2.79100e+01   2.82900e-01     1           8.20600e+01   4.37500e+00  
     2022         3        22         6        19        58        144       7100       5362 1647929998.000   1647929998.000    6.30000e+02     -90.00      45.00   2.37500e+02   3.12500e+02      926.9       17.2  -2.15700e+01   1.90000e-01     1           1.20990e+02   4.71200e+00  
     2022         3        22         6        24        46        145       7100       5362 1647930286.000   1647930286.000    6.30000e+02       0.00      45.00   2.37500e+02   3.12500e+02      883.5       17.0  -4.88000e+00   4.36000e-02     1           1.22940e+02   4.92000e+00  
     2022         3        22         6        27        46        146       7100       5362 1647930466.000   1647930466.000    6.30000e+02      90.00      45.00   2.37500e+02   3.12500e+02      890.1       18.9   4.15300e+01   3.85900e-01     1           1.07580e+02   4.71700e+00  
     2022         3        22         6        30        10        147       7100       5362 1647930610.000   1647930610.000    6.30000e+02     180.00      45.00   2.37500e+02   3.12500e+02      884.5       21.3   1.69800e+01   1.65000e-01     1           9.22800e+01   4.53900e+00  
     2022         3        22         6        32        34        148       7100       5362 1647930754.000   1647930754.000    6.30000e+02     -90.00      45.00   2.37500e+02   3.12500e+02      926.6       19.0  -2.71700e+01   2.52700e-01     1           1.32000e+02   5.50900e+00  
     2022         3        22         6        40        58        149       7100       5362 1647931258.000   1647931258.000    6.30000e+02       0.00      45.00   2.37500e+02   3.12500e+02      935.8       28.0  -1.48300e+01   1.64900e-01     2           1.09450e+02   6.33900e+00  
     2022         3        22         6        43        22        150       7100       5362 1647931402.000   1647931402.000    6.30000e+02      90.00      45.00   2.37500e+02   3.12500e+02      935.5       26.4   2.13800e+01   2.28800e-01     2           9.64300e+01   5.36500e+00  
     2022         3        22         6        45        46        151       7100       5362 1647931546.000   1647931546.000    6.30000e+02     180.00      45.00   2.37500e+02   3.12500e+02      913.6       20.4   2.79900e+01   2.68600e-01     1           1.06770e+02   4.87100e+00  
     2022         3        22         6        48        10        152       7100       5362 1647931690.000   1647931690.000    6.30000e+02     -90.00      45.00   2.37500e+02   3.12500e+02      912.5       19.1  -2.03500e+01   1.91600e-01     1           1.32910e+02   5.62200e+00  
     2022         3        22         6        53        34        153       7100       5362 1647932014.000   1647932014.000    6.30000e+02       0.00      45.00   2.37500e+02   3.12500e+02     1013.0       34.5  -1.90200e+01   2.30000e-01     2           1.00030e+02   6.52100e+00  
     2022         3        22         6        55        58        154       7100       5362 1647932158.000   1647932158.000    6.30000e+02      90.00      45.00   2.37500e+02   3.12500e+02      901.9       24.3   2.77800e+01   2.91000e-01     1           9.08300e+01   4.89200e+00  
     2022         3        22         6        58        22        155       7100       5362 1647932302.000   1647932302.000    6.30000e+02     180.00      45.00   2.37500e+02   3.12500e+02      941.7       26.7   2.74900e+01   2.97200e-01     2           9.84300e+01   5.48200e+00  
     2022         3        22         7         0        46        156       7100       5362 1647932446.000   1647932446.000    6.30000e+02     -90.00      45.00   2.38500e+02   3.13500e+02      965.4       27.0  -1.45500e+01   1.58000e-01     2           1.18810e+02   6.45400e+00  
     2022         3        22         7         9        46        157       7100       5362 1647932986.000   1647932986.000    6.30000e+02       0.00      45.00   2.38500e+02   3.13500e+02      912.8       26.5  -1.83300e+01   1.99000e-01     2           8.66700e+01   4.98100e+00  
     2022         3        22         7        12        10        158       7100       5362 1647933130.000   1647933130.000    6.30000e+02      90.00      45.00   2.38500e+02   3.13500e+02      874.7       21.6   5.39700e+01   5.40200e-01     1           7.80400e+01   3.98200e+00  
     2022         3        22         7        14        34        159       7100       5362 1647933274.000   1647933274.000    6.30000e+02     180.00      45.00   2.38500e+02   3.13500e+02      917.7       25.4   3.42000e+01   3.64100e-01     1           8.78600e+01   4.84400e+00  
     2022         3        22         7        16        58        160       7100       5362 1647933418.000   1647933418.000    6.30000e+02     -90.00      45.00   2.38500e+02   3.13500e+02      908.6       22.0  -1.88200e+01   1.90200e-01     2           1.17430e+02   5.66600e+00  
     2022         3        22         7        24        10        161       7100       5362 1647933850.000   1647933850.000    6.30000e+02      90.00      45.00   2.38500e+02   3.13500e+02      887.6       22.3   6.46000e+01   6.49200e-01     1           7.10500e+01   3.72300e+00  
     2022         3        22         7        27        10        162       7100       5362 1647934030.000   1647934030.000    6.30000e+02     180.00      45.00   2.38500e+02   3.13500e+02      882.3       22.2   4.66100e+01   4.75500e-01     1           8.26500e+01   4.25900e+00  
     2022         3        22         7        29        34        163       7100       5362 1647934174.000   1647934174.000    6.30000e+02     -90.00      45.00   2.38500e+02   3.13500e+02      893.5       20.4  -2.20600e+01   2.16900e-01     1           1.08350e+02   5.01900e+00  
     2022         3        22         7        37        58        164       7100       5362 1647934678.000   1647934678.000    6.30000e+02       0.00      45.00   2.38500e+02   3.13500e+02      871.7       24.3  -1.18200e+01   1.25500e-01     1           6.48300e+01   3.71400e+00  
     2022         3        22         7        40        22        165       7100       5362 1647934822.000   1647934822.000    6.30000e+02      90.00      45.00   2.38500e+02   3.13500e+02      857.9       21.5   5.30100e+01   5.30800e-01     1           6.72200e+01   3.53300e+00  
     2022         3        22         7        42        46        166       7100       5362 1647934966.000   1647934966.000    6.30000e+02     180.00      45.00   2.38500e+02   3.13500e+02      854.7       20.4   5.85100e+01   5.80600e-01     1           8.28900e+01   4.09400e+00  
     2022         3        22         7        45        10        167       7100       5362 1647935110.000   1647935110.000    6.30000e+02     -90.00      45.00   2.38500e+02   3.13500e+02      909.5       26.8  -3.16200e+01   3.50700e-01     2           8.48100e+01   4.94700e+00  
     2022         3        22         7        50        34        168       7100       5362 1647935434.000   1647935434.000    6.30000e+02       0.00      45.00   2.38500e+02   3.13500e+02      883.7       27.0  -1.74400e+01   1.94200e-01     1           5.69600e+01   3.55600e+00  
     2022         3        22         7        52        58        169       7100       5362 1647935578.000   1647935578.000    6.30000e+02      90.00      45.00   2.38500e+02   3.13500e+02      850.7       20.5   4.77200e+01   4.72400e-01     1           6.97200e+01   3.54800e+00  
     2022         3        22         7        55        22        170       7100       5362 1647935722.000   1647935722.000    6.30000e+02     180.00      45.00   2.38500e+02   3.13500e+02      891.2       20.9   5.64700e+01   5.62600e-01     1           8.51500e+01   4.13500e+00  
     2022         3        22         7        57        46        171       7100       5362 1647935866.000   1647935866.000    6.30000e+02     -90.00      45.00   2.38500e+02   3.13500e+02      938.4       32.9  -6.19300e+01   7.59700e-01     2           7.50200e+01   5.11400e+00  
     2022         3        22         8         6        10        172       7100       5362 1647936370.000   1647936370.000    6.30000e+02       0.00      45.00   2.36500e+02   3.11500e+02      878.9       25.3  -1.79100e+01   1.95000e-01     1           6.20200e+01   3.66500e+00  
     2022         3        22         8         8        34        173       7100       5362 1647936514.000   1647936514.000    6.30000e+02      90.00      45.00   2.36500e+02   3.11500e+02      841.7       16.5   5.18000e+01   4.84600e-01     1           1.07430e+02   4.43300e+00  
     2022         3        22         8        10        58        174       7100       5362 1647936658.000   1647936658.000    6.30000e+02     180.00      45.00   2.36500e+02   3.11500e+02      880.6       20.8   5.34300e+01   5.39500e-01     1           9.65300e+01   4.65300e+00  
     2022         3        22         8        13        22        175       7100       5362 1647936802.000   1647936802.000    6.30000e+02     -90.00      45.00   2.36500e+02   3.11500e+02     1028.5       38.3  -5.94100e+01   7.76100e-01     2           8.44000e+01   6.01200e+00  
     2022         3        22         8        16        22        176       7100       5362 1647936982.000   1647936982.000    6.30000e+02       0.00      90.00   2.36500e+02   3.11500e+02     1011.3       37.7           nan           nan     2           7.92900e+01   5.68100e+00  
     2022         3        22         8        18        46        177       7100       5362 1647937126.000   1647937126.000    6.30000e+02       0.00      45.00   2.36500e+02   3.11500e+02      946.7       23.4  -2.04300e+01   2.15500e-01     2           1.13420e+02   5.56700e+00  
     2022         3        22         8        21        10        178       7100       5362 1647937270.000   1647937270.000    6.30000e+02      90.00      45.00   2.36500e+02   3.11500e+02     1000.3       16.4   5.12400e+01   4.73900e-01     2           2.99680e+02   9.63000e+00  
     2022         3        22         8        23        34        179       7100       5362 1647937414.000   1647937414.000    6.30000e+02     180.00      45.00   2.36500e+02   3.11500e+02     1065.3       23.1   7.02000e+01   7.23400e-01     2           2.10040e+02   8.78700e+00  
