   YEAR     MONTH      DAY       HOUR      MIN       SEC       RECNO     KINDAT      KINST       UT1_UNIX        UT2_UNIX        WAVLEN        AZM        ELM         ALTB          ALTE         TN         DTN        VNHLU         DVNHLU     FPI_DATAQUAL      RLE           DRLE     
     2022         3        29        22        28        22          0       7100       5362 1648592902.000   1648592902.000    6.30000e+02       0.00      90.00   2.34500e+02   3.09500e+02     1055.9        6.7           nan           nan     1           5.04510e+02   7.57400e+00  
     2022         3        29        22        33        46          1       7100       5362 1648593226.000   1648593226.000    6.30000e+02      90.00      45.00   2.34500e+02   3.09500e+02     1035.3        6.8   9.38200e+01   1.78600e-01     1           4.73990e+02   7.34900e+00  
     2022         3        29        22        36        10          2       7100       5362 1648593370.000   1648593370.000    6.30000e+02     180.00      45.00   2.34500e+02   3.09500e+02     1047.2        6.9   3.40600e+01   6.59000e-02     1           4.74730e+02   7.36500e+00  
     2022         3        29        22        40        58          3       7100       5362 1648593658.000   1648593658.000    6.30000e+02       0.00      90.00   2.34500e+02   3.09500e+02     1052.5        7.7           nan           nan     1           3.88810e+02   6.71100e+00  
     2022         3        29        22        43        22          4       7100       5362 1648593802.000   1648593802.000    6.30000e+02       0.00      45.00   2.34500e+02   3.09500e+02     1043.4        6.3  -2.58400e+01   5.02000e-02     1           5.65150e+02   8.04400e+00  
     2022         3        29        22        45        46          5       7100       5362 1648593946.000   1648593946.000    6.30000e+02      90.00      45.00   2.34500e+02   3.09500e+02     1032.3        7.7   1.05230e+02   2.29500e-01     1           3.72360e+02   6.57500e+00  
     2022         3        29        22        48        10          6       7100       5362 1648594090.000   1648594090.000    6.30000e+02     180.00      45.00   2.34500e+02   3.09500e+02     1048.6        7.8   2.75400e+01   6.10000e-02     1           3.78630e+02   6.64300e+00  
     2022         3        29        22        51        10          7       7100       5362 1648594270.000   1648594270.000    6.30000e+02     -90.00      45.00   2.34500e+02   3.09500e+02     1062.5        6.6  -8.89500e+01   1.82900e-01     1           5.42340e+02   7.90600e+00  
     2022         3        29        22        57        10          8       7100       5362 1648594630.000   1648594630.000    6.30000e+02       0.00      90.00   2.34500e+02   3.09500e+02     1028.5        8.8           nan           nan     1           2.91860e+02   5.85400e+00  
     2022         3        29        22        59        34          9       7100       5362 1648594774.000   1648594774.000    6.30000e+02       0.00      45.00   2.41500e+02   3.16500e+02     1041.7        7.1  -1.84000e+01   4.12000e-02     1           4.46130e+02   7.20300e+00  
     2022         3        29        23         1        58         10       7100       5362 1648594918.000   1648594918.000    6.30000e+02      90.00      45.00   2.41500e+02   3.16500e+02     1031.0        9.1   1.12590e+02   2.89400e-01     1           2.79750e+02   5.77100e+00  
     2022         3        29        23         4        58         11       7100       5362 1648595098.000   1648595098.000    6.30000e+02     180.00      45.00   2.41500e+02   3.16500e+02     1029.2        8.9   1.95000e+01   5.00000e-02     1           2.91980e+02   5.88700e+00  
     2022         3        29        23         7        22         12       7100       5362 1648595242.000   1648595242.000    6.30000e+02     -90.00      45.00   2.41500e+02   3.16500e+02     1036.5        7.4  -9.38700e+01   2.22800e-01     1           4.11080e+02   6.93600e+00  
     2022         3        29        23         9        46         13       7100       5362 1648595386.000   1648595386.000    6.30000e+02       0.00      90.00   2.41500e+02   3.16500e+02     1025.7        9.8           nan           nan     0           2.43330e+02   5.40800e+00  
     2022         3        29        23        12        10         14       7100       5362 1648595530.000   1648595530.000    6.30000e+02       0.00      45.00   2.41500e+02   3.16500e+02     1027.8        7.6   1.03900e+01   2.55000e-02     1           3.92770e+02   6.79400e+00  
     2022         3        29        23        14        34         15       7100       5362 1648595674.000   1648595674.000    6.30000e+02      90.00      45.00   2.41500e+02   3.16500e+02     1017.9        9.7   1.17720e+02   3.28100e-01     0           2.46390e+02   5.47100e+00  
     2022         3        29        23        16        58         16       7100       5362 1648595818.000   1648595818.000    6.30000e+02     180.00      45.00   2.41500e+02   3.16500e+02     1026.0        9.6   1.40800e+01   3.90000e-02     0           2.53020e+02   5.51800e+00  
     2022         3        29        23        19        22         17       7100       5362 1648595962.000   1648595962.000    6.30000e+02     -90.00      45.00   2.41500e+02   3.16500e+02     1037.4        8.1  -9.48500e+01   2.42900e-01     1           3.60730e+02   6.57000e+00  
     2022         3        29        23        25        58         18       7100       5362 1648596358.000   1648596358.000    6.30000e+02       0.00      90.00   2.41500e+02   3.16500e+02     1022.6       10.5           nan           nan     0           2.17590e+02   5.17800e+00  
     2022         3        29        23        28        22         19       7100       5362 1648596502.000   1648596502.000    6.30000e+02       0.00      45.00   2.41500e+02   3.16500e+02     1025.9        8.0   8.07000e+00   2.09000e-02     1           3.59330e+02   6.53000e+00  
     2022         3        29        23        30        46         20       7100       5362 1648596646.000   1648596646.000    6.30000e+02      90.00      45.00   2.41500e+02   3.16500e+02     1016.5       10.4   1.09530e+02   3.22400e-01     0           2.19750e+02   5.18800e+00  
     2022         3        29        23        33        10         21       7100       5362 1648596790.000   1648596790.000    6.30000e+02     180.00      45.00   2.41500e+02   3.16500e+02     1016.7       10.2  -8.20000e+00   2.39000e-02     0           2.27370e+02   5.27800e+00  
     2022         3        29        23        35        34         22       7100       5362 1648596934.000   1648596934.000    6.30000e+02     -90.00      45.00   2.41500e+02   3.16500e+02     1032.8        8.1  -1.08890e+02   2.81000e-01     1           3.60470e+02   6.56000e+00  
     2022         3        29        23        38        34         23       7100       5362 1648597114.000   1648597114.000    6.30000e+02       0.00      90.00   2.41500e+02   3.16500e+02     1017.4       10.4           nan           nan     0           2.16400e+02   5.11900e+00  
     2022         3        29        23        40        58         24       7100       5362 1648597258.000   1648597258.000    6.30000e+02       0.00      45.00   2.41500e+02   3.16500e+02     1022.1        8.0   2.12700e+01   5.51000e-02     1           3.56340e+02   6.51800e+00  
     2022         3        29        23        43        22         25       7100       5362 1648597402.000   1648597402.000    6.30000e+02      90.00      45.00   2.41500e+02   3.16500e+02     1004.1       10.7   1.11280e+02   3.34000e-01     0           2.03330e+02   5.00200e+00  
     2022         3        29        23        45        46         26       7100       5362 1648597546.000   1648597546.000    6.30000e+02     180.00      45.00   2.41500e+02   3.16500e+02      999.4       10.7  -1.45800e+01   4.38000e-02     0           2.03100e+02   5.01300e+00  
     2022         3        29        23        48        10         27       7100       5362 1648597690.000   1648597690.000    6.30000e+02     -90.00      45.00   2.41500e+02   3.16500e+02     1028.4        7.9  -1.03080e+02   2.67300e-01     1           3.68020e+02   6.62800e+00  
     2022         3        29        23        54        10         28       7100       5362 1648598050.000   1648598050.000    6.30000e+02       0.00      90.00   2.41500e+02   3.16500e+02     1006.1       10.5           nan           nan     0           2.07580e+02   5.03000e+00  
     2022         3        29        23        56        34         29       7100       5362 1648598194.000   1648598194.000    6.30000e+02       0.00      45.00   2.41500e+02   3.16500e+02     1013.1        7.8   2.51500e+01   6.52000e-02     1           3.65970e+02   6.58400e+00  
     2022         3        29        23        59        34         30       7100       5362 1648598374.000   1648598374.000    6.30000e+02      90.00      45.00   2.49500e+02   3.24500e+02      999.5       10.4   1.08860e+02   3.25500e-01     0           2.07760e+02   5.03700e+00  
     2022         3        30         0         1        58         31       7100       5362 1648598518.000   1648598518.000    6.30000e+02     180.00      45.00   2.49500e+02   3.24500e+02      996.8       10.3  -1.21200e+01   3.56000e-02     0           2.18810e+02   5.20000e+00  
     2022         3        30         0         4        22         32       7100       5362 1648598662.000   1648598662.000    6.30000e+02     -90.00      45.00   2.49500e+02   3.24500e+02     1007.9        8.0  -1.03590e+02   2.66300e-01     1           3.51620e+02   6.50000e+00  
     2022         3        30         0         6        46         33       7100       5362 1648598806.000   1648598806.000    6.30000e+02       0.00      90.00   2.49500e+02   3.24500e+02      993.1       10.0           nan           nan     0           2.23910e+02   5.21400e+00  
     2022         3        30         0         9        10         34       7100       5362 1648598950.000   1648598950.000    6.30000e+02       0.00      45.00   2.49500e+02   3.24500e+02      999.3        7.6   3.09700e+01   7.77000e-02     1           3.64360e+02   6.52700e+00  
     2022         3        30         0        11        34         35       7100       5362 1648599094.000   1648599094.000    6.30000e+02      90.00      45.00   2.49500e+02   3.24500e+02      983.7        9.7   1.18970e+02   3.36400e-01     0           2.31220e+02   5.30700e+00  
     2022         3        30         0        13        58         36       7100       5362 1648599238.000   1648599238.000    6.30000e+02     180.00      45.00   2.49500e+02   3.24500e+02      950.7        9.3  -1.40000e+01   3.90000e-02     1           2.35750e+02   5.36300e+00  
     2022         3        30         0        16        58         37       7100       5362 1648599418.000   1648599418.000    6.30000e+02     -90.00      45.00   2.49500e+02   3.24500e+02      994.2        7.6  -1.09950e+02   2.72900e-01     1           3.68250e+02   6.59800e+00  
     2022         3        30         0        22        58         38       7100       5362 1648599778.000   1648599778.000    6.30000e+02       0.00      90.00   2.49500e+02   3.24500e+02      985.2        9.5           nan           nan     0           2.41420e+02   5.42300e+00  
     2022         3        30         0        25        22         39       7100       5362 1648599922.000   1648599922.000    6.30000e+02       0.00      45.00   2.49500e+02   3.24500e+02      979.5        7.0   2.53900e+01   6.03000e-02     1           4.13680e+02   6.94000e+00  
     2022         3        30         0        27        46         40       7100       5362 1648600066.000   1648600066.000    6.30000e+02      90.00      45.00   2.49500e+02   3.24500e+02      973.5        9.3   1.11780e+02   3.04000e-01     1           2.42460e+02   5.39200e+00  
     2022         3        30         0        30        10         41       7100       5362 1648600210.000   1648600210.000    6.30000e+02     180.00      45.00   2.49500e+02   3.24500e+02      962.9        9.9  -2.70500e+01   7.62000e-02     0           2.15220e+02   5.14300e+00  
     2022         3        30         0        32        34         42       7100       5362 1648600354.000   1648600354.000    6.30000e+02     -90.00      45.00   2.49500e+02   3.24500e+02      991.7        7.3  -1.06560e+02   2.55000e-01     1           3.90960e+02   6.77700e+00  
     2022         3        30         0        34        58         43       7100       5362 1648600498.000   1648600498.000    6.30000e+02       0.00      90.00   2.49500e+02   3.24500e+02      960.0        9.2           nan           nan     0           2.36340e+02   5.29000e+00  
     2022         3        30         0        37        58         44       7100       5362 1648600678.000   1648600678.000    6.30000e+02       0.00      45.00   2.49500e+02   3.24500e+02      968.0        6.9   3.37900e+01   8.02000e-02     1           4.00510e+02   6.79300e+00  
     2022         3        30         0        40        22         45       7100       5362 1648600822.000   1648600822.000    6.30000e+02      90.00      45.00   2.49500e+02   3.24500e+02      961.4        9.2   1.10870e+02   3.00200e-01     1           2.41800e+02   5.38400e+00  
     2022         3        30         0        42        46         46       7100       5362 1648600966.000   1648600966.000    6.30000e+02     180.00      45.00   2.49500e+02   3.24500e+02      958.4        9.8  -1.37100e+01   3.85000e-02     0           2.19570e+02   5.18600e+00  
     2022         3        30         0        45        10         47       7100       5362 1648601110.000   1648601110.000    6.30000e+02     -90.00      45.00   2.49500e+02   3.24500e+02      978.4        7.3  -9.06400e+01   2.20600e-01     1           3.87610e+02   6.76800e+00  
     2022         3        30         0        51        10         48       7100       5362 1648601470.000   1648601470.000    6.30000e+02       0.00      90.00   2.49500e+02   3.24500e+02      960.0        9.4           nan           nan     0           2.28500e+02   5.23700e+00  
     2022         3        30         0        53        34         49       7100       5362 1648601614.000   1648601614.000    6.30000e+02       0.00      45.00   2.49500e+02   3.24500e+02      960.4        7.2   4.58600e+01   1.13100e-01     1           3.73020e+02   6.61200e+00  
     2022         3        30         0        55        58         50       7100       5362 1648601758.000   1648601758.000    6.30000e+02      90.00      45.00   2.49500e+02   3.24500e+02      939.8        9.0   1.11050e+02   3.06200e-01     0           2.38690e+02   5.34900e+00  
     2022         3        30         0        58        22         51       7100       5362 1648601902.000   1648601902.000    6.30000e+02     180.00      45.00   2.49500e+02   3.24500e+02      944.7        9.6  -2.19200e+01   6.22000e-02     0           2.21520e+02   5.21600e+00  
     2022         3        30         1         1        22         52       7100       5362 1648602082.000   1648602082.000    6.30000e+02     -90.00      45.00   2.56500e+02   3.31500e+02      951.8        7.4  -1.00620e+02   2.50200e-01     1           3.61490e+02   6.57200e+00  
     2022         3        30         1         3        46         53       7100       5362 1648602226.000   1648602226.000    6.30000e+02       0.00      90.00   2.56500e+02   3.31500e+02      957.4        9.4           nan           nan     0           2.28660e+02   5.25100e+00  
     2022         3        30         1         6        10         54       7100       5362 1648602370.000   1648602370.000    6.30000e+02       0.00      45.00   2.56500e+02   3.31500e+02      949.3        7.4   4.21300e+01   1.04600e-01     1           3.47920e+02   6.38000e+00  
     2022         3        30         1         8        34         55       7100       5362 1648602514.000   1648602514.000    6.30000e+02      90.00      45.00   2.56500e+02   3.31500e+02      943.0        9.4   1.05410e+02   2.94800e-01     0           2.25680e+02   5.22500e+00  
     2022         3        30         1        10        58         56       7100       5362 1648602658.000   1648602658.000    6.30000e+02     180.00      45.00   2.56500e+02   3.31500e+02      948.1        9.6  -1.69700e+01   4.76000e-02     0           2.19940e+02   5.16600e+00  
     2022         3        30         1        13        22         57       7100       5362 1648602802.000   1648602802.000    6.30000e+02     -90.00      45.00   2.56500e+02   3.31500e+02      960.4        7.3  -9.47600e+01   2.30800e-01     1           3.72010e+02   6.60600e+00  
     2022         3        30         1        19        22         58       7100       5362 1648603162.000   1648603162.000    6.30000e+02       0.00      90.00   2.56500e+02   3.31500e+02      938.6        9.2           nan           nan     0           2.26400e+02   5.19400e+00  
     2022         3        30         1        21        46         59       7100       5362 1648603306.000   1648603306.000    6.30000e+02       0.00      45.00   2.56500e+02   3.31500e+02      934.7        7.3   5.04500e+01   1.24900e-01     1           3.44910e+02   6.34900e+00  
     2022         3        30         1        24        46         60       7100       5362 1648603486.000   1648603486.000    6.30000e+02      90.00      45.00   2.56500e+02   3.31500e+02      934.6        9.8   1.02530e+02   2.94900e-01     0           2.03120e+02   4.95300e+00  
     2022         3        30         1        27        10         61       7100       5362 1648603630.000   1648603630.000    6.30000e+02     180.00      45.00   2.56500e+02   3.31500e+02      928.6       10.0  -3.34100e+01   9.75000e-02     0           1.96880e+02   4.90200e+00  
     2022         3        30         1        29        34         62       7100       5362 1648603774.000   1648603774.000    6.30000e+02     -90.00      45.00   2.56500e+02   3.31500e+02      946.8        7.2  -9.00800e+01   2.26000e-01     1           3.68860e+02   6.58600e+00  
     2022         3        30         1        31        58         63       7100       5362 1648603918.000   1648603918.000    6.30000e+02       0.00      90.00   2.56500e+02   3.31500e+02      924.7        9.8           nan           nan     0           1.97470e+02   4.86300e+00  
     2022         3        30         1        34        22         64       7100       5362 1648604062.000   1648604062.000    6.30000e+02       0.00      45.00   2.56500e+02   3.31500e+02      931.8        7.6   5.74100e+01   1.50600e-01     1           3.23880e+02   6.18000e+00  
     2022         3        30         1        36        46         65       7100       5362 1648604206.000   1648604206.000    6.30000e+02      90.00      45.00   2.56500e+02   3.31500e+02      932.8       10.4   1.04380e+02   3.21000e-01     0           1.83590e+02   4.75100e+00  
     2022         3        30         1        39        46         66       7100       5362 1648604386.000   1648604386.000    6.30000e+02     180.00      45.00   2.56500e+02   3.31500e+02      937.0       10.8  -1.99000e+01   6.25000e-02     0           1.76300e+02   4.69400e+00  
     2022         3        30         1        42        10         67       7100       5362 1648604530.000   1648604530.000    6.30000e+02     -90.00      45.00   2.56500e+02   3.31500e+02      932.1        7.4  -8.68100e+01   2.29400e-01     1           3.39980e+02   6.34600e+00  
     2022         3        30         1        48        10         68       7100       5362 1648604890.000   1648604890.000    6.30000e+02       0.00      90.00   2.56500e+02   3.31500e+02      925.2       10.4           nan           nan     0           1.76010e+02   4.61600e+00  
     2022         3        30         1        50        34         69       7100       5362 1648605034.000   1648605034.000    6.30000e+02       0.00      45.00   2.56500e+02   3.31500e+02      928.1        8.3   5.46400e+01   1.56800e-01     1           2.72490e+02   5.68900e+00  
     2022         3        30         1        52        58         70       7100       5362 1648605178.000   1648605178.000    6.30000e+02      90.00      45.00   2.56500e+02   3.31500e+02      935.0       11.2   1.01160e+02   3.38800e-01     0           1.63430e+02   4.50100e+00  
     2022         3        30         1        55        22         71       7100       5362 1648605322.000   1648605322.000    6.30000e+02     180.00      45.00   2.56500e+02   3.31500e+02      924.1       11.7  -3.96300e+01   1.37400e-01     0           1.53070e+02   4.43900e+00  
     2022         3        30         1        57        46         72       7100       5362 1648605466.000   1648605466.000    6.30000e+02     -90.00      45.00   2.56500e+02   3.31500e+02      923.8        8.0  -8.79100e+01   2.59400e-01     1           2.87530e+02   5.85200e+00  
     2022         3        30         2         0        10         73       7100       5362 1648605610.000   1648605610.000    6.30000e+02       0.00      90.00   2.67500e+02   3.42500e+02      903.1       11.5           nan           nan     0           1.45950e+02   4.27900e+00  
     2022         3        30         2         3        10         74       7100       5362 1648605790.000   1648605790.000    6.30000e+02       0.00      45.00   2.67500e+02   3.42500e+02      919.7        8.7   6.37600e+01   2.00000e-01     0           2.45910e+02   5.43000e+00  
     2022         3        30         2         5        34         75       7100       5362 1648605934.000   1648605934.000    6.30000e+02      90.00      45.00   2.67500e+02   3.42500e+02      901.7       11.7   9.49300e+01   3.47700e-01     0           1.39950e+02   4.18500e+00  
     2022         3        30         2         7        58         76       7100       5362 1648606078.000   1648606078.000    6.30000e+02     180.00      45.00   2.67500e+02   3.42500e+02      916.7       12.3  -2.41400e+01   9.08000e-02     0           1.37620e+02   4.20700e+00  
     2022         3        30         2        10        22         77       7100       5362 1648606222.000   1648606222.000    6.30000e+02     -90.00      45.00   2.67500e+02   3.42500e+02      906.0        8.6  -8.77000e+01   2.80800e-01     0           2.49200e+02   5.48400e+00  
     2022         3        30         2        16        22         78       7100       5362 1648606582.000   1648606582.000    6.30000e+02       0.00      90.00   2.67500e+02   3.42500e+02      918.0       12.8           nan           nan     0           1.27200e+02   4.04100e+00  
     2022         3        30         2        18        46         79       7100       5362 1648606726.000   1648606726.000    6.30000e+02       0.00      45.00   2.67500e+02   3.42500e+02      908.6        9.3   6.29700e+01   2.15300e-01     0           2.10260e+02   5.03600e+00  
     2022         3        30         2        21        10         80       7100       5362 1648606870.000   1648606870.000    6.30000e+02      90.00      45.00   2.67500e+02   3.42500e+02      900.7       13.7   7.84700e+01   3.26500e-01     0           1.11160e+02   3.84100e+00  
     2022         3        30         2        23        34         81       7100       5362 1648607014.000   1648607014.000    6.30000e+02     180.00      45.00   2.67500e+02   3.42500e+02      911.9       14.2  -4.51000e+01   1.91400e-01     0           1.11210e+02   3.89100e+00  
     2022         3        30         2        26        34         82       7100       5362 1648607194.000   1648607194.000    6.30000e+02     -90.00      45.00   2.67500e+02   3.42500e+02      913.1        9.7  -7.27300e+01   2.57400e-01     0           2.09130e+02   5.12800e+00  
     2022         3        30         2        28        58         83       7100       5362 1648607338.000   1648607338.000    6.30000e+02       0.00      90.00   2.67500e+02   3.42500e+02      905.3       13.3           nan           nan     0           1.13420e+02   3.81000e+00  
     2022         3        30         2        31        22         84       7100       5362 1648607482.000   1648607482.000    6.30000e+02       0.00      45.00   2.67500e+02   3.42500e+02      915.6       10.2   6.93800e+01   2.54800e-01     0           1.84820e+02   4.76200e+00  
     2022         3        30         2        33        46         85       7100       5362 1648607626.000   1648607626.000    6.30000e+02      90.00      45.00   2.67500e+02   3.42500e+02      918.2       15.3   8.46200e+01   3.83300e-01     0           9.54600e+01   3.58800e+00  
     2022         3        30         2        36        10         86       7100       5362 1648607770.000   1648607770.000    6.30000e+02     180.00      45.00   2.67500e+02   3.42500e+02      918.9       15.7  -4.58600e+01   2.11500e-01     0           9.38100e+01   3.59500e+00  
     2022         3        30         2        38        34         87       7100       5362 1648607914.000   1648607914.000    6.30000e+02     -90.00      45.00   2.67500e+02   3.42500e+02      899.4       10.5  -7.26500e+01   2.81900e-01     0           1.77280e+02   4.74600e+00  
     2022         3        30         2        45        10         88       7100       5362 1648608310.000   1648608310.000    6.30000e+02       0.00      90.00   2.67500e+02   3.42500e+02      908.6       15.0           nan           nan     0           9.50900e+01   3.55300e+00  
     2022         3        30         2        47        34         89       7100       5362 1648608454.000   1648608454.000    6.30000e+02       0.00      45.00   2.67500e+02   3.42500e+02      904.6       11.4   6.45300e+01   2.71100e-01     0           1.59680e+02   4.56800e+00  
     2022         3        30         2        49        58         90       7100       5362 1648608598.000   1648608598.000    6.30000e+02      90.00      45.00   2.67500e+02   3.42500e+02      908.6       17.4   7.89900e+01   4.14000e-01     0           7.67700e+01   3.28200e+00  
     2022         3        30         2        52        22         91       7100       5362 1648608742.000   1648608742.000    6.30000e+02     180.00      45.00   2.67500e+02   3.42500e+02      892.2       18.1  -4.62700e+01   2.52500e-01     0           7.35600e+01   3.29000e+00  
     2022         3        30         2        54        46         92       7100       5362 1648608886.000   1648608886.000    6.30000e+02     -90.00      45.00   2.67500e+02   3.42500e+02      904.2       11.9  -7.08900e+01   3.18500e-01     0           1.43780e+02   4.31200e+00  
     2022         3        30         2        57        10         93       7100       5362 1648609030.000   1648609030.000    6.30000e+02       0.00      90.00   2.67500e+02   3.42500e+02      909.9       17.3           nan           nan     0           7.76800e+01   3.30200e+00  
     2022         3        30         2        59        34         94       7100       5362 1648609174.000   1648609174.000    6.30000e+02       0.00      45.00   2.73500e+02   3.48500e+02      907.1       12.1   7.93900e+01   3.72000e-01     0           1.39420e+02   4.24500e+00  
     2022         3        30         3         2        34         95       7100       5362 1648609354.000   1648609354.000    6.30000e+02      90.00      45.00   2.73500e+02   3.48500e+02      939.1       21.0   7.43900e+01   4.55900e-01     0           6.23200e+01   3.05900e+00  
     2022         3        30         3         4        58         96       7100       5362 1648609498.000   1648609498.000    6.30000e+02     180.00      45.00   2.73500e+02   3.48500e+02      928.5       20.7  -5.06100e+01   3.13300e-01     0           6.22100e+01   3.04500e+00  
     2022         3        30         3         7        22         97       7100       5362 1648609642.000   1648609642.000    6.30000e+02     -90.00      45.00   2.73500e+02   3.48500e+02      932.8       13.2  -5.74300e+01   2.91100e-01     0           1.27550e+02   4.09800e+00  
     2022         3        30         3        13        22         98       7100       5362 1648610002.000   1648610002.000    6.30000e+02       0.00      90.00   2.73500e+02   3.48500e+02      921.0       20.5           nan           nan     0           6.00300e+01   2.95700e+00  
     2022         3        30         3        15        46         99       7100       5362 1648610146.000   1648610146.000    6.30000e+02       0.00      45.00   2.73500e+02   3.48500e+02      930.4       14.2   6.67200e+01   3.70500e-01     0           1.14440e+02   3.92300e+00  
     2022         3        30         3        18        10        100       7100       5362 1648610290.000   1648610290.000    6.30000e+02      90.00      45.00   2.73500e+02   3.48500e+02      941.7       22.7   6.09200e+01   4.32100e-01     0           5.55900e+01   2.92600e+00  
     2022         3        30         3        20        34        101       7100       5362 1648610434.000   1648610434.000    6.30000e+02     180.00      45.00   2.73500e+02   3.48500e+02      924.7       25.5  -7.09100e+01   5.49600e-01     0           4.71300e+01   2.79000e+00  
     2022         3        30         3        23        34        102       7100       5362 1648610614.000   1648610614.000    6.30000e+02     -90.00      45.00   2.73500e+02   3.48500e+02      925.0       15.5  -7.27200e+01   4.49500e-01     0           9.98800e+01   3.73100e+00  
     2022         3        30         3        25        58        103       7100       5362 1648610758.000   1648610758.000    6.30000e+02       0.00      90.00   2.73500e+02   3.48500e+02      922.7       24.9           nan           nan     0           4.56000e+01   2.67400e+00  
     2022         3        30         3        28        22        104       7100       5362 1648610902.000   1648610902.000    6.30000e+02       0.00      45.00   2.73500e+02   3.48500e+02      922.9       15.3   6.98600e+01   4.48800e-01     0           9.73100e+01   3.63700e+00  
     2022         3        30         3        30        46        105       7100       5362 1648611046.000   1648611046.000    6.30000e+02      90.00      45.00   2.73500e+02   3.48500e+02      904.9       22.5   6.33600e+01   4.89300e-01     0           5.09600e+01   2.77900e+00  
     2022         3        30         3        33        10        106       7100       5362 1648611190.000   1648611190.000    6.30000e+02     180.00      45.00   2.73500e+02   3.48500e+02      944.3       30.9  -7.15100e+01   6.44900e-01     0           3.75500e+01   2.59700e+00  
     2022         3        30         3        35        34        107       7100       5362 1648611334.000   1648611334.000    6.30000e+02     -90.00      45.00   2.73500e+02   3.48500e+02      892.8       16.9  -6.43700e+01   4.49600e-01     0           8.12700e+01   3.40900e+00  
     2022         3        30         3        41        34        108       7100       5362 1648611694.000   1648611694.000    6.30000e+02       0.00      90.00   2.73500e+02   3.48500e+02      917.0       28.3           nan           nan     0           3.70200e+01   2.45900e+00  
     2022         3        30         3        43        58        109       7100       5362 1648611838.000   1648611838.000    6.30000e+02       0.00      45.00   2.73500e+02   3.48500e+02      944.5       18.1   6.37100e+01   4.64300e-01     0           7.96000e+01   3.37700e+00  
     2022         3        30         3        46        58        110       7100       5362 1648612018.000   1648612018.000    6.30000e+02      90.00      45.00   2.73500e+02   3.48500e+02      937.0       25.7   6.78800e+01   5.79500e-01     0           4.80600e+01   2.82500e+00  
     2022         3        30         3        49        22        111       7100       5362 1648612162.000   1648612162.000    6.30000e+02     180.00      45.00   2.73500e+02   3.48500e+02      948.3       31.7  -5.44600e+01   5.16700e-01     0           3.69500e+01   2.59700e+00  
     2022         3        30         3        51        46        112       7100       5362 1648612306.000   1648612306.000    6.30000e+02     -90.00      45.00   2.73500e+02   3.48500e+02      921.8       18.0  -4.72400e+01   3.42200e-01     0           7.68100e+01   3.32700e+00  
     2022         3        30         3        54        10        113       7100       5362 1648612450.000   1648612450.000    6.30000e+02       0.00      90.00   2.73500e+02   3.48500e+02      912.0       27.2           nan           nan     0           3.85400e+01   2.48600e+00  
     2022         3        30         3        56        34        114       7100       5362 1648612594.000   1648612594.000    6.30000e+02       0.00      45.00   2.73500e+02   3.48500e+02      944.4       16.9   6.31200e+01   4.38400e-01     0           8.57600e+01   3.43600e+00  
     2022         3        30         3        58        58        115       7100       5362 1648612738.000   1648612738.000    6.30000e+02      90.00      45.00   2.70500e+02   3.45500e+02      922.5       24.9   5.33200e+01   4.37900e-01     0           4.79100e+01   2.78600e+00  
     2022         3        30         4         1        22        116       7100       5362 1648612882.000   1648612882.000    6.30000e+02     180.00      45.00   2.70500e+02   3.45500e+02      935.0       30.9  -5.73900e+01   5.31100e-01     0           3.73200e+01   2.60000e+00  
     2022         3        30         4         4        22        117       7100       5362 1648613062.000   1648613062.000    6.30000e+02     -90.00      45.00   2.70500e+02   3.45500e+02      939.2       18.2  -4.43900e+01   3.09900e-01     0           7.85400e+01   3.37100e+00  
     2022         3        30         4        10        22        118       7100       5362 1648613422.000   1648613422.000    6.30000e+02       0.00      90.00   2.70500e+02   3.45500e+02      917.0       24.7           nan           nan     0           4.66100e+01   2.72300e+00  
     2022         3        30         4        12        46        119       7100       5362 1648613566.000   1648613566.000    6.30000e+02       0.00      45.00   2.70500e+02   3.45500e+02      918.2       14.9   5.48000e+01   3.44100e-01     0           9.99700e+01   3.65200e+00  
     2022         3        30         4        15        10        120       7100       5362 1648613710.000   1648613710.000    6.30000e+02      90.00      45.00   2.70500e+02   3.45500e+02      937.1       23.9   5.78500e+01   4.47900e-01     0           5.11900e+01   2.83100e+00  
     2022         3        30         4        17        34        121       7100       5362 1648613854.000   1648613854.000    6.30000e+02     180.00      45.00   2.70500e+02   3.45500e+02      966.9       29.8  -4.16700e+01   3.55900e-01     0           4.15800e+01   2.71300e+00  
     2022         3        30         4        19        58        122       7100       5362 1648613998.000   1648613998.000    6.30000e+02     -90.00      45.00   2.70500e+02   3.45500e+02      931.5       16.9  -4.61300e+01   3.01200e-01     0           8.60400e+01   3.47500e+00  
     2022         3        30         4        22        22        123       7100       5362 1648614142.000   1648614142.000    6.30000e+02       0.00      90.00   2.70500e+02   3.45500e+02      943.2       24.7           nan           nan     0           4.89800e+01   2.77700e+00  
     2022         3        30         4        24        46        124       7100       5362 1648614286.000   1648614286.000    6.30000e+02       0.00      45.00   2.70500e+02   3.45500e+02      931.3       14.4   6.39300e+01   3.88700e-01     0           1.10220e+02   3.84100e+00  
     2022         3        30         4        27        46        125       7100       5362 1648614466.000   1648614466.000    6.30000e+02      90.00      45.00   2.70500e+02   3.45500e+02      948.9       23.0   5.80900e+01   4.31600e-01     0           5.42200e+01   2.87300e+00  
     2022         3        30         4        30        10        126       7100       5362 1648614610.000   1648614610.000    6.30000e+02     180.00      45.00   2.70500e+02   3.45500e+02      975.8       29.5  -3.19500e+01   2.68800e-01     0           4.27000e+01   2.73600e+00  
     2022         3        30         4        32        34        127       7100       5362 1648614754.000   1648614754.000    6.30000e+02     -90.00      45.00   2.70500e+02   3.45500e+02      940.3       16.2  -4.35900e+01   2.72000e-01     0           9.56800e+01   3.67000e+00  
     2022         3        30         4        38        34        128       7100       5362 1648615114.000   1648615114.000    6.30000e+02       0.00      90.00   2.70500e+02   3.45500e+02      947.0       23.2           nan           nan     0           5.21300e+01   2.79600e+00  
     2022         3        30         4        40        58        129       7100       5362 1648615258.000   1648615258.000    6.30000e+02       0.00      45.00   2.70500e+02   3.45500e+02      943.3       13.8   4.91100e+01   2.81900e-01     0           1.19820e+02   3.98100e+00  
     2022         3        30         4        43        22        130       7100       5362 1648615402.000   1648615402.000    6.30000e+02      90.00      45.00   2.70500e+02   3.45500e+02      952.6       21.0   5.56200e+01   3.83600e-01     0           6.45800e+01   3.11800e+00  
     2022         3        30         4        45        46        131       7100       5362 1648615546.000   1648615546.000    6.30000e+02     180.00      45.00   2.70500e+02   3.45500e+02      957.1       25.5  -3.45300e+01   2.61500e-01     0           4.87200e+01   2.80100e+00  
     2022         3        30         4        48        46        132       7100       5362 1648615726.000   1648615726.000    6.30000e+02     -90.00      45.00   2.70500e+02   3.45500e+02      933.1       14.4  -5.16800e+01   2.96600e-01     0           1.10410e+02   3.84200e+00  
     2022         3        30         4        51        10        133       7100       5362 1648615870.000   1648615870.000    6.30000e+02       0.00      90.00   2.70500e+02   3.45500e+02      934.4       22.1           nan           nan     0           5.55500e+01   2.88700e+00  
     2022         3        30         4        53        34        134       7100       5362 1648616014.000   1648616014.000    6.30000e+02       0.00      45.00   2.70500e+02   3.45500e+02      953.3       13.8   3.68800e+01   2.06000e-01     0           1.21080e+02   3.98800e+00  
     2022         3        30         4        55        58        135       7100       5362 1648616158.000   1648616158.000    6.30000e+02      90.00      45.00   2.70500e+02   3.45500e+02      947.1       19.2   6.02000e+01   3.86100e-01     0           7.41700e+01   3.31100e+00  
     2022         3        30         4        58        22        136       7100       5362 1648616302.000   1648616302.000    6.30000e+02     180.00      45.00   2.70500e+02   3.45500e+02      968.6       25.0  -3.78700e+01   2.74700e-01     0           5.45800e+01   3.01500e+00  
     2022         3        30         5         0        46        137       7100       5362 1648616446.000   1648616446.000    6.30000e+02     -90.00      45.00   2.64500e+02   3.39500e+02      944.6       13.8  -4.62300e+01   2.51300e-01     0           1.21290e+02   4.02000e+00  
     2022         3        30         5         7        22        138       7100       5362 1648616842.000   1648616842.000    6.30000e+02       0.00      90.00   2.64500e+02   3.39500e+02      960.8       20.4           nan           nan     0           6.46700e+01   3.04800e+00  
     2022         3        30         5         9        46        139       7100       5362 1648616986.000   1648616986.000    6.30000e+02       0.00      45.00   2.64500e+02   3.39500e+02      946.8       13.0   2.72800e+01   1.40400e-01     0           1.31170e+02   4.10800e+00  
     2022         3        30         5        12        10        140       7100       5362 1648617130.000   1648617130.000    6.30000e+02      90.00      45.00   2.64500e+02   3.39500e+02      968.2       17.7   4.66300e+01   2.72600e-01     0           8.55200e+01   3.47800e+00  
     2022         3        30         5        14        34        141       7100       5362 1648617274.000   1648617274.000    6.30000e+02     180.00      45.00   2.64500e+02   3.39500e+02      943.4       20.9  -8.09900e+01   5.17200e-01     0           6.59900e+01   3.18400e+00  
     2022         3        30         5        16        58        142       7100       5362 1648617418.000   1648617418.000    6.30000e+02     -90.00      45.00   2.64500e+02   3.39500e+02      945.4       12.7  -5.23300e+01   2.59300e-01     0           1.36720e+02   4.20200e+00  
     2022         3        30         5        19        58        143       7100       5362 1648617598.000   1648617598.000    6.30000e+02       0.00      90.00   2.64500e+02   3.39500e+02      946.9       18.9           nan           nan     0           7.27100e+01   3.21500e+00  
     2022         3        30         5        22        22        144       7100       5362 1648617742.000   1648617742.000    6.30000e+02       0.00      45.00   2.64500e+02   3.39500e+02      950.5       12.9   1.46700e+01   7.15000e-02     0           1.39920e+02   4.30500e+00  
     2022         3        30         5        24        46        145       7100       5362 1648617886.000   1648617886.000    6.30000e+02      90.00      45.00   2.64500e+02   3.39500e+02      959.1       16.3   3.93300e+01   2.10500e-01     0           9.52200e+01   3.62900e+00  
     2022         3        30         5        27        10        146       7100       5362 1648618030.000   1648618030.000    6.30000e+02     180.00      45.00   2.64500e+02   3.39500e+02      944.3       17.9  -1.96800e+01   1.08700e-01     0           7.86900e+01   3.33000e+00  
     2022         3        30         5        29        34        147       7100       5362 1648618174.000   1648618174.000    6.30000e+02     -90.00      45.00   2.64500e+02   3.39500e+02      962.3       12.4  -4.84200e+01   2.20000e-01     0           1.48790e+02   4.36900e+00  
     2022         3        30         5        35        34        148       7100       5362 1648618534.000   1648618534.000    6.30000e+02       0.00      90.00   2.64500e+02   3.39500e+02      957.3       16.1           nan           nan     0           9.35200e+01   3.55000e+00  
     2022         3        30         5        37        58        149       7100       5362 1648618678.000   1648618678.000    6.30000e+02       0.00      45.00   2.64500e+02   3.39500e+02      950.0       12.0  -2.72000e+00   1.18000e-02     0           1.51280e+02   4.37700e+00  
     2022         3        30         5        40        22        150       7100       5362 1648618822.000   1648618822.000    6.30000e+02      90.00      45.00   2.64500e+02   3.39500e+02      946.8       14.6   3.89100e+01   1.82600e-01     0           1.12960e+02   3.92100e+00  
     2022         3        30         5        43        22        151       7100       5362 1648619002.000   1648619002.000    6.30000e+02     180.00      45.00   2.64500e+02   3.39500e+02      952.5       15.4  -8.20000e-01   3.90000e-03     0           1.03010e+02   3.73800e+00  
     2022         3        30         5        45        46        152       7100       5362 1648619146.000   1648619146.000    6.30000e+02     -90.00      45.00   2.64500e+02   3.39500e+02      950.6       11.8  -4.00600e+01   1.67200e-01     0           1.59420e+02   4.52500e+00  
     2022         3        30         5        48        10        153       7100       5362 1648619290.000   1648619290.000    6.30000e+02       0.00      90.00   2.64500e+02   3.39500e+02      953.1       14.9           nan           nan     0           1.05610e+02   3.74000e+00  
     2022         3        30         5        50        34        154       7100       5362 1648619434.000   1648619434.000    6.30000e+02       0.00      45.00   2.64500e+02   3.39500e+02      934.0       12.4  -3.69000e+00   1.56000e-02     0           1.41180e+02   4.26900e+00  
     2022         3        30         5        52        58        155       7100       5362 1648619578.000   1648619578.000    6.30000e+02      90.00      45.00   2.64500e+02   3.39500e+02      919.6       14.8   2.34300e+01   1.09300e-01     0           1.04210e+02   3.77200e+00  
     2022         3        30         5        55        22        156       7100       5362 1648619722.000   1648619722.000    6.30000e+02     180.00      45.00   2.64500e+02   3.39500e+02      944.9       15.0   9.17000e+00   4.24000e-02     0           1.04890e+02   3.75700e+00  
     2022         3        30         5        57        46        157       7100       5362 1648619866.000   1648619866.000    6.30000e+02     -90.00      45.00   2.64500e+02   3.39500e+02      959.5       11.4  -3.28300e+01   1.32600e-01     0           1.71160e+02   4.66000e+00  
     2022         3        30         6         3        46        158       7100       5362 1648620226.000   1648620226.000    6.30000e+02       0.00      90.00   2.57500e+02   3.32500e+02      928.6       14.6           nan           nan     0           1.03290e+02   3.68400e+00  
     2022         3        30         6         6        46        159       7100       5362 1648620406.000   1648620406.000    6.30000e+02       0.00      45.00   2.57500e+02   3.32500e+02      907.8       13.9  -1.85500e+01   8.52000e-02     0           1.11740e+02   3.86600e+00  
     2022         3        30         6         9        10        160       7100       5362 1648620550.000   1648620550.000    6.30000e+02      90.00      45.00   2.57500e+02   3.32500e+02      914.7       14.6   3.64000e+01   1.73300e-01     0           1.07260e+02   3.83500e+00  
     2022         3        30         6        11        34        161       7100       5362 1648620694.000   1648620694.000    6.30000e+02     180.00      45.00   2.57500e+02   3.32500e+02      925.7       13.1   1.79300e+01   8.16000e-02     0           1.25010e+02   4.03100e+00  
     2022         3        30         6        13        58        162       7100       5362 1648620838.000   1648620838.000    6.30000e+02     -90.00      45.00   2.57500e+02   3.32500e+02      926.3       11.5  -4.41100e+01   1.93700e-01     0           1.58290e+02   4.50300e+00  
     2022         3        30         6        16        22        163       7100       5362 1648620982.000   1648620982.000    6.30000e+02       0.00      90.00   2.57500e+02   3.32500e+02      930.8       16.8           nan           nan     0           8.67600e+01   3.49100e+00  
     2022         3        30         6        18        46        164       7100       5362 1648621126.000   1648621126.000    6.30000e+02       0.00      45.00   2.57500e+02   3.32500e+02      914.5       16.9  -1.58600e+01   8.70000e-02     0           8.53600e+01   3.49900e+00  
     2022         3        30         6        21        46        165       7100       5362 1648621306.000   1648621306.000    6.30000e+02      90.00      45.00   2.57500e+02   3.32500e+02      898.1       17.3   3.20600e+01   1.82800e-01     0           7.84900e+01   3.35000e+00  
     2022         3        30         6        24        10        166       7100       5362 1648621450.000   1648621450.000    6.30000e+02     180.00      45.00   2.57500e+02   3.32500e+02      921.4       15.4   2.26100e+01   1.22500e-01     0           9.81400e+01   3.67200e+00  
     2022         3        30         6        26        34        167       7100       5362 1648621594.000   1648621594.000    6.30000e+02     -90.00      45.00   2.57500e+02   3.32500e+02      923.9       14.1  -3.02800e+01   1.61100e-01     0           1.13860e+02   3.91700e+00  
     2022         3        30         6        32        34        168       7100       5362 1648621954.000   1648621954.000    6.30000e+02       0.00      90.00   2.57500e+02   3.32500e+02      905.8       20.4           nan           nan     0           6.05100e+01   3.00100e+00  
     2022         3        30         6        34        58        169       7100       5362 1648622098.000   1648622098.000    6.30000e+02       0.00      45.00   2.57500e+02   3.32500e+02      902.1       22.8  -1.21400e+01   8.86000e-02     0           5.55900e+01   3.02500e+00  
     2022         3        30         6        37        22        170       7100       5362 1648622242.000   1648622242.000    6.30000e+02      90.00      45.00   2.57500e+02   3.32500e+02      908.8       22.9   2.84900e+01   2.11900e-01     0           5.08000e+01   2.79700e+00  
     2022         3        30         6        39        46        171       7100       5362 1648622386.000   1648622386.000    6.30000e+02     180.00      45.00   2.57500e+02   3.32500e+02      903.0       20.3   4.01800e+01   2.88400e-01     0           6.05600e+01   3.00000e+00  
     2022         3        30         6        42        10        172       7100       5362 1648622530.000   1648622530.000    6.30000e+02     -90.00      45.00   2.57500e+02   3.32500e+02      915.0       23.7  -1.09700e+01   8.67000e-02     0           5.12800e+01   2.86700e+00  
     2022         3        30         6        45        10        173       7100       5362 1648622710.000   1648622710.000    6.30000e+02       0.00      90.00   2.57500e+02   3.32500e+02      895.8       25.6           nan           nan     0           4.28700e+01   2.64300e+00  
     2022         3        30         6        47        34        174       7100       5362 1648622854.000   1648622854.000    6.30000e+02       0.00      45.00   2.57500e+02   3.32500e+02      945.6       27.4  -9.14000e+00   8.07000e-02     0           4.53300e+01   2.79900e+00  
     2022         3        30         6        49        58        175       7100       5362 1648622998.000   1648622998.000    6.30000e+02      90.00      45.00   2.57500e+02   3.32500e+02      919.2       24.9   4.86700e+01   4.15900e-01     0           4.89700e+01   2.84500e+00  
     2022         3        30         6        52        22        176       7100       5362 1648623142.000   1648623142.000    6.30000e+02     180.00      45.00   2.57500e+02   3.32500e+02      891.4       21.2   4.50200e+01   3.66300e-01     0           5.66200e+01   2.94100e+00  
     2022         3        30         6        54        46        177       7100       5362 1648623286.000   1648623286.000    6.30000e+02     -90.00      45.00   2.57500e+02   3.32500e+02      916.6       22.1  -3.35000e+01   2.81100e-01     0           5.66200e+01   2.96800e+00  
     2022         3        30         7         0        46        178       7100       5362 1648623646.000   1648623646.000    6.30000e+02       0.00      90.00   2.53500e+02   3.28500e+02      897.5       31.2           nan           nan     0           3.29200e+01   2.42200e+00  
     2022         3        30         7         3        10        179       7100       5362 1648623790.000   1648623790.000    6.30000e+02       0.00      45.00   2.53500e+02   3.28500e+02      914.7       30.2  -1.59500e+01   1.66400e-01     0           3.55900e+01   2.49800e+00  
     2022         3        30         7         5        34        180       7100       5362 1648623934.000   1648623934.000    6.30000e+02      90.00      45.00   2.53500e+02   3.28500e+02      875.9       27.2   5.10800e+01   5.25700e-01     0           3.96500e+01   2.62100e+00  
     2022         3        30         7         8        34        181       7100       5362 1648624114.000   1648624114.000    6.30000e+02     180.00      45.00   2.53500e+02   3.28500e+02      886.0       26.3   5.67500e+01   5.82600e-01     0           4.08600e+01   2.60200e+00  
     2022         3        30         7        10        58        182       7100       5362 1648624258.000   1648624258.000    6.30000e+02     -90.00      45.00   2.53500e+02   3.28500e+02      930.8       27.1  -2.59700e+01   2.71500e-01     0           4.37200e+01   2.72300e+00  
     2022         3        30         7        13        22        183       7100       5362 1648624402.000   1648624402.000    6.30000e+02       0.00      90.00   2.53500e+02   3.28500e+02      908.4       37.1           nan           nan     0           2.68800e+01   2.28900e+00  
     2022         3        30         7        15        46        184       7100       5362 1648624546.000   1648624546.000    6.30000e+02       0.00      45.00   2.53500e+02   3.28500e+02      906.6       33.1  -1.61900e+01   1.94100e-01     0           3.22100e+01   2.46700e+00  
     2022         3        30         7        18        10        185       7100       5362 1648624690.000   1648624690.000    6.30000e+02      90.00      45.00   2.53500e+02   3.28500e+02      905.5       31.3   5.42400e+01   6.37400e-01     0           3.38400e+01   2.47200e+00  
     2022         3        30         7        20        34        186       7100       5362 1648624834.000   1648624834.000    6.30000e+02     180.00      45.00   2.53500e+02   3.28500e+02      925.4       30.1   4.84600e+01   5.55900e-01     0           3.72700e+01   2.56700e+00  
     2022         3        30         7        22        58        187       7100       5362 1648624978.000   1648624978.000    6.30000e+02     -90.00      45.00   2.53500e+02   3.28500e+02      907.0       29.4  -3.78800e+01   4.37300e-01     0           3.77800e+01   2.59400e+00  
     2022         3        30         7        29        34        188       7100       5362 1648625374.000   1648625374.000    6.30000e+02       0.00      90.00   2.53500e+02   3.28500e+02      908.4       40.2           nan           nan     0           2.42600e+01   2.22100e+00  
     2022         3        30         7        31        58        189       7100       5362 1648625518.000   1648625518.000    6.30000e+02       0.00      45.00   2.53500e+02   3.28500e+02      928.6       34.8  -3.15600e+01   3.96200e-01     0           3.03700e+01   2.38500e+00  
     2022         3        30         7        34        22        190       7100       5362 1648625662.000   1648625662.000    6.30000e+02      90.00      45.00   2.53500e+02   3.28500e+02      935.1       33.6   5.09100e+01   6.33500e-01     0           3.20400e+01   2.42400e+00  
     2022         3        30         7        36        46        191       7100       5362 1648625806.000   1648625806.000    6.30000e+02     180.00      45.00   2.53500e+02   3.28500e+02      889.2       30.1   3.17800e+01   3.81000e-01     0           3.45800e+01   2.47900e+00  
     2022         3        30         7        39        10        192       7100       5362 1648625950.000   1648625950.000    6.30000e+02     -90.00      45.00   2.53500e+02   3.28500e+02      890.1       30.1  -6.37400e+01   7.68200e-01     0           3.50200e+01   2.50400e+00  
     2022         3        30         7        41        34        193       7100       5362 1648626094.000   1648626094.000    6.30000e+02       0.00      90.00   2.53500e+02   3.28500e+02      853.8       38.6           nan           nan     0           2.33200e+01   2.18300e+00  
     2022         3        30         7        43        58        194       7100       5362 1648626238.000   1648626238.000    6.30000e+02       0.00      45.00   2.53500e+02   3.28500e+02      879.5       33.0  -3.93900e+01   4.89800e-01     0           2.98800e+01   2.35600e+00  
     2022         3        30         7        46        58        195       7100       5362 1648626418.000   1648626418.000    6.30000e+02      90.00      45.00   2.53500e+02   3.28500e+02      882.4       29.3   4.79300e+01   5.60400e-01     0           3.79200e+01   2.65000e+00  
     2022         3        30         7        49        22        196       7100       5362 1648626562.000   1648626562.000    6.30000e+02     180.00      45.00   2.53500e+02   3.28500e+02      853.5       28.7   4.86000e+01   5.60000e-01     0           3.51400e+01   2.50200e+00  
     2022         3        30         7        51        46        197       7100       5362 1648626706.000   1648626706.000    6.30000e+02     -90.00      45.00   2.53500e+02   3.28500e+02      911.5       31.7  -3.54900e+01   4.19800e-01     0           3.58500e+01   2.60700e+00  
     2022         3        30         7        57        46        198       7100       5362 1648627066.000   1648627066.000    6.30000e+02       0.00      90.00   2.53500e+02   3.28500e+02      927.2       36.4           nan           nan     0           2.93200e+01   2.39400e+00  
     2022         3        30         8         0        10        199       7100       5362 1648627210.000   1648627210.000    6.30000e+02       0.00      45.00   2.50500e+02   3.25500e+02      875.4       29.4   4.59000e+00   4.98000e-02     0           3.61000e+01   2.56000e+00  
     2022         3        30         8         2        34        200       7100       5362 1648627354.000   1648627354.000    6.30000e+02      90.00      45.00   2.50500e+02   3.25500e+02      902.0       26.7   4.67600e+01   4.67500e-01     0           4.38600e+01   2.76100e+00  
     2022         3        30         8         4        58        201       7100       5362 1648627498.000   1648627498.000    6.30000e+02     180.00      45.00   2.50500e+02   3.25500e+02      860.9       27.9   4.23800e+01   4.31600e-01     0           3.74100e+01   2.57500e+00  
     2022         3        30         8         7        22        202       7100       5362 1648627642.000   1648627642.000    6.30000e+02     -90.00      45.00   2.50500e+02   3.25500e+02      881.7       29.6  -1.04000e+01   1.04900e-01     0           3.91700e+01   2.75100e+00  
     2022         3        30         8        10        22        203       7100       5362 1648627822.000   1648627822.000    6.30000e+02       0.00      90.00   2.50500e+02   3.25500e+02      879.6       26.6           nan           nan     0           4.68100e+01   2.97300e+00  
     2022         3        30         8        12        46        204       7100       5362 1648627966.000   1648627966.000    6.30000e+02       0.00      45.00   2.50500e+02   3.25500e+02      905.5       25.7  -7.06000e+00   6.41000e-02     1           5.75100e+01   3.38500e+00  
     2022         3        30         8        15        10        205       7100       5362 1648628110.000   1648628110.000    6.30000e+02      90.00      45.00   2.50500e+02   3.25500e+02      925.6       24.6   2.30200e+01   2.04800e-01     1           6.90400e+01   3.78400e+00  
     2022         3        30         8        17        34        206       7100       5362 1648628254.000   1648628254.000    6.30000e+02     180.00      45.00   2.50500e+02   3.25500e+02      931.5       25.0   3.95900e+01   3.57600e-01     1           7.79400e+01   4.23900e+00  
     2022         3        30         8        19        58        207       7100       5362 1648628398.000   1648628398.000    6.30000e+02     -90.00      45.00   2.50500e+02   3.25500e+02     1001.7       28.5   2.60200e+01   2.46900e-01     2           8.81300e+01   4.97200e+00  
