   YEAR     MONTH      DAY       HOUR      MIN       SEC       RECNO     KINDAT      KINST       UT1_UNIX        UT2_UNIX        WAVLEN        AZM        ELM         ALTB          ALTE         TN         DTN        VNHLU         DVNHLU     FPI_DATAQUAL      RLE           DRLE     
     2022         3        22        22        44        34          0       7100       5362 1647989074.000   1647989074.000    6.30000e+02     -90.00      45.00   2.10500e+02   2.85500e+02      963.3       10.0  -2.13800e+01   6.75000e-02     1           2.69050e+02   6.17700e+00  
     2022         3        22        22        46        58          1       7100       5362 1647989218.000   1647989218.000    6.30000e+02       0.00      90.00   2.10500e+02   2.85500e+02      947.8       11.0           nan           nan     1           2.03830e+02   5.29500e+00  
     2022         3        22        22        49        58          2       7100       5362 1647989398.000   1647989398.000    6.30000e+02       0.00      45.00   2.10500e+02   2.85500e+02      945.5       13.7   9.06000e+00   3.50000e-02     1           1.86280e+02   5.72800e+00  
     2022         3        22        22        52        22          3       7100       5362 1647989542.000   1647989542.000    6.30000e+02      90.00      45.00   2.10500e+02   2.85500e+02      958.3       12.1   3.02600e+01   1.07900e-01     1           1.72820e+02   4.88700e+00  
     2022         3        22        22        54        46          4       7100       5362 1647989686.000   1647989686.000    6.30000e+02     180.00      45.00   2.10500e+02   2.85500e+02      938.1       11.0   2.95100e+01   1.02300e-01     1           1.90790e+02   5.05900e+00  
     2022         3        22        22        57        10          5       7100       5362 1647989830.000   1647989830.000    6.30000e+02     -90.00      45.00   2.10500e+02   2.85500e+02      938.0       10.8  -2.95600e+01   1.03400e-01     1           2.32720e+02   5.89100e+00  
     2022         3        22        23         3        10          6       7100       5362 1647990190.000   1647990190.000    6.30000e+02       0.00      90.00   2.20500e+02   2.95500e+02      951.9       12.6           nan           nan     1           1.63540e+02   4.80900e+00  
     2022         3        22        23         5        34          7       7100       5362 1647990334.000   1647990334.000    6.30000e+02       0.00      45.00   2.20500e+02   2.95500e+02      953.3       17.0   6.27000e+00   2.91000e-02     1           1.41960e+02   5.25500e+00  
     2022         3        22        23         7        58          8       7100       5362 1647990478.000   1647990478.000    6.30000e+02      90.00      45.00   2.20500e+02   2.95500e+02      930.7       13.1   3.04100e+01   1.19200e-01     0           1.44120e+02   4.52000e+00  
     2022         3        22        23        10        22          9       7100       5362 1647990622.000   1647990622.000    6.30000e+02     180.00      45.00   2.20500e+02   2.95500e+02      947.9       13.8   1.81200e+01   7.23000e-02     0           1.38910e+02   4.46500e+00  
     2022         3        22        23        12        46         10       7100       5362 1647990766.000   1647990766.000    6.30000e+02     -90.00      45.00   2.20500e+02   2.95500e+02      945.4       13.3  -3.71500e+01   1.47400e-01     1           1.76890e+02   5.36100e+00  
     2022         3        22        23        15        46         11       7100       5362 1647990946.000   1647990946.000    6.30000e+02       0.00      90.00   2.20500e+02   2.95500e+02      957.8       12.6           nan           nan     0           1.58790e+02   4.67100e+00  
     2022         3        22        23        18        10         12       7100       5362 1647991090.000   1647991090.000    6.30000e+02       0.00      45.00   2.20500e+02   2.95500e+02      947.0       16.8  -5.72000e+00   2.64000e-02     1           1.39260e+02   5.15900e+00  
     2022         3        22        23        20        34         13       7100       5362 1647991234.000   1647991234.000    6.30000e+02      90.00      45.00   2.20500e+02   2.95500e+02      950.1       15.5   1.88700e+01   8.19000e-02     0           1.18420e+02   4.21800e+00  
     2022         3        22        23        22        58         14       7100       5362 1647991378.000   1647991378.000    6.30000e+02     180.00      45.00   2.20500e+02   2.95500e+02      942.8       13.7   2.15200e+01   8.85000e-02     0           1.34510e+02   4.34300e+00  
     2022         3        22        23        25        22         15       7100       5362 1647991522.000   1647991522.000    6.30000e+02     -90.00      45.00   2.20500e+02   2.95500e+02      949.1       12.1  -5.28200e+01   2.06400e-01     1           1.88010e+02   5.27800e+00  
     2022         3        22        23        31        58         16       7100       5362 1647991918.000   1647991918.000    6.30000e+02       0.00      90.00   2.20500e+02   2.95500e+02      948.9       14.2           nan           nan     0           1.33060e+02   4.40700e+00  
     2022         3        22        23        34        22         17       7100       5362 1647992062.000   1647992062.000    6.30000e+02       0.00      45.00   2.20500e+02   2.95500e+02      941.7       16.4   1.30600e+01   6.27000e-02     1           1.38530e+02   5.06000e+00  
     2022         3        22        23        36        46         18       7100       5362 1647992206.000   1647992206.000    6.30000e+02      90.00      45.00   2.20500e+02   2.95500e+02      937.9       15.4   4.08300e+01   1.86800e-01     0           1.14800e+02   4.13400e+00  
     2022         3        22        23        39        10         19       7100       5362 1647992350.000   1647992350.000    6.30000e+02     180.00      45.00   2.20500e+02   2.95500e+02      930.9       16.1   2.57400e+01   1.21200e-01     0           1.09180e+02   4.10300e+00  
     2022         3        22        23        41        34         20       7100       5362 1647992494.000   1647992494.000    6.30000e+02     -90.00      45.00   2.20500e+02   2.95500e+02      941.5       16.5  -2.14800e+01   1.03900e-01     1           1.27230e+02   4.72800e+00  
     2022         3        22        23        43        58         21       7100       5362 1647992638.000   1647992638.000    6.30000e+02       0.00      90.00   2.20500e+02   2.95500e+02      912.8       14.2           nan           nan     0           1.22410e+02   4.21600e+00  
     2022         3        22        23        46        22         22       7100       5362 1647992782.000   1647992782.000    6.30000e+02       0.00      45.00   2.20500e+02   2.95500e+02      920.9       17.3   7.42000e+00   3.74000e-02     1           1.24770e+02   4.89200e+00  
     2022         3        22        23        49        22         23       7100       5362 1647992962.000   1647992962.000    6.30000e+02      90.00      45.00   2.20500e+02   2.95500e+02      935.6       18.6   2.77500e+01   1.41700e-01     0           8.88200e+01   3.79600e+00  
     2022         3        22        23        51        46         24       7100       5362 1647993106.000   1647993106.000    6.30000e+02     180.00      45.00   2.20500e+02   2.95500e+02      921.0       15.4   2.19000e+01   1.01100e-01     0           1.10730e+02   4.06300e+00  
     2022         3        22        23        54        10         25       7100       5362 1647993250.000   1647993250.000    6.30000e+02     -90.00      45.00   2.20500e+02   2.95500e+02      923.1       15.5  -2.87300e+01   1.35400e-01     1           1.32420e+02   4.73400e+00  
     2022         3        23         0         0        10         26       7100       5362 1647993610.000   1647993610.000    6.30000e+02       0.00      90.00   2.28500e+02   3.03500e+02      918.6       14.3           nan           nan     0           1.18430e+02   4.10100e+00  
     2022         3        23         0         2        34         27       7100       5362 1647993754.000   1647993754.000    6.30000e+02       0.00      45.00   2.28500e+02   3.03500e+02      911.7       16.4   3.20500e+01   1.58300e-01     1           1.24150e+02   4.72000e+00  
     2022         3        23         0         5        34         28       7100       5362 1647993934.000   1647993934.000    6.30000e+02      90.00      45.00   2.28500e+02   3.03500e+02      914.8       16.3   3.26100e+01   1.57100e-01     0           1.01870e+02   3.94900e+00  
     2022         3        23         0         7        58         29       7100       5362 1647994078.000   1647994078.000    6.30000e+02     180.00      45.00   2.28500e+02   3.03500e+02      904.0       14.8  -9.34000e+00   4.28000e-02     0           1.09040e+02   3.96500e+00  
     2022         3        23         0        10        22         30       7100       5362 1647994222.000   1647994222.000    6.30000e+02     -90.00      45.00   2.28500e+02   3.03500e+02      912.2       14.4  -4.41600e+01   2.00600e-01     1           1.41970e+02   4.81300e+00  
     2022         3        23         0        12        46         31       7100       5362 1647994366.000   1647994366.000    6.30000e+02       0.00      90.00   2.28500e+02   3.03500e+02      906.9       14.3           nan           nan     0           1.19760e+02   4.17500e+00  
     2022         3        23         0        15        10         32       7100       5362 1647994510.000   1647994510.000    6.30000e+02       0.00      45.00   2.28500e+02   3.03500e+02      908.7       14.2   1.47600e+01   6.75000e-02     1           1.49410e+02   5.00000e+00  
     2022         3        23         0        17        34         33       7100       5362 1647994654.000   1647994654.000    6.30000e+02      90.00      45.00   2.28500e+02   3.03500e+02      934.0       16.1   6.67400e+01   3.22300e-01     0           1.02220e+02   3.87100e+00  
     2022         3        23         0        19        58         34       7100       5362 1647994798.000   1647994798.000    6.30000e+02     180.00      45.00   2.28500e+02   3.03500e+02      904.4       15.8  -2.57200e+01   1.25800e-01     0           9.91900e+01   3.82500e+00  
     2022         3        23         0        22        58         35       7100       5362 1647994978.000   1647994978.000    6.30000e+02     -90.00      45.00   2.28500e+02   3.03500e+02      912.8       10.7  -1.00750e+02   4.10800e-01     0           1.89180e+02   5.01300e+00  
     2022         3        23         0        28        58         36       7100       5362 1647995338.000   1647995338.000    6.30000e+02       0.00      90.00   2.28500e+02   3.03500e+02      922.0       16.3           nan           nan     0           8.98800e+01   3.54600e+00  
     2022         3        23         0        33        46         37       7100       5362 1647995626.000   1647995626.000    6.30000e+02      90.00      45.00   2.28500e+02   3.03500e+02      936.0       18.2   1.08540e+02   6.04800e-01     0           8.03600e+01   3.44000e+00  
     2022         3        23         0        36        10         38       7100       5362 1647995770.000   1647995770.000    6.30000e+02     180.00      45.00   2.28500e+02   3.03500e+02      922.1       18.8  -6.22300e+01   3.55900e-01     0           7.28400e+01   3.27600e+00  
     2022         3        23         0        38        34         39       7100       5362 1647995914.000   1647995914.000    6.30000e+02     -90.00      45.00   2.28500e+02   3.03500e+02      908.6       12.1  -9.66900e+01   4.59900e-01     0           1.52320e+02   4.55500e+00  
     2022         3        23         0        40        58         40       7100       5362 1647996058.000   1647996058.000    6.30000e+02       0.00      90.00   2.28500e+02   3.03500e+02      893.4       18.4           nan           nan     0           7.09800e+01   3.23000e+00  
     2022         3        23         0        43        22         41       7100       5362 1647996202.000   1647996202.000    6.30000e+02       0.00      45.00   2.28500e+02   3.03500e+02      915.0       11.9   7.34400e+01   3.60000e-01     0           1.49690e+02   4.41200e+00  
     2022         3        23         0        46        22         42       7100       5362 1647996382.000   1647996382.000    6.30000e+02      90.00      45.00   2.28500e+02   3.03500e+02      920.4       20.8   1.27650e+02   8.29800e-01     0           6.57200e+01   3.21800e+00  
     2022         3        23         0        48        46         43       7100       5362 1647996526.000   1647996526.000    6.30000e+02     180.00      45.00   2.28500e+02   3.03500e+02      925.8       24.4  -7.02800e+01   5.01700e-01     0           5.79800e+01   3.22700e+00  
     2022         3        23         0        51        10         44       7100       5362 1647996670.000   1647996670.000    6.30000e+02     -90.00      45.00   2.28500e+02   3.03500e+02      924.2       14.6  -1.01000e+02   5.76200e-01     0           1.12570e+02   3.97300e+00  
     2022         3        23         0        57        10         45       7100       5362 1647997030.000   1647997030.000    6.30000e+02       0.00      90.00   2.28500e+02   3.03500e+02      912.1       23.2           nan           nan     0           5.30100e+01   2.91800e+00  
     2022         3        23         0        59        34         46       7100       5362 1647997174.000   1647997174.000    6.30000e+02       0.00      45.00   2.38500e+02   3.13500e+02      915.0       14.7   8.26300e+01   5.08800e-01     0           1.18380e+02   4.18700e+00  
     2022         3        23         1         2        34         47       7100       5362 1647997354.000   1647997354.000    6.30000e+02      90.00      45.00   2.38500e+02   3.13500e+02      926.5       26.3   1.27070e+02   1.04510e+00     0           5.57300e+01   3.29000e+00  
     2022         3        23         1         4        58         48       7100       5362 1647997498.000   1647997498.000    6.30000e+02     180.00      45.00   2.38500e+02   3.13500e+02      993.3       31.6  -7.68600e+01   6.95900e-01     0           5.05800e+01   3.29700e+00  
     2022         3        23         1         7        22         49       7100       5362 1647997642.000   1647997642.000    6.30000e+02     -90.00      45.00   2.38500e+02   3.13500e+02      928.7       20.0  -8.36000e+01   6.13100e-01     1           8.27600e+01   3.78800e+00  
     2022         3        23         1         9        46         50       7100       5362 1647997786.000   1647997786.000    6.30000e+02       0.00      90.00   2.38500e+02   3.13500e+02      910.2       26.3           nan           nan     0           4.77300e+01   2.92000e+00  
     2022         3        23         1        12        10         51       7100       5362 1647997930.000   1647997930.000    6.30000e+02       0.00      45.00   2.38500e+02   3.13500e+02      937.6       20.3   9.03700e+01   7.01600e-01     1           8.51400e+01   3.89600e+00  
     2022         3        23         1        14        34         52       7100       5362 1647998074.000   1647998074.000    6.30000e+02      90.00      45.00   2.38500e+02   3.13500e+02      968.6       30.0   1.19940e+02   1.14850e+00     1           5.52300e+01   3.49500e+00  
     2022         3        23         1        16        58         53       7100       5362 1647998218.000   1647998218.000    6.30000e+02     180.00      45.00   2.38500e+02   3.13500e+02     1000.7       33.9  -5.18100e+01   5.41600e-01     1           5.32100e+01   3.62400e+00  
     2022         3        23         1        19        58         54       7100       5362 1647998398.000   1647998398.000    6.30000e+02     -90.00      45.00   2.38500e+02   3.13500e+02      989.2       25.6  -7.20700e+01   6.61000e-01     1           6.98600e+01   3.74400e+00  
     2022         3        23         1        25        58         55       7100       5362 1647998758.000   1647998758.000    6.30000e+02       0.00      90.00   2.38500e+02   3.13500e+02      979.2       34.1           nan           nan     1           4.79100e+01   3.37300e+00  
     2022         3        23         1        28        22         56       7100       5362 1647998902.000   1647998902.000    6.30000e+02       0.00      45.00   2.38500e+02   3.13500e+02      981.8       43.4   2.07900e+01   2.68400e-01     2           3.95600e+01   3.44300e+00  
     2022         3        23         1        30        46         57       7100       5362 1647999046.000   1647999046.000    6.30000e+02      90.00      45.00   2.38500e+02   3.13500e+02     1041.1       39.8   2.79500e+01   3.31000e-01     2           5.11500e+01   3.85100e+00  
     2022         3        23         1        33        10         58       7100       5362 1647999190.000   1647999190.000    6.30000e+02     180.00      45.00   2.38500e+02   3.13500e+02      970.9       33.9  -5.05600e+01   5.63000e-01     2           5.83400e+01   4.03600e+00  
     2022         3        23         1        35        34         59       7100       5362 1647999334.000   1647999334.000    6.30000e+02     -90.00      45.00   2.38500e+02   3.13500e+02     1010.4       39.9  -2.40800e+01   2.86000e-01     1           4.33100e+01   3.41200e+00  
     2022         3        23         1        37        58         60       7100       5362 1647999478.000   1647999478.000    6.30000e+02       0.00      90.00   2.38500e+02   3.13500e+02      932.0       31.3           nan           nan     1           4.75300e+01   3.25800e+00  
     2022         3        23         1        40        22         61       7100       5362 1647999622.000   1647999622.000    6.30000e+02       0.00      45.00   2.38500e+02   3.13500e+02      941.1       42.7  -2.91700e+01   3.61600e-01     2           3.80200e+01   3.39300e+00  
     2022         3        23         1        43        22         62       7100       5362 1647999802.000   1647999802.000    6.30000e+02      90.00      45.00   2.38500e+02   3.13500e+02      965.5       39.6   2.26400e+01   2.62100e-01     2           4.22800e+01   3.43500e+00  
     2022         3        23         1        45        46         63       7100       5362 1647999946.000   1647999946.000    6.30000e+02     180.00      45.00   2.38500e+02   3.13500e+02     1010.5       36.7  -5.40000e-01   5.70000e-03     2           5.97000e+01   4.25600e+00  
     2022         3        23         1        48        10         64       7100       5362 1648000090.000   1648000090.000    6.30000e+02     -90.00      45.00   2.38500e+02   3.13500e+02      954.0       41.7   2.34800e+01   2.80700e-01     2           3.87700e+01   3.35200e+00  
     2022         3        23         1        54        10         65       7100       5362 1648000450.000   1648000450.000    6.30000e+02       0.00      90.00   2.38500e+02   3.13500e+02      878.7       25.0           nan           nan     1           6.00200e+01   3.52700e+00  
     2022         3        23         1        56        34         66       7100       5362 1648000594.000   1648000594.000    6.30000e+02       0.00      45.00   2.38500e+02   3.13500e+02      934.2       36.6  -5.32000e+00   5.56000e-02     2           4.56800e+01   3.55100e+00  
     2022         3        23         1        58        58         67       7100       5362 1648000738.000   1648000738.000    6.30000e+02      90.00      45.00   2.44500e+02   3.19500e+02      950.1       30.3   1.69500e+01   1.54600e-01     1           5.40100e+01   3.50300e+00  
     2022         3        23         2         1        22         68       7100       5362 1648000882.000   1648000882.000    6.30000e+02     180.00      45.00   2.44500e+02   3.19500e+02      906.8       24.0   2.22500e+01   1.80100e-01     1           7.05100e+01   3.84100e+00  
     2022         3        23         2         3        46         69       7100       5362 1648001026.000   1648001026.000    6.30000e+02     -90.00      45.00   2.44500e+02   3.19500e+02      921.8       31.8   2.37500e+01   2.22600e-01     1           5.34000e+01   3.69100e+00  
     2022         3        23         2         6        10         70       7100       5362 1648001170.000   1648001170.000    6.30000e+02       0.00      90.00   2.44500e+02   3.19500e+02      943.7       24.0           nan           nan     1           7.73300e+01   4.03500e+00  
     2022         3        23         2         9        10         71       7100       5362 1648001350.000   1648001350.000    6.30000e+02       0.00      45.00   2.44500e+02   3.19500e+02      889.5       27.2  -5.00000e-02   4.00000e-04     1           6.50900e+01   4.00400e+00  
     2022         3        23         2        11        34         72       7100       5362 1648001494.000   1648001494.000    6.30000e+02      90.00      45.00   2.44500e+02   3.19500e+02      920.9       25.4   4.60000e+00   3.83000e-02     1           7.48000e+01   4.18300e+00  
     2022         3        23         2        13        58         73       7100       5362 1648001638.000   1648001638.000    6.30000e+02     180.00      45.00   2.44500e+02   3.19500e+02      900.9       21.2   4.53000e+00   3.49000e-02     1           9.08700e+01   4.39700e+00  
     2022         3        23         2        16        22         74       7100       5362 1648001782.000   1648001782.000    6.30000e+02     -90.00      45.00   2.44500e+02   3.19500e+02      905.2       27.0   2.20200e+01   1.93300e-01     1           6.29700e+01   3.81500e+00  
     2022         3        23         2        22        22         75       7100       5362 1648002142.000   1648002142.000    6.30000e+02       0.00      90.00   2.44500e+02   3.19500e+02      933.5       25.6           nan           nan     1           7.08700e+01   3.96800e+00  
     2022         3        23         2        24        46         76       7100       5362 1648002286.000   1648002286.000    6.30000e+02       0.00      45.00   2.44500e+02   3.19500e+02      956.5       32.8   5.66000e+00   5.51000e-02     1           5.64200e+01   3.86400e+00  
     2022         3        23         2        27        10         77       7100       5362 1648002430.000   1648002430.000    6.30000e+02      90.00      45.00   2.44500e+02   3.19500e+02      924.0       27.3  -4.47000e+00   3.94000e-02     1           6.82500e+01   4.07000e+00  
     2022         3        23         2        29        34         78       7100       5362 1648002574.000   1648002574.000    6.30000e+02     180.00      45.00   2.44500e+02   3.19500e+02      920.4       25.9   1.41900e+01   1.20600e-01     1           7.25900e+01   4.13400e+00  
     2022         3        23         2        32        34         79       7100       5362 1648002754.000   1648002754.000    6.30000e+02     -90.00      45.00   2.44500e+02   3.19500e+02      903.5       29.2   1.20000e+01   1.09900e-01     1           5.96400e+01   3.87300e+00  
     2022         3        23         2        34        58         80       7100       5362 1648002898.000   1648002898.000    6.30000e+02       0.00      90.00   2.44500e+02   3.19500e+02      908.2       23.8           nan           nan     1           8.05900e+01   4.29700e+00  
     2022         3        23         2        37        22         81       7100       5362 1648003042.000   1648003042.000    6.30000e+02       0.00      45.00   2.44500e+02   3.19500e+02      933.5       30.1  -3.54400e+01   3.33800e-01     2           6.83900e+01   4.37700e+00  
     2022         3        23         2        39        46         82       7100       5362 1648003186.000   1648003186.000    6.30000e+02      90.00      45.00   2.44500e+02   3.19500e+02      989.9       28.9   1.53400e+01   1.40700e-01     2           8.42500e+01   4.86800e+00  
     2022         3        23         2        42        10         83       7100       5362 1648003330.000   1648003330.000    6.30000e+02     180.00      45.00   2.44500e+02   3.19500e+02      941.9       30.0   1.39800e+01   1.35100e-01     1           6.67500e+01   4.23200e+00  
     2022         3        23         2        44        34         84       7100       5362 1648003474.000   1648003474.000    6.30000e+02     -90.00      45.00   2.44500e+02   3.19500e+02      926.0       36.8  -6.26000e+00   7.00000e-02     2           4.70700e+01   3.69900e+00  
     2022         3        23         2        51        10         85       7100       5362 1648003870.000   1648003870.000    6.30000e+02       0.00      90.00   2.44500e+02   3.19500e+02      931.3       30.6           nan           nan     1           6.20900e+01   4.06800e+00  
     2022         3        23         2        53        34         86       7100       5362 1648004014.000   1648004014.000    6.30000e+02       0.00      45.00   2.44500e+02   3.19500e+02     1001.4       40.4  -1.28600e+01   1.55300e-01     2           5.27900e+01   4.15300e+00  
     2022         3        23         2        55        58         87       7100       5362 1648004158.000   1648004158.000    6.30000e+02      90.00      45.00   2.44500e+02   3.19500e+02      943.9       34.7   4.43000e+00   5.04000e-02     2           5.60900e+01   4.06800e+00  
     2022         3        23         2        58        22         88       7100       5362 1648004302.000   1648004302.000    6.30000e+02     180.00      45.00   2.44500e+02   3.19500e+02     1010.4       35.2   2.20200e+01   2.43600e-01     2           6.31000e+01   4.32800e+00  
     2022         3        23         3         0        46         89       7100       5362 1648004446.000   1648004446.000    6.30000e+02     -90.00      45.00   2.47500e+02   3.22500e+02     1020.9       42.7   2.24700e+01   2.77200e-01     2           4.92000e+01   4.01700e+00  
     2022         3        23         3         3        10         90       7100       5362 1648004590.000   1648004590.000    6.30000e+02       0.00      90.00   2.47500e+02   3.22500e+02      981.3       32.7           nan           nan     2           6.52900e+01   4.30100e+00  
     2022         3        23         3         5        34         91       7100       5362 1648004734.000   1648004734.000    6.30000e+02       0.00      45.00   2.47500e+02   3.22500e+02      958.8       39.5   2.61800e+01   3.31500e-01     2           5.22700e+01   4.20000e+00  
     2022         3        23         3         8        34         92       7100       5362 1648004914.000   1648004914.000    6.30000e+02      90.00      45.00   2.47500e+02   3.22500e+02     1038.0       43.2   2.45300e+01   3.24900e-01     2           5.23300e+01   4.23300e+00  
     2022         3        23         3        10        58         93       7100       5362 1648005058.000   1648005058.000    6.30000e+02     180.00      45.00   2.47500e+02   3.22500e+02     1051.2       44.3   2.06800e+01   2.84900e-01     2           4.93800e+01   4.05400e+00  
     2022         3        23         3        13        22         94       7100       5362 1648005202.000   1648005202.000    6.30000e+02     -90.00      45.00   2.47500e+02   3.22500e+02     1047.8       50.8   3.15600e+01   4.78300e-01     2           4.22600e+01   3.95500e+00  
     2022         3        23         3        19        22         95       7100       5362 1648005562.000   1648005562.000    6.30000e+02       0.00      90.00   2.47500e+02   3.22500e+02      991.8       45.2           nan           nan     2           4.54900e+01   4.02300e+00  
     2022         3        23         3        21        46         96       7100       5362 1648005706.000   1648005706.000    6.30000e+02       0.00      45.00   2.47500e+02   3.22500e+02     1013.1       62.3  -2.24600e+01   4.31300e-01     2           3.39700e+01   3.97600e+00  
     2022         3        23         3        24        10         97       7100       5362 1648005850.000   1648005850.000    6.30000e+02      90.00      45.00   2.47500e+02   3.22500e+02     1079.6       61.2  -3.73500e+01   6.89800e-01     2           3.67300e+01   3.97700e+00  
     2022         3        23         3        26        34         98       7100       5362 1648005994.000   1648005994.000    6.30000e+02     180.00      45.00   2.47500e+02   3.22500e+02     1005.0       53.4   3.31500e+01   5.96700e-01     2           3.60100e+01   3.69000e+00  
     2022         3        23         3        28        58         99       7100       5362 1648006138.000   1648006138.000    6.30000e+02     -90.00      45.00   2.47500e+02   3.22500e+02     1135.5       69.8   3.88900e+01   8.11900e-01     2           3.39700e+01   3.96500e+00  
     2022         3        23         3        31        58        100       7100       5362 1648006318.000   1648006318.000    6.30000e+02       0.00      90.00   2.47500e+02   3.22500e+02     1075.5       59.9           nan           nan     2           3.67000e+01   3.92400e+00  
     2022         3        23         3        36        46        101       7100       5362 1648006606.000   1648006606.000    6.30000e+02      90.00      45.00   2.47500e+02   3.22500e+02     1066.1       70.6  -1.60200e+01   3.56800e-01     2           2.88200e+01   3.63200e+00  
     2022         3        23         3        39        10        102       7100       5362 1648006750.000   1648006750.000    6.30000e+02     180.00      45.00   2.47500e+02   3.22500e+02     1157.0       74.8   6.15100e+01   1.37260e+00     2           3.07500e+01   3.77300e+00  
     2022         3        23         3        47        34        103       7100       5362 1648007254.000   1648007254.000    6.30000e+02       0.00      90.00   2.47500e+02   3.22500e+02     1110.0       73.1           nan           nan     2           3.11800e+01   3.89500e+00  
     2022         3        23         5        51        10        104       7100       5362 1648014670.000   1648014670.000    6.30000e+02     -90.00      45.00   2.43500e+02   3.18500e+02     1089.3       60.5  -2.19000e+00   4.84000e-02     2           4.59700e+01   4.83100e+00  
     2022         3        23         6         3        46        105       7100       5362 1648015426.000   1648015426.000    6.30000e+02     -90.00      45.00   2.40500e+02   3.15500e+02      985.1       48.3   7.00000e+00   1.45300e-01     2           5.24800e+01   4.91000e+00  
     2022         3        23         6        12        10        106       7100       5362 1648015930.000   1648015930.000    6.30000e+02       0.00      45.00   2.40500e+02   3.15500e+02     1012.3       38.2  -5.83800e+01   1.09500e+00     2           7.33300e+01   5.33600e+00  
     2022         3        23         6        16        58        107       7100       5362 1648016218.000   1648016218.000    6.30000e+02     180.00      45.00   2.40500e+02   3.15500e+02      915.1       33.7   1.91800e+01   3.49400e-01     2           6.52400e+01   4.69400e+00  
     2022         3        23         6        19        22        108       7100       5362 1648016362.000   1648016362.000    6.30000e+02     -90.00      45.00   2.40500e+02   3.15500e+02      883.3       23.1  -5.81400e+01   9.47800e-01     1           8.75200e+01   4.61600e+00  
     2022         3        23         6        24        46        109       7100       5362 1648016686.000   1648016686.000    6.30000e+02       0.00      45.00   2.40500e+02   3.15500e+02      897.1       25.7  -3.37700e+01   5.64300e-01     1           7.38500e+01   4.26700e+00  
     2022         3        23         6        27        10        110       7100       5362 1648016830.000   1648016830.000    6.30000e+02      90.00      45.00   2.40500e+02   3.15500e+02      920.0       35.4   5.98400e+01   1.11520e+00     2           5.97000e+01   4.48300e+00  
     2022         3        23         6        29        34        111       7100       5362 1648016974.000   1648016974.000    6.30000e+02     180.00      45.00   2.40500e+02   3.15500e+02      863.1       25.6   4.66600e+01   7.83000e-01     1           6.11200e+01   3.69600e+00  
     2022         3        23         6        31        58        112       7100       5362 1648017118.000   1648017118.000    6.30000e+02     -90.00      45.00   2.40500e+02   3.15500e+02      857.7       16.8  -5.06800e+01   7.65100e-01     1           9.86300e+01   4.12100e+00  
     2022         3        23         6        40        58        113       7100       5362 1648017658.000   1648017658.000    6.30000e+02       0.00      45.00   2.40500e+02   3.15500e+02      869.2       23.8  -3.50300e+01   5.74100e-01     1           6.70800e+01   3.77800e+00  
     2022         3        23         6        43        22        114       7100       5362 1648017802.000   1648017802.000    6.30000e+02      90.00      45.00   2.40500e+02   3.15500e+02      914.2       32.2   7.62400e+01   1.36560e+00     2           5.74000e+01   4.01600e+00  
     2022         3        23         6        45        46        115       7100       5362 1648017946.000   1648017946.000    6.30000e+02     180.00      45.00   2.40500e+02   3.15500e+02      889.6       26.7   5.29100e+01   8.98200e-01     1           6.20500e+01   3.77900e+00  
     2022         3        23         6        48        10        116       7100       5362 1648018090.000   1648018090.000    6.30000e+02     -90.00      45.00   2.40500e+02   3.15500e+02      865.3       17.4  -5.22000e+01   7.92300e-01     1           9.39500e+01   4.03000e+00  
     2022         3        23         6        52        58        117       7100       5362 1648018378.000   1648018378.000    6.30000e+02       0.00      45.00   2.40500e+02   3.15500e+02      895.3       26.4  -3.40500e+01   5.73100e-01     1           6.19200e+01   3.72100e+00  
     2022         3        23         6        55        58        118       7100       5362 1648018558.000   1648018558.000    6.30000e+02      90.00      45.00   2.40500e+02   3.15500e+02      914.1       32.5   6.47900e+01   1.16190e+00     2           5.58000e+01   3.93600e+00  
     2022         3        23         6        58        22        119       7100       5362 1648018702.000   1648018702.000    6.30000e+02     180.00      45.00   2.40500e+02   3.15500e+02      883.0       26.5   4.64900e+01   7.82200e-01     1           6.07600e+01   3.71200e+00  
     2022         3        23         7         0        46        120       7100       5362 1648018846.000   1648018846.000    6.30000e+02     -90.00      45.00   2.38500e+02   3.13500e+02      859.5       21.0  -5.64200e+01   8.93600e-01     1           7.98900e+01   4.03400e+00  
     2022         3        23         7         9        10        121       7100       5362 1648019350.000   1648019350.000    6.30000e+02       0.00      45.00   2.38500e+02   3.13500e+02      899.4       35.8  -5.57400e+01   1.02790e+00     1           4.34600e+01   3.44900e+00  
     2022         3        23         7        11        34        122       7100       5362 1648019494.000   1648019494.000    6.30000e+02      90.00      45.00   2.38500e+02   3.13500e+02      950.6       39.6   6.11000e+01   1.17510e+00     2           4.38800e+01   3.60200e+00  
     2022         3        23         7        13        58        123       7100       5362 1648019638.000   1648019638.000    6.30000e+02     180.00      45.00   2.38500e+02   3.13500e+02      870.0       33.7   3.38700e+01   6.19100e-01     2           4.64900e+01   3.58500e+00  
     2022         3        23         7        16        22        124       7100       5362 1648019782.000   1648019782.000    6.30000e+02     -90.00      45.00   2.38500e+02   3.13500e+02      853.0       28.0  -6.92200e+01   1.19650e+00     1           5.52300e+01   3.66600e+00  
     2022         3        23         7        21        46        125       7100       5362 1648020106.000   1648020106.000    6.30000e+02       0.00      45.00   2.38500e+02   3.13500e+02      855.1       41.1  -6.09000e+01   1.21390e+00     2           3.38200e+01   3.20200e+00  
     2022         3        23         7        24        10        126       7100       5362 1648020250.000   1648020250.000    6.30000e+02      90.00      45.00   2.38500e+02   3.13500e+02      860.0       43.3   3.14900e+01   6.34500e-01     2           3.33000e+01   3.28300e+00  
     2022         3        23         7        26        34        127       7100       5362 1648020394.000   1648020394.000    6.30000e+02     180.00      45.00   2.38500e+02   3.13500e+02      882.3       39.9  -3.11000e+00   6.09000e-02     2           3.76800e+01   3.36900e+00  
     2022         3        23         7        28        58        128       7100       5362 1648020538.000   1648020538.000    6.30000e+02     -90.00      45.00   2.38500e+02   3.13500e+02      919.3       37.3  -9.78900e+01   1.84360e+00     2           4.39500e+01   3.53300e+00  
     2022         3        23         7        40        22        129       7100       5362 1648021222.000   1648021222.000    6.30000e+02      90.00      45.00   2.38500e+02   3.13500e+02      941.7       54.4   1.00300e+01   2.22900e-01     2           3.32200e+01   3.69100e+00  
     2022         3        23         7        52        58        130       7100       5362 1648021978.000   1648021978.000    6.30000e+02      90.00      45.00   2.38500e+02   3.13500e+02      882.0       42.9   5.39600e+01   1.10270e+00     2           3.91800e+01   3.70900e+00  
     2022         3        23         7        55        22        131       7100       5362 1648022122.000   1648022122.000    6.30000e+02     180.00      45.00   2.38500e+02   3.13500e+02      950.2       55.9   4.01600e+01   8.97000e-01     2           3.42000e+01   3.85600e+00  
     2022         3        23         8         6        10        132       7100       5362 1648022770.000   1648022770.000    6.30000e+02       0.00      45.00   2.36500e+02   3.11500e+02      948.6       44.4  -4.38900e+01   8.80100e-01     2           4.48200e+01   4.06600e+00  
     2022         3        23         8         9        10        133       7100       5362 1648022950.000   1648022950.000    6.30000e+02      90.00      45.00   2.36500e+02   3.11500e+02      879.8       21.9   6.82400e+01   1.10520e+00     1           1.00420e+02   5.02200e+00  
     2022         3        23         8        11        34        134       7100       5362 1648023094.000   1648023094.000    6.30000e+02     180.00      45.00   2.36500e+02   3.11500e+02      934.6       33.9   4.03700e+01   7.33200e-01     2           6.02900e+01   4.30000e+00  
     2022         3        23         8        18        46        135       7100       5362 1648023526.000   1648023526.000    6.30000e+02       0.00      45.00   2.36500e+02   3.11500e+02     1103.1       34.7  -2.65500e+01   4.76500e-01     2           1.15520e+02   6.95800e+00  
     2022         3        23         8        21        10        136       7100       5362 1648023670.000   1648023670.000    6.30000e+02      90.00      45.00   2.36500e+02   3.11500e+02     1088.6       20.5   5.39100e+01   8.39000e-01     2           2.89100e+02   1.04800e+01  
