   YEAR     MONTH      DAY       HOUR      MIN       SEC       RECNO     KINDAT      KINST       UT1_UNIX        UT2_UNIX        WAVLEN        AZM        ELM         ALTB          ALTE         TN         DTN        VNHLU         DVNHLU     FPI_DATAQUAL      RLE           DRLE     
     2022         3        24        22        52        58          0       7100       5362 1648162378.000   1648162378.000    6.30000e+02     180.00      45.00   2.12500e+02   2.87500e+02      943.4        8.4   3.77900e+01   9.91000e-02     0           2.78580e+02   5.77900e+00  
     2022         3        24        23         1        22          1       7100       5362 1648162882.000   1648162882.000    6.30000e+02       0.00      90.00   2.21500e+02   2.96500e+02      936.3        9.0           nan           nan     0           2.43050e+02   5.44000e+00  
     2022         3        24        23         6        10          2       7100       5362 1648163170.000   1648163170.000    6.30000e+02      90.00      45.00   2.21500e+02   2.96500e+02      929.8        9.1   9.30800e+01   2.61000e-01     0           2.27970e+02   5.22000e+00  
     2022         3        24        23         9        10          3       7100       5362 1648163350.000   1648163350.000    6.30000e+02     180.00      45.00   2.21500e+02   2.96500e+02      931.1        9.5   2.58600e+01   7.44000e-02     0           2.25350e+02   5.28500e+00  
     2022         3        24        23        13        58          4       7100       5362 1648163638.000   1648163638.000    6.30000e+02       0.00      90.00   2.21500e+02   2.96500e+02      921.4        9.9           nan           nan     0           2.04110e+02   5.03700e+00  
     2022         3        24        23        18        46          5       7100       5362 1648163926.000   1648163926.000    6.30000e+02      90.00      45.00   2.21500e+02   2.96500e+02      918.8        9.9   7.49700e+01   2.31100e-01     0           1.99700e+02   4.97300e+00  
     2022         3        24        23        21        10          6       7100       5362 1648164070.000   1648164070.000    6.30000e+02     180.00      45.00   2.21500e+02   2.96500e+02      909.9       10.5   2.01700e+01   6.50000e-02     0           1.81580e+02   4.80100e+00  
     2022         3        24        23        23        34          7       7100       5362 1648164214.000   1648164214.000    6.30000e+02     -90.00      45.00   2.21500e+02   2.96500e+02      938.3        8.2  -8.19700e+01   2.33700e-01     1           3.03570e+02   6.13000e+00  
     2022         3        24        23        30        10          8       7100       5362 1648164610.000   1648164610.000    6.30000e+02       0.00      90.00   2.21500e+02   2.96500e+02      919.9       11.0           nan           nan     0           1.69100e+02   4.64100e+00  
     2022         3        24        23        34        58          9       7100       5362 1648164898.000   1648164898.000    6.30000e+02      90.00      45.00   2.21500e+02   2.96500e+02      913.7       11.3   1.00320e+02   3.51700e-01     0           1.57610e+02   4.47700e+00  
     2022         3        24        23        37        22         10       7100       5362 1648165042.000   1648165042.000    6.30000e+02     180.00      45.00   2.21500e+02   2.96500e+02      920.2       12.6   2.01900e+01   7.57000e-02     0           1.51300e+02   4.61200e+00  
     2022         3        24        23        39        46         11       7100       5362 1648165186.000   1648165186.000    6.30000e+02     -90.00      45.00   2.21500e+02   2.96500e+02      931.6        8.7  -7.71000e+01   2.40900e-01     1           2.72880e+02   5.84000e+00  
     2022         3        24        23        42        10         12       7100       5362 1648165330.000   1648165330.000    6.30000e+02       0.00      90.00   2.21500e+02   2.96500e+02      917.3       11.8           nan           nan     0           1.54820e+02   4.52600e+00  
     2022         3        24        23        44        34         13       7100       5362 1648165474.000   1648165474.000    6.30000e+02       0.00      45.00   2.21500e+02   2.96500e+02      923.4        8.6   2.72400e+01   8.68000e-02     0           2.62680e+02   5.67600e+00  
     2022         3        24        23        47        34         14       7100       5362 1648165654.000   1648165654.000    6.30000e+02      90.00      45.00   2.21500e+02   2.96500e+02      915.9       12.6   8.88300e+01   3.41900e-01     0           1.36610e+02   4.25900e+00  
     2022         3        24        23        49        58         15       7100       5362 1648165798.000   1648165798.000    6.30000e+02     180.00      45.00   2.21500e+02   2.96500e+02      924.5       13.4   5.70000e+00   2.29000e-02     1           1.42610e+02   4.55100e+00  
     2022         3        24        23        52        22         16       7100       5362 1648165942.000   1648165942.000    6.30000e+02     -90.00      45.00   2.21500e+02   2.96500e+02      921.0        8.8  -7.63600e+01   2.51000e-01     0           2.53500e+02   5.59100e+00  
     2022         3        24        23        58        22         17       7100       5362 1648166302.000   1648166302.000    6.30000e+02       0.00      90.00   2.21500e+02   2.96500e+02      914.6       12.8           nan           nan     0           1.37510e+02   4.33300e+00  
     2022         3        25         0         0        46         18       7100       5362 1648166446.000   1648166446.000    6.30000e+02       0.00      45.00   2.29500e+02   3.04500e+02      906.3        9.2   3.66000e+01   1.27800e-01     0           2.25400e+02   5.28700e+00  
     2022         3        25         0         3        10         19       7100       5362 1648166590.000   1648166590.000    6.30000e+02      90.00      45.00   2.29500e+02   3.04500e+02      914.9       14.3   6.41300e+01   2.79800e-01     0           1.17960e+02   4.09700e+00  
     2022         3        25         0         5        34         20       7100       5362 1648166734.000   1648166734.000    6.30000e+02     180.00      45.00   2.29500e+02   3.04500e+02      904.4       14.1  -8.97000e+00   3.92000e-02     0           1.21410e+02   4.17700e+00  
     2022         3        25         0         8        34         21       7100       5362 1648166914.000   1648166914.000    6.30000e+02     -90.00      45.00   2.29500e+02   3.04500e+02      907.0        9.5  -7.53200e+01   2.75100e-01     0           2.22080e+02   5.30900e+00  
     2022         3        25         0        10        58         22       7100       5362 1648167058.000   1648167058.000    6.30000e+02       0.00      90.00   2.29500e+02   3.04500e+02      914.6       14.2           nan           nan     0           1.11490e+02   3.88600e+00  
     2022         3        25         0        13        22         23       7100       5362 1648167202.000   1648167202.000    6.30000e+02       0.00      45.00   2.29500e+02   3.04500e+02      917.0       10.0   3.95200e+01   1.51400e-01     0           2.05410e+02   5.12000e+00  
     2022         3        25         0        15        46         24       7100       5362 1648167346.000   1648167346.000    6.30000e+02      90.00      45.00   2.29500e+02   3.04500e+02      938.8       16.0   4.22500e+01   2.04800e-01     0           1.02740e+02   3.87200e+00  
     2022         3        25         0        18        10         25       7100       5362 1648167490.000   1648167490.000    6.30000e+02     180.00      45.00   2.29500e+02   3.04500e+02      933.5       15.9  -1.52000e+01   7.46000e-02     0           1.06890e+02   3.99900e+00  
     2022         3        25         0        20        34         26       7100       5362 1648167634.000   1648167634.000    6.30000e+02     -90.00      45.00   2.29500e+02   3.04500e+02      926.8       10.5  -7.39200e+01   2.98300e-01     0           1.94280e+02   5.00000e+00  
     2022         3        25         0        26        34         27       7100       5362 1648167994.000   1648167994.000    6.30000e+02       0.00      90.00   2.29500e+02   3.04500e+02      914.4       16.4           nan           nan     0           9.07300e+01   3.60000e+00  
     2022         3        25         0        28        58         28       7100       5362 1648168138.000   1648168138.000    6.30000e+02       0.00      45.00   2.29500e+02   3.04500e+02      911.2       10.8   5.85300e+01   2.54200e-01     0           1.69690e+02   4.63000e+00  
     2022         3        25         0        31        58         29       7100       5362 1648168318.000   1648168318.000    6.30000e+02      90.00      45.00   2.29500e+02   3.04500e+02      928.7       18.2   4.73300e+01   2.66500e-01     0           8.18800e+01   3.52100e+00  
     2022         3        25         0        34        22         30       7100       5362 1648168462.000   1648168462.000    6.30000e+02     180.00      45.00   2.29500e+02   3.04500e+02      890.5       18.3  -3.72500e+01   2.17100e-01     0           7.74900e+01   3.46000e+00  
     2022         3        25         0        36        46         31       7100       5362 1648168606.000   1648168606.000    6.30000e+02     -90.00      45.00   2.29500e+02   3.04500e+02      912.3       11.8  -7.30600e+01   3.47300e-01     0           1.55560e+02   4.56100e+00  
     2022         3        25         0        39        10         32       7100       5362 1648168750.000   1648168750.000    6.30000e+02       0.00      90.00   2.29500e+02   3.04500e+02      920.2       18.8           nan           nan     0           7.16400e+01   3.23200e+00  
     2022         3        25         0        41        34         33       7100       5362 1648168894.000   1648168894.000    6.30000e+02       0.00      45.00   2.29500e+02   3.04500e+02      901.3       11.9   6.51200e+01   3.22700e-01     0           1.44750e+02   4.35600e+00  
     2022         3        25         0        43        58         34       7100       5362 1648169038.000   1648169038.000    6.30000e+02      90.00      45.00   2.29500e+02   3.04500e+02      917.5       20.6   5.17900e+01   3.36200e-01     0           6.86600e+01   3.33000e+00  
     2022         3        25         0        46        22         35       7100       5362 1648169182.000   1648169182.000    6.30000e+02     180.00      45.00   2.29500e+02   3.04500e+02      908.9       21.6  -4.46800e+01   3.02100e-01     0           6.08100e+01   3.12600e+00  
     2022         3        25         0        49        22         36       7100       5362 1648169362.000   1648169362.000    6.30000e+02     -90.00      45.00   2.29500e+02   3.04500e+02      908.7       13.5  -6.72800e+01   3.69300e-01     0           1.23010e+02   4.10400e+00  
     2022         3        25         0        55        22         37       7100       5362 1648169722.000   1648169722.000    6.30000e+02       0.00      90.00   2.29500e+02   3.04500e+02      886.8       22.2           nan           nan     0           5.17000e+01   2.82400e+00  
     2022         3        25         0        57        46         38       7100       5362 1648169866.000   1648169866.000    6.30000e+02       0.00      45.00   2.29500e+02   3.04500e+02      888.3       14.2   7.50300e+01   4.52500e-01     0           1.07950e+02   3.86500e+00  
     2022         3        25         1         0        10         39       7100       5362 1648170010.000   1648170010.000    6.30000e+02      90.00      45.00   2.39500e+02   3.14500e+02      924.2       22.0   5.86400e+01   4.35200e-01     0           6.32800e+01   3.23900e+00  
     2022         3        25         1         2        34         40       7100       5362 1648170154.000   1648170154.000    6.30000e+02     180.00      45.00   2.39500e+02   3.14500e+02      887.1       22.9  -3.08000e+01   2.39900e-01     0           5.17400e+01   2.88200e+00  
     2022         3        25         1         4        58         41       7100       5362 1648170298.000   1648170298.000    6.30000e+02     -90.00      45.00   2.39500e+02   3.14500e+02      899.0       15.2  -7.39400e+01   4.87500e-01     0           9.99900e+01   3.76400e+00  
     2022         3        25         1         7        22         42       7100       5362 1648170442.000   1648170442.000    6.30000e+02       0.00      90.00   2.39500e+02   3.14500e+02      889.7       25.7           nan           nan     0           4.36700e+01   2.70100e+00  
     2022         3        25         1         9        46         43       7100       5362 1648170586.000   1648170586.000    6.30000e+02       0.00      45.00   2.39500e+02   3.14500e+02      903.4       15.6   8.46500e+01   5.73600e-01     0           9.35500e+01   3.60800e+00  
     2022         3        25         1        12        46         44       7100       5362 1648170766.000   1648170766.000    6.30000e+02      90.00      45.00   2.39500e+02   3.14500e+02      906.2       23.4   6.98900e+01   5.62300e-01     0           5.42700e+01   3.01000e+00  
     2022         3        25         1        15        10         45       7100       5362 1648170910.000   1648170910.000    6.30000e+02     180.00      45.00   2.39500e+02   3.14500e+02      875.9       25.3  -5.46800e+01   4.63800e-01     0           4.48700e+01   2.76700e+00  
     2022         3        25         1        17        34         46       7100       5362 1648171054.000   1648171054.000    6.30000e+02     -90.00      45.00   2.39500e+02   3.14500e+02      906.9       16.0  -7.09100e+01   4.82100e-01     0           9.54800e+01   3.71800e+00  
     2022         3        25         1        23        34         47       7100       5362 1648171414.000   1648171414.000    6.30000e+02       0.00      90.00   2.39500e+02   3.14500e+02      888.3       25.7           nan           nan     0           4.23400e+01   2.63600e+00  
     2022         3        25         1        25        58         48       7100       5362 1648171558.000   1648171558.000    6.30000e+02       0.00      45.00   2.39500e+02   3.14500e+02      906.3       17.0   9.59500e+01   6.66100e-01     0           8.18600e+01   3.41700e+00  
     2022         3        25         1        28        22         49       7100       5362 1648171702.000   1648171702.000    6.30000e+02      90.00      45.00   2.39500e+02   3.14500e+02      909.2       25.7   8.65300e+01   7.23300e-01     0           4.40400e+01   2.68100e+00  
     2022         3        25         1        30        46         50       7100       5362 1648171846.000   1648171846.000    6.30000e+02     180.00      45.00   2.39500e+02   3.14500e+02      865.9       24.5  -6.19100e+01   5.11800e-01     0           4.54000e+01   2.75500e+00  
     2022         3        25         1        33        46         51       7100       5362 1648172026.000   1648172026.000    6.30000e+02     -90.00      45.00   2.39500e+02   3.14500e+02      887.9       16.0  -6.44800e+01   4.32500e-01     0           9.00800e+01   3.60700e+00  
     2022         3        25         1        36        10         52       7100       5362 1648172170.000   1648172170.000    6.30000e+02       0.00      90.00   2.39500e+02   3.14500e+02      873.8       24.7           nan           nan     0           4.29900e+01   2.62400e+00  
     2022         3        25         1        38        34         53       7100       5362 1648172314.000   1648172314.000    6.30000e+02       0.00      45.00   2.39500e+02   3.14500e+02      869.1       16.7   9.09400e+01   6.27400e-01     0           7.83800e+01   3.35100e+00  
     2022         3        25         1        40        58         54       7100       5362 1648172458.000   1648172458.000    6.30000e+02      90.00      45.00   2.39500e+02   3.14500e+02      894.1       26.2   1.01310e+02   8.60400e-01     0           4.22800e+01   2.65300e+00  
     2022         3        25         1        43        22         55       7100       5362 1648172602.000   1648172602.000    6.30000e+02     180.00      45.00   2.39500e+02   3.14500e+02      867.2       26.5  -6.50400e+01   5.68100e-01     0           4.02500e+01   2.62400e+00  
     2022         3        25         1        45        46         56       7100       5362 1648172746.000   1648172746.000    6.30000e+02     -90.00      45.00   2.39500e+02   3.14500e+02      882.7       16.6  -6.79200e+01   4.74200e-01     0           8.48000e+01   3.52200e+00  
     2022         3        25         1        51        46         57       7100       5362 1648173106.000   1648173106.000    6.30000e+02       0.00      90.00   2.39500e+02   3.14500e+02      865.8       26.3           nan           nan     0           3.90200e+01   2.54800e+00  
     2022         3        25         1        54        46         58       7100       5362 1648173286.000   1648173286.000    6.30000e+02       0.00      45.00   2.39500e+02   3.14500e+02      855.9       16.7   9.23500e+01   6.72700e-01     0           7.52200e+01   3.27200e+00  
     2022         3        25         1        57        10         59       7100       5362 1648173430.000   1648173430.000    6.30000e+02      90.00      45.00   2.39500e+02   3.14500e+02      869.5       23.2   8.95900e+01   7.56200e-01     0           4.67700e+01   2.71200e+00  
     2022         3        25         1        59        34         60       7100       5362 1648173574.000   1648173574.000    6.30000e+02     180.00      45.00   2.46500e+02   3.21500e+02      904.9       28.4  -7.86400e+01   7.30800e-01     0           3.97700e+01   2.64800e+00  
     2022         3        25         2         1        58         61       7100       5362 1648173718.000   1648173718.000    6.30000e+02     -90.00      45.00   2.46500e+02   3.21500e+02      878.9       19.0  -6.35000e+01   4.93500e-01     0           6.84500e+01   3.23300e+00  
     2022         3        25         2         4        22         62       7100       5362 1648173862.000   1648173862.000    6.30000e+02       0.00      90.00   2.46500e+02   3.21500e+02      846.2       27.2           nan           nan     0           3.56200e+01   2.45400e+00  
     2022         3        25         2         6        46         63       7100       5362 1648174006.000   1648174006.000    6.30000e+02       0.00      45.00   2.46500e+02   3.21500e+02      863.9       17.7   9.08500e+01   6.84100e-01     0           7.11500e+01   3.21900e+00  
     2022         3        25         2         9        10         64       7100       5362 1648174150.000   1648174150.000    6.30000e+02      90.00      45.00   2.46500e+02   3.21500e+02      859.3       22.1   1.02840e+02   8.43100e-01     0           5.11600e+01   2.85300e+00  
     2022         3        25         2        12        10         65       7100       5362 1648174330.000   1648174330.000    6.30000e+02     180.00      45.00   2.46500e+02   3.21500e+02      835.8       25.5  -4.24800e+01   3.71000e-01     0           4.19800e+01   2.71600e+00  
     2022         3        25         2        14        34         66       7100       5362 1648174474.000   1648174474.000    6.30000e+02     -90.00      45.00   2.46500e+02   3.21500e+02      887.1       19.8  -5.90200e+01   4.39400e-01     0           6.47000e+01   3.15100e+00  
     2022         3        25         2        20        34         67       7100       5362 1648174834.000   1648174834.000    6.30000e+02       0.00      90.00   2.46500e+02   3.21500e+02      872.1       23.4           nan           nan     0           4.53800e+01   2.65600e+00  
     2022         3        25         2        22        58         68       7100       5362 1648174978.000   1648174978.000    6.30000e+02       0.00      45.00   2.46500e+02   3.21500e+02      850.3       16.9   8.15400e+01   5.56800e-01     0           7.38200e+01   3.26300e+00  
     2022         3        25         2        25        22         69       7100       5362 1648175122.000   1648175122.000    6.30000e+02      90.00      45.00   2.46500e+02   3.21500e+02      866.3       19.9   9.27800e+01   6.86300e-01     0           6.04200e+01   3.03900e+00  
     2022         3        25         2        27        46         70       7100       5362 1648175266.000   1648175266.000    6.30000e+02     180.00      45.00   2.46500e+02   3.21500e+02      902.8       24.9  -6.73100e+01   5.61700e-01     0           4.86400e+01   2.86600e+00  
     2022         3        25         2        30        10         71       7100       5362 1648175410.000   1648175410.000    6.30000e+02     -90.00      45.00   2.46500e+02   3.21500e+02      946.9       25.9  -8.42200e+01   7.11900e-01     0           5.01100e+01   2.91600e+00  
     2022         3        25         2        33        10         72       7100       5362 1648175590.000   1648175590.000    6.30000e+02       0.00      90.00   2.46500e+02   3.21500e+02      891.8       27.2           nan           nan     0           3.91700e+01   2.56300e+00  
     2022         3        25         2        35        34         73       7100       5362 1648175734.000   1648175734.000    6.30000e+02       0.00      45.00   2.46500e+02   3.21500e+02      854.7       17.0   7.76900e+01   5.72200e-01     0           7.49900e+01   3.29600e+00  
     2022         3        25         2        37        58         74       7100       5362 1648175878.000   1648175878.000    6.30000e+02      90.00      45.00   2.46500e+02   3.21500e+02      849.0       20.1   8.71000e+01   6.90300e-01     0           5.80100e+01   2.99400e+00  
     2022         3        25         2        40        22         75       7100       5362 1648176022.000   1648176022.000    6.30000e+02     180.00      45.00   2.46500e+02   3.21500e+02      900.6       23.1  -6.56300e+01   5.46800e-01     0           5.39200e+01   2.97600e+00  
     2022         3        25         2        42        46         76       7100       5362 1648176166.000   1648176166.000    6.30000e+02     -90.00      45.00   2.46500e+02   3.21500e+02      911.2       27.6  -8.65200e+01   7.92400e-01     0           4.31300e+01   2.76700e+00  
     2022         3        25         2        48        46         77       7100       5362 1648176526.000   1648176526.000    6.30000e+02       0.00      90.00   2.46500e+02   3.21500e+02      853.9       27.1           nan           nan     0           3.75100e+01   2.54000e+00  
     2022         3        25         2        51        10         78       7100       5362 1648176670.000   1648176670.000    6.30000e+02       0.00      45.00   2.46500e+02   3.21500e+02      872.1       19.1   6.29000e+01   4.91800e-01     0           6.46300e+01   3.10600e+00  
     2022         3        25         2        53        34         79       7100       5362 1648176814.000   1648176814.000    6.30000e+02      90.00      45.00   2.46500e+02   3.21500e+02      889.7       25.2   7.66600e+01   6.79100e-01     0           4.60600e+01   2.78800e+00  
     2022         3        25         2        56        34         80       7100       5362 1648176994.000   1648176994.000    6.30000e+02     180.00      45.00   2.46500e+02   3.21500e+02      899.9       24.3  -5.90400e+01   5.05100e-01     0           5.15900e+01   2.96900e+00  
     2022         3        25         2        58        58         81       7100       5362 1648177138.000   1648177138.000    6.30000e+02     -90.00      45.00   2.50500e+02   3.25500e+02      941.7       29.5  -6.82100e+01   6.35100e-01     0           4.19300e+01   2.76500e+00  
     2022         3        25         3         1        22         82       7100       5362 1648177282.000   1648177282.000    6.30000e+02       0.00      90.00   2.50500e+02   3.25500e+02      868.7       26.8           nan           nan     0           3.89100e+01   2.56800e+00  
     2022         3        25         3         3        46         83       7100       5362 1648177426.000   1648177426.000    6.30000e+02       0.00      45.00   2.50500e+02   3.25500e+02      876.2       18.7   8.47200e+01   6.52200e-01     0           6.87800e+01   3.22000e+00  
     2022         3        25         3         6        10         84       7100       5362 1648177570.000   1648177570.000    6.30000e+02      90.00      45.00   2.50500e+02   3.25500e+02      977.4       38.9   6.94600e+01   7.71300e-01     0           3.21300e+01   2.62500e+00  
     2022         3        25         3         8        34         85       7100       5362 1648177714.000   1648177714.000    6.30000e+02     180.00      45.00   2.50500e+02   3.25500e+02      894.7       27.9  -7.60200e+01   7.15700e-01     0           4.63600e+01   3.00500e+00  
     2022         3        25         3        10        58         86       7100       5362 1648177858.000   1648177858.000    6.30000e+02     -90.00      45.00   2.50500e+02   3.25500e+02      927.4       26.9  -6.60600e+01   6.04700e-01     0           4.65700e+01   2.86800e+00  
     2022         3        25         3        17        34         87       7100       5362 1648178254.000   1648178254.000    6.30000e+02       0.00      90.00   2.50500e+02   3.25500e+02      886.6       28.6           nan           nan     0           3.71200e+01   2.54600e+00  
     2022         3        25         3        19        58         88       7100       5362 1648178398.000   1648178398.000    6.30000e+02       0.00      45.00   2.50500e+02   3.25500e+02      901.2       20.3   7.22000e+01   5.94500e-01     0           6.47300e+01   3.17300e+00  
     2022         3        25         3        22        22         89       7100       5362 1648178542.000   1648178542.000    6.30000e+02      90.00      45.00   2.50500e+02   3.25500e+02     1005.9       51.4   2.77400e+01   3.75200e-01     1           2.37200e+01   2.43600e+00  
     2022         3        25         3        24        46         90       7100       5362 1648178686.000   1648178686.000    6.30000e+02     180.00      45.00   2.50500e+02   3.25500e+02      928.3       30.4  -6.63100e+01   6.62600e-01     0           4.39500e+01   2.98400e+00  
     2022         3        25         3        27        10         91       7100       5362 1648178830.000   1648178830.000    6.30000e+02     -90.00      45.00   2.50500e+02   3.25500e+02      913.3       23.0  -5.60700e+01   4.95300e-01     0           5.67200e+01   3.06600e+00  
     2022         3        25         3        29        34         92       7100       5362 1648178974.000   1648178974.000    6.30000e+02       0.00      90.00   2.50500e+02   3.25500e+02      876.7       29.6           nan           nan     0           3.66400e+01   2.60400e+00  
     2022         3        25         3        31        58         93       7100       5362 1648179118.000   1648179118.000    6.30000e+02       0.00      45.00   2.50500e+02   3.25500e+02      887.1       20.4   6.37700e+01   5.40800e-01     0           6.19400e+01   3.10100e+00  
     2022         3        25         3        34        58         94       7100       5362 1648179298.000   1648179298.000    6.30000e+02      90.00      45.00   2.50500e+02   3.25500e+02     1079.2       62.8   3.55400e+01   5.18800e-01     2           2.17100e+01   2.49800e+00  
     2022         3        25         3        37        22         95       7100       5362 1648179442.000   1648179442.000    6.30000e+02     180.00      45.00   2.50500e+02   3.25500e+02      914.3       29.6  -4.74200e+01   4.77700e-01     0           4.47500e+01   3.00600e+00  
     2022         3        25         3        39        46         96       7100       5362 1648179586.000   1648179586.000    6.30000e+02     -90.00      45.00   2.50500e+02   3.25500e+02      868.0       20.6  -6.60300e+01   5.62100e-01     0           6.20900e+01   3.18100e+00  
     2022         3        25         3        45        46         97       7100       5362 1648179946.000   1648179946.000    6.30000e+02       0.00      90.00   2.50500e+02   3.25500e+02      913.4       29.6           nan           nan     0           3.80300e+01   2.60800e+00  
     2022         3        25         3        48        10         98       7100       5362 1648180090.000   1648180090.000    6.30000e+02       0.00      45.00   2.50500e+02   3.25500e+02      904.3       19.6   4.52100e+01   3.70800e-01     0           6.79100e+01   3.22100e+00  
     2022         3        25         3        50        34         99       7100       5362 1648180234.000   1648180234.000    6.30000e+02      90.00      45.00   2.50500e+02   3.25500e+02     1043.6       57.9  -7.34000e+00   1.05100e-01     2           2.30200e+01   2.53200e+00  
     2022         3        25         3        52        58        100       7100       5362 1648180378.000   1648180378.000    6.30000e+02     180.00      45.00   2.50500e+02   3.25500e+02      951.5       28.9  -5.13900e+01   4.97100e-01     1           5.31700e+01   3.32600e+00  
     2022         3        25         3        55        22        101       7100       5362 1648180522.000   1648180522.000    6.30000e+02     -90.00      45.00   2.50500e+02   3.25500e+02      863.8       17.1  -5.06100e+01   3.88800e-01     0           8.22800e+01   3.55400e+00  
     2022         3        25         3        58        22        102       7100       5362 1648180702.000   1648180702.000    6.30000e+02       0.00      90.00   2.50500e+02   3.25500e+02      949.6       29.1           nan           nan     0           4.39500e+01   2.83300e+00  
     2022         3        25         4         0        46        103       7100       5362 1648180846.000   1648180846.000    6.30000e+02       0.00      45.00   2.50500e+02   3.25500e+02      902.7       18.2   5.15300e+01   3.99700e-01     0           7.64100e+01   3.38300e+00  
     2022         3        25         4         3        10        104       7100       5362 1648180990.000   1648180990.000    6.30000e+02      90.00      45.00   2.50500e+02   3.25500e+02     1043.0       52.7   3.68100e+01   4.86700e-01     2           3.02700e+01   3.01200e+00  
     2022         3        25         4         5        34        105       7100       5362 1648181134.000   1648181134.000    6.30000e+02     180.00      45.00   2.50500e+02   3.25500e+02      958.7       33.3  -3.15400e+01   3.22500e-01     0           4.29400e+01   3.05500e+00  
     2022         3        25         4         7        58        106       7100       5362 1648181278.000   1648181278.000    6.30000e+02     -90.00      45.00   2.50500e+02   3.25500e+02      883.8       15.0  -3.22000e+01   2.36600e-01     0           1.00890e+02   3.80200e+00  
     2022         3        25         4        13        58        107       7100       5362 1648181638.000   1648181638.000    6.30000e+02       0.00      90.00   2.50500e+02   3.25500e+02      914.1       29.7           nan           nan     0           3.91400e+01   2.67900e+00  
     2022         3        25         4        16        22        108       7100       5362 1648181782.000   1648181782.000    6.30000e+02       0.00      45.00   2.50500e+02   3.25500e+02      910.2       18.2   3.87500e+01   3.15800e-01     0           7.83200e+01   3.44000e+00  
     2022         3        25         4        18        46        109       7100       5362 1648181926.000   1648181926.000    6.30000e+02      90.00      45.00   2.50500e+02   3.25500e+02     1044.0       48.2   5.05800e+01   6.74900e-01     2           3.73500e+01   3.38000e+00  
     2022         3        25         4        21        46        110       7100       5362 1648182106.000   1648182106.000    6.30000e+02     180.00      45.00   2.50500e+02   3.25500e+02     1013.3       41.3  -4.90700e+01   6.05100e-01     1           3.54700e+01   2.91600e+00  
     2022         3        25         4        24        10        111       7100       5362 1648182250.000   1648182250.000    6.30000e+02     -90.00      45.00   2.50500e+02   3.25500e+02      896.3       13.6  -3.09800e+01   2.49000e-01     0           1.22890e+02   4.15000e+00  
     2022         3        25         4        26        34        112       7100       5362 1648182394.000   1648182394.000    6.30000e+02       0.00      90.00   2.50500e+02   3.25500e+02      972.7       36.8           nan           nan     0           3.30300e+01   2.58700e+00  
     2022         3        25         4        28        58        113       7100       5362 1648182538.000   1648182538.000    6.30000e+02       0.00      45.00   2.50500e+02   3.25500e+02      935.4       19.0   3.74900e+01   3.39500e-01     0           7.72200e+01   3.42900e+00  
     2022         3        25         4        31        22        114       7100       5362 1648182682.000   1648182682.000    6.30000e+02      90.00      45.00   2.50500e+02   3.25500e+02      988.4       42.9   5.24400e+01   6.99000e-01     2           3.91500e+01   3.35700e+00  
     2022         3        25         4        33        46        115       7100       5362 1648182826.000   1648182826.000    6.30000e+02     180.00      45.00   2.50500e+02   3.25500e+02      982.4       37.8  -2.13400e+01   2.59000e-01     1           3.85900e+01   3.00600e+00  
     2022         3        25         4        36        10        116       7100       5362 1648182970.000   1648182970.000    6.30000e+02     -90.00      45.00   2.50500e+02   3.25500e+02      906.1       13.2  -2.31400e+01   1.84500e-01     0           1.37570e+02   4.44100e+00  
     2022         3        25         4        42        46        117       7100       5362 1648183366.000   1648183366.000    6.30000e+02       0.00      90.00   2.50500e+02   3.25500e+02      952.0       34.3           nan           nan     0           3.53500e+01   2.64600e+00  
     2022         3        25         4        45        10        118       7100       5362 1648183510.000   1648183510.000    6.30000e+02       0.00      45.00   2.50500e+02   3.25500e+02      926.1       16.4   3.94500e+01   3.29700e-01     0           9.73600e+01   3.79500e+00  
     2022         3        25         4        47        34        119       7100       5362 1648183654.000   1648183654.000    6.30000e+02      90.00      45.00   2.50500e+02   3.25500e+02     1022.2       37.3   5.68900e+01   6.73600e-01     1           5.16600e+01   3.74700e+00  
     2022         3        25         4        49        58        120       7100       5362 1648183798.000   1648183798.000    6.30000e+02     180.00      45.00   2.50500e+02   3.25500e+02     1001.0       38.4  -3.24700e+01   3.89700e-01     1           3.89900e+01   3.02000e+00  
     2022         3        25         4        52        22        121       7100       5362 1648183942.000   1648183942.000    6.30000e+02     -90.00      45.00   2.50500e+02   3.25500e+02      910.5       13.0   1.45100e+01   1.12000e-01     0           1.40950e+02   4.46700e+00  
     2022         3        25         4        54        46        122       7100       5362 1648184086.000   1648184086.000    6.30000e+02       0.00      90.00   2.50500e+02   3.25500e+02      955.3       33.4           nan           nan     0           3.89200e+01   2.81200e+00  
     2022         3        25         4        57        10        123       7100       5362 1648184230.000   1648184230.000    6.30000e+02       0.00      45.00   2.50500e+02   3.25500e+02      921.7       15.1   3.17900e+01   2.51900e-01     0           1.14630e+02   4.12000e+00  
     2022         3        25         5         0        10        124       7100       5362 1648184410.000   1648184410.000    6.30000e+02      90.00      45.00   2.47500e+02   3.22500e+02      962.0       32.5   6.21600e+01   6.84200e-01     2           6.18700e+01   4.14800e+00  
     2022         3        25         5         2        34        125       7100       5362 1648184554.000   1648184554.000    6.30000e+02     180.00      45.00   2.47500e+02   3.22500e+02     1014.3       37.5  -2.62900e+01   2.98900e-01     0           3.86000e+01   2.91500e+00  
     2022         3        25         5         4        58        126       7100       5362 1648184698.000   1648184698.000    6.30000e+02     -90.00      45.00   2.47500e+02   3.22500e+02      927.4       13.3  -2.50300e+01   1.80200e-01     0           1.34220e+02   4.31200e+00  
     2022         3        25         5        10        58        127       7100       5362 1648185058.000   1648185058.000    6.30000e+02       0.00      90.00   2.47500e+02   3.22500e+02      953.6       28.6           nan           nan     0           4.86900e+01   3.05200e+00  
     2022         3        25         5        13        22        128       7100       5362 1648185202.000   1648185202.000    6.30000e+02       0.00      45.00   2.47500e+02   3.22500e+02      925.1       14.6   1.77900e+01   1.24500e-01     0           1.23550e+02   4.28200e+00  
     2022         3        25         5        15        46        129       7100       5362 1648185346.000   1648185346.000    6.30000e+02      90.00      45.00   2.47500e+02   3.22500e+02      974.1       30.0   5.53700e+01   5.40700e-01     2           7.36200e+01   4.50300e+00  
     2022         3        25         5        18        10        130       7100       5362 1648185490.000   1648185490.000    6.30000e+02     180.00      45.00   2.47500e+02   3.22500e+02      990.6       32.4  -2.44100e+01   2.37400e-01     0           4.71000e+01   3.15500e+00  
     2022         3        25         5        20        34        131       7100       5362 1648185634.000   1648185634.000    6.30000e+02     -90.00      45.00   2.47500e+02   3.22500e+02      944.3       14.2  -1.02800e+01   6.85000e-02     0           1.31330e+02   4.36700e+00  
     2022         3        25         5        23        34        132       7100       5362 1648185814.000   1648185814.000    6.30000e+02       0.00      90.00   2.47500e+02   3.22500e+02      946.1       25.9           nan           nan     0           5.37500e+01   3.11100e+00  
     2022         3        25         5        25        58        133       7100       5362 1648185958.000   1648185958.000    6.30000e+02       0.00      45.00   2.47500e+02   3.22500e+02      897.6       13.1   2.69300e+01   1.72300e-01     0           1.34700e+02   4.38400e+00  
     2022         3        25         5        28        22        134       7100       5362 1648186102.000   1648186102.000    6.30000e+02      90.00      45.00   2.47500e+02   3.22500e+02      968.1       29.3   5.30600e+01   4.85800e-01     2           7.96900e+01   4.77200e+00  
     2022         3        25         5        30        46        135       7100       5362 1648186246.000   1648186246.000    6.30000e+02     180.00      45.00   2.47500e+02   3.22500e+02      871.0       25.8   3.25800e+01   2.79900e-01     0           5.19100e+01   3.19500e+00  
     2022         3        25         5        33        10        136       7100       5362 1648186390.000   1648186390.000    6.30000e+02     -90.00      45.00   2.47500e+02   3.22500e+02      935.4       14.4  -1.17100e+01   7.35000e-02     0           1.24380e+02   4.23800e+00  
     2022         3        25         5        39        10        137       7100       5362 1648186750.000   1648186750.000    6.30000e+02       0.00      90.00   2.47500e+02   3.22500e+02      912.6       22.3           nan           nan     0           6.44400e+01   3.35100e+00  
     2022         3        25         5        41        34        138       7100       5362 1648186894.000   1648186894.000    6.30000e+02       0.00      45.00   2.47500e+02   3.22500e+02      890.1       12.7   2.51500e+01   1.46400e-01     1           1.43800e+02   4.55200e+00  
     2022         3        25         5        44        34        139       7100       5362 1648187074.000   1648187074.000    6.30000e+02      90.00      45.00   2.47500e+02   3.22500e+02      962.7       28.2   5.91800e+01   5.06000e-01     2           9.06700e+01   5.22400e+00  
     2022         3        25         5        46        58        140       7100       5362 1648187218.000   1648187218.000    6.30000e+02     180.00      45.00   2.47500e+02   3.22500e+02      919.7       22.1   1.27600e+01   9.25000e-02     1           7.30900e+01   3.68100e+00  
     2022         3        25         5        49        22        141       7100       5362 1648187362.000   1648187362.000    6.30000e+02     -90.00      45.00   2.47500e+02   3.22500e+02      902.0       13.3  -2.49700e+01   1.41900e-01     1           1.39330e+02   4.51400e+00  
     2022         3        25         5        51        46        142       7100       5362 1648187506.000   1648187506.000    6.30000e+02       0.00      90.00   2.47500e+02   3.22500e+02      917.3       20.3           nan           nan     0           7.75400e+01   3.65400e+00  
     2022         3        25         5        54        10        143       7100       5362 1648187650.000   1648187650.000    6.30000e+02       0.00      45.00   2.47500e+02   3.22500e+02      888.0       12.4   1.72600e+01   9.32000e-02     1           1.48530e+02   4.61100e+00  
     2022         3        25         5        56        34        144       7100       5362 1648187794.000   1648187794.000    6.30000e+02      90.00      45.00   2.47500e+02   3.22500e+02      931.6       26.8   3.50900e+01   2.83100e-01     2           9.55500e+01   5.39900e+00  
     2022         3        25         5        58        58        145       7100       5362 1648187938.000   1648187938.000    6.30000e+02     180.00      45.00   2.45500e+02   3.20500e+02      895.4       18.6  -1.88000e+00   1.19000e-02     1           8.63100e+01   3.82100e+00  
     2022         3        25         6         1        58        146       7100       5362 1648188118.000   1648188118.000    6.30000e+02     -90.00      45.00   2.45500e+02   3.20500e+02      888.4       12.0  -2.25000e+01   1.14300e-01     1           1.56770e+02   4.69700e+00  
     2022         3        25         6         7        58        147       7100       5362 1648188478.000   1648188478.000    6.30000e+02       0.00      90.00   2.45500e+02   3.20500e+02      885.4       17.2           nan           nan     0           9.00000e+01   3.78600e+00  
     2022         3        25         6        10        22        148       7100       5362 1648188622.000   1648188622.000    6.30000e+02       0.00      45.00   2.45500e+02   3.20500e+02      880.2       13.1   1.31400e+01   6.75000e-02     1           1.38970e+02   4.54200e+00  
     2022         3        25         6        12        46        149       7100       5362 1648188766.000   1648188766.000    6.30000e+02      90.00      45.00   2.45500e+02   3.20500e+02      941.3       26.2   2.26200e+01   1.72500e-01     2           1.02810e+02   5.62000e+00  
     2022         3        25         6        15        10        150       7100       5362 1648188910.000   1648188910.000    6.30000e+02     180.00      45.00   2.45500e+02   3.20500e+02      885.5       16.4   4.13000e+00   2.37000e-02     1           1.03890e+02   4.13800e+00  
     2022         3        25         6        17        34        151       7100       5362 1648189054.000   1648189054.000    6.30000e+02     -90.00      45.00   2.45500e+02   3.20500e+02      881.1       11.9  -3.29000e+01   1.63800e-01     1           1.61190e+02   4.81500e+00  
     2022         3        25         6        19        58        152       7100       5362 1648189198.000   1648189198.000    6.30000e+02       0.00      90.00   2.45500e+02   3.20500e+02      886.6       17.7           nan           nan     0           8.53700e+01   3.69000e+00  
     2022         3        25         6        22        22        153       7100       5362 1648189342.000   1648189342.000    6.30000e+02       0.00      45.00   2.45500e+02   3.20500e+02      882.3       15.9  -1.40300e+01   8.20000e-02     1           1.15910e+02   4.46000e+00  
     2022         3        25         6        25        22        154       7100       5362 1648189522.000   1648189522.000    6.30000e+02      90.00      45.00   2.45500e+02   3.20500e+02      893.1       24.6   2.60600e+01   2.01100e-01     2           9.73400e+01   5.31300e+00  
     2022         3        25         6        27        46        155       7100       5362 1648189666.000   1648189666.000    6.30000e+02     180.00      45.00   2.45500e+02   3.20500e+02      878.0       15.8   2.68300e+01   1.64800e-01     1           1.05210e+02   4.10500e+00  
     2022         3        25         6        30        10        156       7100       5362 1648189810.000   1648189810.000    6.30000e+02     -90.00      45.00   2.45500e+02   3.20500e+02      897.0       13.6  -3.03400e+01   1.76500e-01     1           1.41990e+02   4.67400e+00  
     2022         3        25         6        36        10        157       7100       5362 1648190170.000   1648190170.000    6.30000e+02       0.00      90.00   2.45500e+02   3.20500e+02      879.7       21.9           nan           nan     1           6.92800e+01   3.62200e+00  
     2022         3        25         6        38        34        158       7100       5362 1648190314.000   1648190314.000    6.30000e+02       0.00      45.00   2.45500e+02   3.20500e+02      860.1       20.1  -1.97400e+01   1.50600e-01     1           8.69800e+01   4.19800e+00  
     2022         3        25         6        40        58        159       7100       5362 1648190458.000   1648190458.000    6.30000e+02      90.00      45.00   2.45500e+02   3.20500e+02      896.5       27.1   4.52800e+01   4.17300e-01     2           8.17500e+01   4.88700e+00  
     2022         3        25         6        43        22        160       7100       5362 1648190602.000   1648190602.000    6.30000e+02     180.00      45.00   2.45500e+02   3.20500e+02      850.5       17.6   3.36600e+01   2.53200e-01     0           8.16100e+01   3.64900e+00  
     2022         3        25         6        45        46        161       7100       5362 1648190746.000   1648190746.000    6.30000e+02     -90.00      45.00   2.45500e+02   3.20500e+02      888.5       17.2  -1.91400e+01   1.45200e-01     1           1.04980e+02   4.30800e+00  
     2022         3        25         6        48        46        162       7100       5362 1648190926.000   1648190926.000    6.30000e+02       0.00      90.00   2.45500e+02   3.20500e+02      892.4       27.0           nan           nan     1           5.94300e+01   3.66400e+00  
     2022         3        25         6        51        10        163       7100       5362 1648191070.000   1648191070.000    6.30000e+02       0.00      45.00   2.45500e+02   3.20500e+02      889.8       24.5   6.61000e+00   6.18000e-02     1           7.95300e+01   4.41800e+00  
     2022         3        25         6        53        34        164       7100       5362 1648191214.000   1648191214.000    6.30000e+02      90.00      45.00   2.45500e+02   3.20500e+02      952.2       32.9   4.33200e+01   4.70200e-01     2           7.23000e+01   4.88200e+00  
     2022         3        25         6        55        58        165       7100       5362 1648191358.000   1648191358.000    6.30000e+02     180.00      45.00   2.45500e+02   3.20500e+02      899.7       22.6   5.13700e+01   4.70800e-01     1           7.11600e+01   3.73100e+00  
     2022         3        25         6        58        22        166       7100       5362 1648191502.000   1648191502.000    6.30000e+02     -90.00      45.00   2.45500e+02   3.20500e+02      854.3       18.1  -3.28000e+00   2.81000e-02     1           8.53800e+01   3.85300e+00  
     2022         3        25         7         4        22        167       7100       5362 1648191862.000   1648191862.000    6.30000e+02       0.00      90.00   2.43500e+02   3.18500e+02      870.5       31.1           nan           nan     1           4.94900e+01   3.55700e+00  
     2022         3        25         7         6        46        168       7100       5362 1648192006.000   1648192006.000    6.30000e+02       0.00      45.00   2.43500e+02   3.18500e+02      870.1       25.4   1.20900e+01   1.27000e-01     1           7.29400e+01   4.28400e+00  
     2022         3        25         7         9        46        169       7100       5362 1648192186.000   1648192186.000    6.30000e+02      90.00      45.00   2.43500e+02   3.18500e+02      896.2       29.9   5.37700e+01   6.07500e-01     1           6.04800e+01   4.02400e+00  
     2022         3        25         7        12        10        170       7100       5362 1648192330.000   1648192330.000    6.30000e+02     180.00      45.00   2.43500e+02   3.18500e+02      877.7       25.2   5.27300e+01   5.52000e-01     1           5.71500e+01   3.40700e+00  
     2022         3        25         7        14        34        171       7100       5362 1648192474.000   1648192474.000    6.30000e+02     -90.00      45.00   2.43500e+02   3.18500e+02      861.2       18.9  -2.46400e+01   2.33000e-01     1           7.97800e+01   3.72500e+00  
     2022         3        25         7        16        58        172       7100       5362 1648192618.000   1648192618.000    6.30000e+02       0.00      90.00   2.43500e+02   3.18500e+02      860.9       32.9           nan           nan     2           4.92600e+01   3.74600e+00  
     2022         3        25         7        19        22        173       7100       5362 1648192762.000   1648192762.000    6.30000e+02       0.00      45.00   2.43500e+02   3.18500e+02      869.4       26.2  -2.17500e+01   2.43700e-01     1           6.72300e+01   4.08400e+00  
     2022         3        25         7        21        46        174       7100       5362 1648192906.000   1648192906.000    6.30000e+02      90.00      45.00   2.43500e+02   3.18500e+02      897.2       33.7   2.78100e+01   3.60300e-01     2           5.81700e+01   4.29000e+00  
     2022         3        25         7        24        10        175       7100       5362 1648193050.000   1648193050.000    6.30000e+02     180.00      45.00   2.43500e+02   3.18500e+02      906.8       31.0   3.54700e+01   4.40300e-01     1           5.29600e+01   3.63400e+00  
     2022         3        25         7        27        10        176       7100       5362 1648193230.000   1648193230.000    6.30000e+02     -90.00      45.00   2.43500e+02   3.18500e+02      877.4       22.6   9.20000e-01   1.03000e-02     1           7.11900e+01   3.80000e+00  
     2022         3        25         7        33        10        177       7100       5362 1648193590.000   1648193590.000    6.30000e+02       0.00      90.00   2.43500e+02   3.18500e+02      928.1       43.1           nan           nan     2           4.58300e+01   4.11900e+00  
     2022         3        25         7        35        34        178       7100       5362 1648193734.000   1648193734.000    6.30000e+02       0.00      45.00   2.43500e+02   3.18500e+02      825.4       25.8  -2.26600e+01   2.90400e-01     1           5.45300e+01   3.49300e+00  
     2022         3        25         7        37        58        179       7100       5362 1648193878.000   1648193878.000    6.30000e+02      90.00      45.00   2.43500e+02   3.18500e+02      862.5       30.4   5.02900e+01   7.00000e-01     1           5.36100e+01   3.77800e+00  
     2022         3        25         7        40        22        180       7100       5362 1648194022.000   1648194022.000    6.30000e+02     180.00      45.00   2.43500e+02   3.18500e+02      913.1       33.9   5.78500e+01   8.44700e-01     1           5.02000e+01   3.71000e+00  
     2022         3        25         7        42        46        181       7100       5362 1648194166.000   1648194166.000    6.30000e+02     -90.00      45.00   2.43500e+02   3.18500e+02      835.4       23.5   2.92900e+01   3.83300e-01     1           5.90000e+01   3.44400e+00  
     2022         3        25         7        45        10        182       7100       5362 1648194310.000   1648194310.000    6.30000e+02       0.00      90.00   2.43500e+02   3.18500e+02      923.1       48.5           nan           nan     2           3.93500e+01   3.98000e+00  
     2022         3        25         7        48        10        183       7100       5362 1648194490.000   1648194490.000    6.30000e+02       0.00      45.00   2.43500e+02   3.18500e+02      829.0       29.9  -5.03000e+00   7.42000e-02     1           4.69200e+01   3.41900e+00  
     2022         3        25         7        50        34        184       7100       5362 1648194634.000   1648194634.000    6.30000e+02      90.00      45.00   2.43500e+02   3.18500e+02      904.3       40.3   5.11300e+01   8.45900e-01     2           5.06100e+01   4.36900e+00  
     2022         3        25         7        52        58        185       7100       5362 1648194778.000   1648194778.000    6.30000e+02     180.00      45.00   2.43500e+02   3.18500e+02      878.2       32.8   7.05500e+01   1.04880e+00     1           4.73200e+01   3.53400e+00  
     2022         3        25         7        55        22        186       7100       5362 1648194922.000   1648194922.000    6.30000e+02     -90.00      45.00   2.43500e+02   3.18500e+02      827.4       23.9   2.29900e+01   3.05400e-01     0           5.18700e+01   3.14600e+00  
     2022         3        25         8         1        22        187       7100       5362 1648195282.000   1648195282.000    6.30000e+02       0.00      90.00   2.41500e+02   3.16500e+02      906.1       47.5           nan           nan     2           3.77400e+01   3.82500e+00  
     2022         3        25         8         3        46        188       7100       5362 1648195426.000   1648195426.000    6.30000e+02       0.00      45.00   2.41500e+02   3.16500e+02      853.0       28.8  -3.09000e+00   4.30000e-02     1           4.85400e+01   3.34100e+00  
     2022         3        25         8         6        10        189       7100       5362 1648195570.000   1648195570.000    6.30000e+02      90.00      45.00   2.41500e+02   3.16500e+02      826.6       22.8   7.56500e+01   9.59300e-01     1           8.70800e+01   4.79700e+00  
     2022         3        25         8         9        10        190       7100       5362 1648195750.000   1648195750.000    6.30000e+02     180.00      45.00   2.41500e+02   3.16500e+02      841.1       26.9   6.63400e+01   8.64700e-01     1           5.47000e+01   3.56000e+00  
     2022         3        25         8        11        34        191       7100       5362 1648195894.000   1648195894.000    6.30000e+02     -90.00      45.00   2.41500e+02   3.16500e+02      890.0       30.8   9.10000e+00   1.22300e-01     2           5.85600e+01   4.02900e+00  
     2022         3        25         8        13        58        192       7100       5362 1648196038.000   1648196038.000    6.30000e+02       0.00      90.00   2.41500e+02   3.16500e+02      903.8       40.9           nan           nan     2           5.42500e+01   4.72700e+00  
     2022         3        25         8        16        22        193       7100       5362 1648196182.000   1648196182.000    6.30000e+02       0.00      45.00   2.41500e+02   3.16500e+02      899.8       26.7  -5.08000e+00   6.31000e-02     2           7.85700e+01   4.64300e+00  
