   YEAR     MONTH      DAY       HOUR      MIN       SEC       RECNO     KINDAT      KINST       UT1_UNIX        UT2_UNIX        WAVLEN        AZM        ELM         ALTB          ALTE         TN         DTN        VNHLU         DVNHLU     FPI_DATAQUAL      RLE           DRLE     
     2022         3         5        22         6        10          0       7100       5362 1646517970.000   1646517970.000    6.30000e+02       0.00      90.00   2.18500e+02   2.93500e+02     1145.3       10.1           nan           nan     2           4.90440e+02   9.13500e+00  
     2022         3         5        22         8        34          1       7100       5362 1646518114.000   1646518114.000    6.30000e+02       0.00      45.00   2.18500e+02   2.93500e+02     1129.8        8.8   3.27500e+01   8.25000e-02     1           4.94560e+02   8.46000e+00  
     2022         3         5        22        10        58          2       7100       5362 1646518258.000   1646518258.000    6.30000e+02      90.00      45.00   2.18500e+02   2.93500e+02     1100.6        8.6   7.71900e+01   1.90800e-01     1           4.14870e+02   7.37400e+00  
     2022         3         5        22        13        22          3       7100       5362 1646518402.000   1646518402.000    6.30000e+02     180.00      45.00   2.18500e+02   2.93500e+02     1095.2        7.8  -1.93800e+01   4.50000e-02     1           4.97460e+02   8.02800e+00  
     2022         3         5        22        16        22          4       7100       5362 1646518582.000   1646518582.000    6.30000e+02     -90.00      45.00   2.18500e+02   2.93500e+02     1129.5       10.6  -2.06100e+01   5.51000e-02     1           3.83430e+02   7.76100e+00  
     2022         3         5        22        22        22          5       7100       5362 1646518942.000   1646518942.000    6.30000e+02       0.00      90.00   2.18500e+02   2.93500e+02     1093.4        8.8           nan           nan     1           3.58430e+02   6.64900e+00  
     2022         3         5        22        24        46          6       7100       5362 1646519086.000   1646519086.000    6.30000e+02       0.00      45.00   2.18500e+02   2.93500e+02     1107.8        8.2   3.61900e+01   8.16000e-02     1           4.28920e+02   7.28100e+00  
     2022         3         5        22        27        10          7       7100       5362 1646519230.000   1646519230.000    6.30000e+02      90.00      45.00   2.18500e+02   2.93500e+02     1083.1        8.8   6.79100e+01   1.58700e-01     1           3.56040e+02   6.63200e+00  
     2022         3         5        22        29        34          8       7100       5362 1646519374.000   1646519374.000    6.30000e+02     180.00      45.00   2.18500e+02   2.93500e+02     1062.2        7.8  -1.58400e+01   3.50000e-02     1           4.11150e+02   7.01200e+00  
     2022         3         5        22        31        58          9       7100       5362 1646519518.000   1646519518.000    6.30000e+02     -90.00      45.00   2.18500e+02   2.93500e+02     1095.2        8.2  -4.83900e+01   1.08100e-01     1           4.46640e+02   7.59300e+00  
     2022         3         5        22        34        22         10       7100       5362 1646519662.000   1646519662.000    6.30000e+02       0.00      90.00   2.18500e+02   2.93500e+02     1097.1        8.5           nan           nan     1           3.69550e+02   6.64700e+00  
     2022         3         5        22        36        46         11       7100       5362 1646519806.000   1646519806.000    6.30000e+02       0.00      45.00   2.18500e+02   2.93500e+02     1093.0        7.3   4.14700e+01   8.76000e-02     1           4.99790e+02   7.75300e+00  
     2022         3         5        22        39        46         12       7100       5362 1646519986.000   1646519986.000    6.30000e+02      90.00      45.00   2.18500e+02   2.93500e+02     1074.1        7.8   8.52800e+01   1.86200e-01     1           4.10690e+02   6.96700e+00  
     2022         3         5        22        42        10         13       7100       5362 1646520130.000   1646520130.000    6.30000e+02     180.00      45.00   2.18500e+02   2.93500e+02     1058.2        7.6  -2.54700e+01   5.54000e-02     1           4.15160e+02   6.97400e+00  
     2022         3         5        22        44        34         14       7100       5362 1646520274.000   1646520274.000    6.30000e+02     -90.00      45.00   2.18500e+02   2.93500e+02     1093.5        7.0  -5.94000e+01   1.23600e-01     1           5.37890e+02   8.04600e+00  
     2022         3         5        22        50        34         15       7100       5362 1646520634.000   1646520634.000    6.30000e+02       0.00      90.00   2.18500e+02   2.93500e+02     1082.5        8.6           nan           nan     1           3.94500e+02   7.10800e+00  
     2022         3         5        22        55        22         16       7100       5362 1646520922.000   1646520922.000    6.30000e+02      90.00      45.00   2.18500e+02   2.93500e+02     1056.5        7.0   7.83100e+01   1.59400e-01     1           4.71620e+02   7.39500e+00  
     2022         3         5        22        57        46         17       7100       5362 1646521066.000   1646521066.000    6.30000e+02     180.00      45.00   2.18500e+02   2.93500e+02     1056.6        7.2  -3.16900e+01   6.36000e-02     1           4.49800e+02   7.19500e+00  
     2022         3         5        23         3        10         18       7100       5362 1646521390.000   1646521390.000    6.30000e+02       0.00      90.00   2.27500e+02   3.02500e+02     1046.4        7.0           nan           nan     1           4.63250e+02   7.31300e+00  
     2022         3         6         0         7        22         19       7100       5362 1646525242.000   1646525242.000    6.30000e+02     180.00      45.00   2.37500e+02   3.12500e+02     1018.1        7.2  -2.47200e+01   5.07000e-02     1           4.13020e+02   6.87400e+00  
     2022         3         6         0        15        46         20       7100       5362 1646525746.000   1646525746.000    6.30000e+02       0.00      90.00   2.37500e+02   3.12500e+02     1021.0        7.7           nan           nan     1           3.69610e+02   6.53700e+00  
     2022         3         6         0        22        58         21       7100       5362 1646526178.000   1646526178.000    6.30000e+02     180.00      45.00   2.37500e+02   3.12500e+02     1017.6        7.6  -3.07400e+01   6.60000e-02     1           3.73420e+02   6.56300e+00  
     2022         3         6         0        27        46         22       7100       5362 1646526466.000   1646526466.000    6.30000e+02       0.00      90.00   2.37500e+02   3.12500e+02     1002.2        7.9           nan           nan     1           3.34370e+02   6.21300e+00  
     2022         3         6         0        33        10         23       7100       5362 1646526790.000   1646526790.000    6.30000e+02      90.00      45.00   2.37500e+02   3.12500e+02     1005.9        7.4   5.74500e+01   1.26600e-01     1           3.78570e+02   6.61600e+00  
     2022         3         6         0        35        34         24       7100       5362 1646526934.000   1646526934.000    6.30000e+02     180.00      45.00   2.37500e+02   3.12500e+02      998.1        7.9  -3.09300e+01   7.06000e-02     1           3.37260e+02   6.27500e+00  
     2022         3         6         0        37        58         25       7100       5362 1646527078.000   1646527078.000    6.30000e+02     -90.00      45.00   2.37500e+02   3.12500e+02     1015.3        6.9  -5.87400e+01   1.26000e-01     1           4.52300e+02   7.23500e+00  
     2022         3         6         0        43        58         26       7100       5362 1646527438.000   1646527438.000    6.30000e+02       0.00      90.00   2.37500e+02   3.12500e+02     1011.2        8.6           nan           nan     0           2.92990e+02   5.86800e+00  
     2022         3         6         0        46        22         27       7100       5362 1646527582.000   1646527582.000    6.30000e+02       0.00      45.00   2.37500e+02   3.12500e+02     1003.8        7.0   3.90700e+01   8.79000e-02     1           4.25900e+02   7.03400e+00  
     2022         3         6         0        48        46         28       7100       5362 1646527726.000   1646527726.000    6.30000e+02      90.00      45.00   2.37500e+02   3.12500e+02     1001.0        8.2   4.43100e+01   1.08600e-01     0           3.15980e+02   6.10200e+00  
     2022         3         6         0        51        10         29       7100       5362 1646527870.000   1646527870.000    6.30000e+02     180.00      45.00   2.37500e+02   3.12500e+02     1009.2        9.1  -5.63000e+01   1.45800e-01     0           2.73420e+02   5.72500e+00  
     2022         3         6         0        53        34         30       7100       5362 1646528014.000   1646528014.000    6.30000e+02     -90.00      45.00   2.37500e+02   3.12500e+02     1000.4        7.5  -4.11100e+01   9.89000e-02     1           3.74780e+02   6.63400e+00  
     2022         3         6         0        56        34         31       7100       5362 1646528194.000   1646528194.000    6.30000e+02       0.00      90.00   2.37500e+02   3.12500e+02     1025.5        9.7           nan           nan     0           2.41070e+02   5.34100e+00  
     2022         3         6         0        58        58         32       7100       5362 1646528338.000   1646528338.000    6.30000e+02       0.00      45.00   2.58500e+02   3.33500e+02     1012.5        8.3   5.01900e+01   1.30400e-01     1           3.18670e+02   6.13600e+00  
     2022         3         6         1         1        22         33       7100       5362 1646528482.000   1646528482.000    6.30000e+02      90.00      45.00   2.58500e+02   3.33500e+02     1006.8        9.7   3.78900e+01   1.07900e-01     0           2.34320e+02   5.28500e+00  
     2022         3         6         1         3        46         34       7100       5362 1646528626.000   1646528626.000    6.30000e+02     180.00      45.00   2.58500e+02   3.33500e+02     1020.1       10.5  -4.28900e+01   1.29400e-01     0           2.15130e+02   5.13300e+00  
     2022         3         6         1         6        10         35       7100       5362 1646528770.000   1646528770.000    6.30000e+02     -90.00      45.00   2.58500e+02   3.33500e+02     1012.5        8.8  -4.03300e+01   1.13800e-01     1           2.91260e+02   5.91200e+00  
     2022         3         6         1        12        10         36       7100       5362 1646529130.000   1646529130.000    6.30000e+02       0.00      90.00   2.58500e+02   3.33500e+02     1017.1       12.0           nan           nan     0           1.72580e+02   4.66300e+00  
     2022         3         6         1        14        34         37       7100       5362 1646529274.000   1646529274.000    6.30000e+02       0.00      45.00   2.58500e+02   3.33500e+02      998.0       10.3   5.75000e+01   1.87900e-01     0           2.19960e+02   5.22300e+00  
     2022         3         6         1        16        58         38       7100       5362 1646529418.000   1646529418.000    6.30000e+02      90.00      45.00   2.58500e+02   3.33500e+02      994.6       12.4   2.46600e+01   9.00000e-02     0           1.57540e+02   4.48800e+00  
     2022         3         6         1        19        22         39       7100       5362 1646529562.000   1646529562.000    6.30000e+02     180.00      45.00   2.58500e+02   3.33500e+02     1007.4       13.0  -3.71000e+01   1.41000e-01     0           1.46410e+02   4.31600e+00  
     2022         3         6         1        22        22         40       7100       5362 1646529742.000   1646529742.000    6.30000e+02     -90.00      45.00   2.58500e+02   3.33500e+02     1013.9       11.0  -1.83700e+01   6.58000e-02     0           2.01360e+02   5.01400e+00  
     2022         3         6         1        24        46         41       7100       5362 1646529886.000   1646529886.000    6.30000e+02       0.00      90.00   2.58500e+02   3.33500e+02     1021.5       14.9           nan           nan     0           1.17610e+02   3.90300e+00  
     2022         3         6         1        27        10         42       7100       5362 1646530030.000   1646530030.000    6.30000e+02       0.00      45.00   2.58500e+02   3.33500e+02     1007.5       13.0   6.36000e+01   2.58200e-01     0           1.50050e+02   4.40000e+00  
     2022         3         6         1        29        34         43       7100       5362 1646530174.000   1646530174.000    6.30000e+02      90.00      45.00   2.58500e+02   3.33500e+02     1013.4       15.5   2.65200e+01   1.19400e-01     0           1.12990e+02   3.89100e+00  
     2022         3         6         1        31        58         44       7100       5362 1646530318.000   1646530318.000    6.30000e+02     180.00      45.00   2.58500e+02   3.33500e+02     1006.4       15.6  -4.23100e+01   1.95900e-01     0           1.10890e+02   3.87500e+00  
     2022         3         6         1        34        22         45       7100       5362 1646530462.000   1646530462.000    6.30000e+02     -90.00      45.00   2.58500e+02   3.33500e+02     1016.6       13.4  -1.11600e+01   4.89000e-02     0           1.47500e+02   4.39800e+00  
     2022         3         6         1        40        22         46       7100       5362 1646530822.000   1646530822.000    6.30000e+02       0.00      90.00   2.58500e+02   3.33500e+02      986.1       18.3           nan           nan     0           8.19600e+01   3.38900e+00  
     2022         3         6         1        42        46         47       7100       5362 1646530966.000   1646530966.000    6.30000e+02       0.00      45.00   2.58500e+02   3.33500e+02      982.8       17.2   6.42100e+01   3.44300e-01     0           9.17000e+01   3.58000e+00  
     2022         3         6         1        45        46         48       7100       5362 1646531146.000   1646531146.000    6.30000e+02      90.00      45.00   2.58500e+02   3.33500e+02      966.1       18.1   3.90700e+01   2.21300e-01     0           8.11300e+01   3.38300e+00  
     2022         3         6         1        48        10         49       7100       5362 1646531290.000   1646531290.000    6.30000e+02     180.00      45.00   2.58500e+02   3.33500e+02      962.7       18.3  -1.06100e+01   6.15000e-02     0           8.19300e+01   3.43900e+00  
     2022         3         6         1        50        34         50       7100       5362 1646531434.000   1646531434.000    6.30000e+02     -90.00      45.00   2.58500e+02   3.33500e+02     1009.5       17.8  -1.54300e+01   8.90000e-02     0           9.30800e+01   3.63700e+00  
     2022         3         6         1        52        58         51       7100       5362 1646531578.000   1646531578.000    6.30000e+02       0.00      90.00   2.58500e+02   3.33500e+02      971.6       22.3           nan           nan     0           5.80200e+01   2.93100e+00  
     2022         3         6         1        55        22         52       7100       5362 1646531722.000   1646531722.000    6.30000e+02       0.00      45.00   2.58500e+02   3.33500e+02      961.5       21.9   5.81300e+01   3.89300e-01     0           6.34000e+01   3.14100e+00  
     2022         3         6         1        57        46         53       7100       5362 1646531866.000   1646531866.000    6.30000e+02      90.00      45.00   2.58500e+02   3.33500e+02      959.6       20.5   2.95200e+01   1.91500e-01     0           6.65600e+01   3.13400e+00  
     2022         3         6         2         0        10         54       7100       5362 1646532010.000   1646532010.000    6.30000e+02     180.00      45.00   2.68500e+02   3.43500e+02      957.2       19.3  -2.85400e+01   1.80800e-01     0           7.29400e+01   3.24600e+00  
     2022         3         6         2         3        10         55       7100       5362 1646532190.000   1646532190.000    6.30000e+02     -90.00      45.00   2.68500e+02   3.43500e+02      981.6       19.6  -1.48900e+01   9.57000e-02     0           8.02500e+01   3.49200e+00  
     2022         3         6         2         9        10         56       7100       5362 1646532550.000   1646532550.000    6.30000e+02       0.00      90.00   2.68500e+02   3.43500e+02      938.6       23.2           nan           nan     0           5.44000e+01   2.92000e+00  
     2022         3         6         2        11        34         57       7100       5362 1646532694.000   1646532694.000    6.30000e+02       0.00      45.00   2.68500e+02   3.43500e+02      968.6       22.9   5.91500e+01   4.17100e-01     0           6.14000e+01   3.13100e+00  
     2022         3         6         2        13        58         58       7100       5362 1646532838.000   1646532838.000    6.30000e+02      90.00      45.00   2.68500e+02   3.43500e+02      969.2       20.7   3.28400e+01   2.18200e-01     0           6.74400e+01   3.16700e+00  
     2022         3         6         2        16        22         59       7100       5362 1646532982.000   1646532982.000    6.30000e+02     180.00      45.00   2.68500e+02   3.43500e+02      944.8       18.9  -4.04600e+01   2.58000e-01     0           7.64500e+01   3.36400e+00  
     2022         3         6         2        18        46         60       7100       5362 1646533126.000   1646533126.000    6.30000e+02     -90.00      45.00   2.68500e+02   3.43500e+02      981.7       19.2  -3.13700e+01   1.99600e-01     0           7.99200e+01   3.44100e+00  
     2022         3         6         2        21        10         61       7100       5362 1646533270.000   1646533270.000    6.30000e+02       0.00      90.00   2.68500e+02   3.43500e+02      956.7       22.5           nan           nan     0           5.74300e+01   2.95400e+00  
     2022         3         6         2        23        34         62       7100       5362 1646533414.000   1646533414.000    6.30000e+02       0.00      45.00   2.68500e+02   3.43500e+02      992.6       21.9   4.01500e+01   2.67900e-01     0           6.73000e+01   3.23300e+00  
     2022         3         6         2        26        34         63       7100       5362 1646533594.000   1646533594.000    6.30000e+02      90.00      45.00   2.68500e+02   3.43500e+02      963.2       20.5   3.29400e+01   2.12700e-01     0           6.81100e+01   3.18200e+00  
     2022         3         6         2        28        58         64       7100       5362 1646533738.000   1646533738.000    6.30000e+02     180.00      45.00   2.68500e+02   3.43500e+02      972.4       18.8  -1.79100e+01   1.10200e-01     0           8.16400e+01   3.47700e+00  
     2022         3         6         2        31        22         65       7100       5362 1646533882.000   1646533882.000    6.30000e+02     -90.00      45.00   2.68500e+02   3.43500e+02      972.7       18.5  -1.97500e+01   1.20800e-01     0           8.30200e+01   3.48700e+00  
     2022         3         6         2        37        22         66       7100       5362 1646534242.000   1646534242.000    6.30000e+02       0.00      90.00   2.68500e+02   3.43500e+02      936.4       21.2           nan           nan     0           5.98300e+01   2.97900e+00  
     2022         3         6         2        39        46         67       7100       5362 1646534386.000   1646534386.000    6.30000e+02       0.00      45.00   2.68500e+02   3.43500e+02      942.8       18.8   4.49400e+01   2.73000e-01     0           7.47000e+01   3.28800e+00  
     2022         3         6         2        42        10         68       7100       5362 1646534530.000   1646534530.000    6.30000e+02      90.00      45.00   2.68500e+02   3.43500e+02      966.7       19.0   3.69300e+01   2.22200e-01     0           7.65600e+01   3.32500e+00  
     2022         3         6         2        44        34         69       7100       5362 1646534674.000   1646534674.000    6.30000e+02     180.00      45.00   2.68500e+02   3.43500e+02      951.1       17.6  -1.09700e+01   6.37000e-02     0           8.71000e+01   3.55700e+00  
     2022         3         6         2        46        58         70       7100       5362 1646534818.000   1646534818.000    6.30000e+02     -90.00      45.00   2.68500e+02   3.43500e+02      983.4       17.5  -2.02500e+01   1.15300e-01     0           9.19500e+01   3.63200e+00  
     2022         3         6         2        49        58         71       7100       5362 1646534998.000   1646534998.000    6.30000e+02       0.00      90.00   2.68500e+02   3.43500e+02      951.4       20.3           nan           nan     0           6.44500e+01   3.04600e+00  
     2022         3         6         2        52        22         72       7100       5362 1646535142.000   1646535142.000    6.30000e+02       0.00      45.00   2.68500e+02   3.43500e+02      971.2       17.6   4.07500e+01   2.31000e-01     0           8.62400e+01   3.48700e+00  
     2022         3         6         2        54        46         73       7100       5362 1646535286.000   1646535286.000    6.30000e+02      90.00      45.00   2.68500e+02   3.43500e+02      939.6       17.8   2.52700e+01   1.44000e-01     0           7.95500e+01   3.35300e+00  
     2022         3         6         2        57        10         74       7100       5362 1646535430.000   1646535430.000    6.30000e+02     180.00      45.00   2.68500e+02   3.43500e+02      938.1       16.4  -1.63500e+01   8.87000e-02     0           9.12900e+01   3.56000e+00  
     2022         3         6         2        59        34         75       7100       5362 1646535574.000   1646535574.000    6.30000e+02     -90.00      45.00   2.69500e+02   3.44500e+02      975.4       16.5  -3.05800e+01   1.64800e-01     0           1.01320e+02   3.79900e+00  
     2022         3         6         3         6        10         76       7100       5362 1646535970.000   1646535970.000    6.30000e+02       0.00      90.00   2.69500e+02   3.44500e+02      939.8       18.3           nan           nan     0           7.42100e+01   3.22900e+00  
     2022         3         6         3         8        34         77       7100       5362 1646536114.000   1646536114.000    6.30000e+02       0.00      45.00   2.69500e+02   3.44500e+02      961.9       15.7   4.74000e+01   2.43700e-01     0           1.02300e+02   3.75000e+00  
     2022         3         6         3        10        58         78       7100       5362 1646536258.000   1646536258.000    6.30000e+02      90.00      45.00   2.69500e+02   3.44500e+02      937.4       16.4   2.36300e+01   1.23200e-01     0           8.89600e+01   3.49600e+00  
     2022         3         6         3        13        22         79       7100       5362 1646536402.000   1646536402.000    6.30000e+02     180.00      45.00   2.69500e+02   3.44500e+02      929.8       15.6  -2.86300e+01   1.46200e-01     0           9.70700e+01   3.65900e+00  
     2022         3         6         3        15        46         80       7100       5362 1646536546.000   1646536546.000    6.30000e+02     -90.00      45.00   2.69500e+02   3.44500e+02      936.5       15.1  -2.52000e+01   1.26100e-01     0           1.04830e+02   3.79600e+00  
     2022         3         6         3        18        10         81       7100       5362 1646536690.000   1646536690.000    6.30000e+02       0.00      90.00   2.69500e+02   3.44500e+02      945.7       17.5           nan           nan     0           8.04600e+01   3.33400e+00  
     2022         3         6         3        20        34         82       7100       5362 1646536834.000   1646536834.000    6.30000e+02       0.00      45.00   2.69500e+02   3.44500e+02      947.6       14.9   5.26600e+01   2.59800e-01     0           1.11910e+02   3.93800e+00  
     2022         3         6         3        23        34         83       7100       5362 1646537014.000   1646537014.000    6.30000e+02      90.00      45.00   2.69500e+02   3.44500e+02      933.7       15.9   4.10700e+01   2.09600e-01     0           9.41900e+01   3.59300e+00  
     2022         3         6         3        25        58         84       7100       5362 1646537158.000   1646537158.000    6.30000e+02     180.00      45.00   2.69500e+02   3.44500e+02      940.2       16.5  -3.86000e+01   2.00700e-01     0           9.18700e+01   3.58900e+00  
     2022         3         6         3        28        22         85       7100       5362 1646537302.000   1646537302.000    6.30000e+02     -90.00      45.00   2.69500e+02   3.44500e+02      968.1       16.1  -1.99800e+01   1.02200e-01     0           1.00840e+02   3.74300e+00  
     2022         3         6         3        34        22         86       7100       5362 1646537662.000   1646537662.000    6.30000e+02       0.00      90.00   2.69500e+02   3.44500e+02      951.2       18.1           nan           nan     0           7.79500e+01   3.30800e+00  
     2022         3         6         3        36        46         87       7100       5362 1646537806.000   1646537806.000    6.30000e+02       0.00      45.00   2.69500e+02   3.44500e+02      942.1       14.5   6.55800e+01   3.28600e-01     0           1.11870e+02   3.88100e+00  
     2022         3         6         3        39        10         88       7100       5362 1646537950.000   1646537950.000    6.30000e+02      90.00      45.00   2.69500e+02   3.44500e+02      941.3       17.1   3.92000e+01   2.14600e-01     0           8.30800e+01   3.38300e+00  
     2022         3         6         3        41        34         89       7100       5362 1646538094.000   1646538094.000    6.30000e+02     180.00      45.00   2.69500e+02   3.44500e+02      968.9       20.3  -5.92400e+01   3.56900e-01     0           6.81600e+01   3.15600e+00  
     2022         3         6         3        43        58         90       7100       5362 1646538238.000   1646538238.000    6.30000e+02     -90.00      45.00   2.69500e+02   3.44500e+02      959.6       17.7   7.89000e+00   4.54000e-02     0           8.60800e+01   3.51900e+00  
     2022         3         6         3        46        58         91       7100       5362 1646538418.000   1646538418.000    6.30000e+02       0.00      90.00   2.69500e+02   3.44500e+02      981.2       20.9           nan           nan     0           6.49600e+01   3.06200e+00  
     2022         3         6         3        49        22         92       7100       5362 1646538562.000   1646538562.000    6.30000e+02       0.00      45.00   2.69500e+02   3.44500e+02      963.2       15.9   8.38700e+01   4.80800e-01     0           1.01480e+02   3.75300e+00  
     2022         3         6         3        51        46         93       7100       5362 1646538706.000   1646538706.000    6.30000e+02      90.00      45.00   2.69500e+02   3.44500e+02      989.6       22.6   2.80000e+01   1.93100e-01     0           6.00500e+01   2.99900e+00  
     2022         3         6         3        54        10         94       7100       5362 1646538850.000   1646538850.000    6.30000e+02     180.00      45.00   2.69500e+02   3.44500e+02      999.9       26.4  -5.01000e+01   3.88300e-01     0           5.12500e+01   2.90500e+00  
     2022         3         6         3        56        34         95       7100       5362 1646538994.000   1646538994.000    6.30000e+02     -90.00      45.00   2.69500e+02   3.44500e+02      976.3       20.6  -1.06600e+01   7.54000e-02     0           7.52800e+01   3.44400e+00  
     2022         3         6         4         2        34         96       7100       5362 1646539354.000   1646539354.000    6.30000e+02       0.00      90.00   2.56500e+02   3.31500e+02      970.8       28.7           nan           nan     0           4.25000e+01   2.68300e+00  
     2022         3         6         4         4        58         97       7100       5362 1646539498.000   1646539498.000    6.30000e+02       0.00      45.00   2.56500e+02   3.31500e+02      956.3       18.9   9.58400e+01   7.06400e-01     0           7.52600e+01   3.28800e+00  
     2022         3         6         4         7        22         98       7100       5362 1646539642.000   1646539642.000    6.30000e+02      90.00      45.00   2.56500e+02   3.31500e+02      965.4       27.3   2.26900e+01   1.97900e-01     0           4.39800e+01   2.67400e+00  
     2022         3         6         4        10        22         99       7100       5362 1646539822.000   1646539822.000    6.30000e+02     180.00      45.00   2.56500e+02   3.31500e+02     1065.1       32.8  -8.09500e+01   7.55600e-01     0           4.18200e+01   2.72000e+00  
     2022         3         6         4        12        46        100       7100       5362 1646539966.000   1646539966.000    6.30000e+02     -90.00      45.00   2.56500e+02   3.31500e+02      984.3       24.9  -9.51000e+00   8.10000e-02     0           5.84800e+01   3.15200e+00  
     2022         3         6         4        15        10        101       7100       5362 1646540110.000   1646540110.000    6.30000e+02       0.00      90.00   2.56500e+02   3.31500e+02      967.1       30.8           nan           nan     0           3.70300e+01   2.51600e+00  
     2022         3         6         4        17        34        102       7100       5362 1646540254.000   1646540254.000    6.30000e+02       0.00      45.00   2.56500e+02   3.31500e+02      986.2       25.1   9.28700e+01   8.08400e-01     0           5.66300e+01   3.08300e+00  
     2022         3         6         4        19        58        103       7100       5362 1646540398.000   1646540398.000    6.30000e+02      90.00      45.00   2.56500e+02   3.31500e+02     1008.3       31.5   5.71000e+00   5.50000e-02     0           3.95900e+01   2.62200e+00  
     2022         3         6         4        22        22        104       7100       5362 1646540542.000   1646540542.000    6.30000e+02     180.00      45.00   2.56500e+02   3.31500e+02     1009.6       36.1  -4.49700e+01   4.71000e-01     0           3.60700e+01   2.67500e+00  
     2022         3         6         4        24        46        105       7100       5362 1646540686.000   1646540686.000    6.30000e+02     -90.00      45.00   2.56500e+02   3.31500e+02     1003.1       30.3  -1.53200e+01   1.49000e-01     0           4.82300e+01   3.03900e+00  
     2022         3         6         4        31        22        106       7100       5362 1646541082.000   1646541082.000    6.30000e+02       0.00      90.00   2.56500e+02   3.31500e+02      942.0       32.7           nan           nan     0           3.26400e+01   2.40300e+00  
     2022         3         6         4        33        46        107       7100       5362 1646541226.000   1646541226.000    6.30000e+02       0.00      45.00   2.56500e+02   3.31500e+02     1019.3       30.2   8.25900e+01   8.16400e-01     0           4.50100e+01   2.82200e+00  
     2022         3         6         4        36        10        108       7100       5362 1646541370.000   1646541370.000    6.30000e+02      90.00      45.00   2.56500e+02   3.31500e+02      960.8       34.8   1.81300e+01   1.99600e-01     0           3.13000e+01   2.38600e+00  
     2022         3         6         4        38        34        109       7100       5362 1646541514.000   1646541514.000    6.30000e+02     180.00      45.00   2.56500e+02   3.31500e+02     1035.3       36.6  -7.01800e+01   7.82500e-01     0           3.46200e+01   2.55800e+00  
     2022         3         6         4        40        58        110       7100       5362 1646541658.000   1646541658.000    6.30000e+02     -90.00      45.00   2.56500e+02   3.31500e+02      981.7       31.3   2.41000e+00   2.60000e-02     0           4.02400e+01   2.70400e+00  
     2022         3         6         4        43        58        111       7100       5362 1646541838.000   1646541838.000    6.30000e+02       0.00      90.00   2.56500e+02   3.31500e+02      978.6       38.8           nan           nan     0           2.73600e+01   2.27100e+00  
     2022         3         6         4        46        22        112       7100       5362 1646541982.000   1646541982.000    6.30000e+02       0.00      45.00   2.56500e+02   3.31500e+02     1027.2       35.5   1.11910e+02   1.32750e+00     0           3.61900e+01   2.61300e+00  
     2022         3         6         4        48        46        113       7100       5362 1646542126.000   1646542126.000    6.30000e+02      90.00      45.00   2.56500e+02   3.31500e+02     1016.1       47.3   2.11600e+01   2.97600e-01     0           2.33000e+01   2.22700e+00  
     2022         3         6         4        51        10        114       7100       5362 1646542270.000   1646542270.000    6.30000e+02     180.00      45.00   2.56500e+02   3.31500e+02     1031.1       45.7  -6.85400e+01   9.59000e-01     0           2.57600e+01   2.34300e+00  
     2022         3         6         4        53        34        115       7100       5362 1646542414.000   1646542414.000    6.30000e+02     -90.00      45.00   2.56500e+02   3.31500e+02     1001.7       34.0   2.19100e+01   2.73700e-01     0           3.58600e+01   2.55800e+00  
     2022         3         6         4        59        34        116       7100       5362 1646542774.000   1646542774.000    6.30000e+02       0.00      90.00   2.53500e+02   3.28500e+02      975.1       49.9           nan           nan     0           1.91100e+01   2.01000e+00  
     2022         3         6         5         1        58        117       7100       5362 1646542918.000   1646542918.000    6.30000e+02       0.00      45.00   2.53500e+02   3.28500e+02     1058.6       50.1   9.26400e+01   1.48600e+00     1           2.81900e+01   2.67200e+00  
     2022         3         6         5         4        22        118       7100       5362 1646543062.000   1646543062.000    6.30000e+02      90.00      45.00   2.53500e+02   3.28500e+02     1012.8       58.9   2.37800e+01   4.26300e-01     1           1.74200e+01   2.04400e+00  
     2022         3         6         5         7        22        119       7100       5362 1646543242.000   1646543242.000    6.30000e+02     180.00      45.00   2.53500e+02   3.28500e+02     1063.2       62.1  -1.04860e+02   1.91590e+00     1           1.87500e+01   2.19000e+00  
     2022         3         6         5         9        46        120       7100       5362 1646543386.000   1646543386.000    6.30000e+02     -90.00      45.00   2.53500e+02   3.28500e+02     1070.9       44.7   5.71300e+01   9.06700e-01     1           3.25800e+01   2.75400e+00  
     2022         3         6         5        12        10        121       7100       5362 1646543530.000   1646543530.000    6.30000e+02       0.00      90.00   2.53500e+02   3.28500e+02     1069.0       61.2           nan           nan     1           1.91800e+01   2.20100e+00  
     2022         3         6         5        14        34        122       7100       5362 1646543674.000   1646543674.000    6.30000e+02       0.00      45.00   2.53500e+02   3.28500e+02     1027.0       45.0   1.12050e+02   1.84090e+00     1           2.84400e+01   2.53300e+00  
     2022         3         6         5        16        58        123       7100       5362 1646543818.000   1646543818.000    6.30000e+02      90.00      45.00   2.53500e+02   3.28500e+02     1067.5       60.8   8.66000e+00   1.60700e-01     1           1.95000e+01   2.22300e+00  
     2022         3         6         5        19        22        124       7100       5362 1646543962.000   1646543962.000    6.30000e+02     180.00      45.00   2.53500e+02   3.28500e+02     1118.1       65.3  -9.39800e+01   1.76050e+00     1           1.85400e+01   2.16700e+00  
     2022         3         6         5        21        46        125       7100       5362 1646544106.000   1646544106.000    6.30000e+02     -90.00      45.00   2.53500e+02   3.28500e+02     1007.4       40.2   2.55800e+01   3.94400e-01     0           3.22100e+01   2.63300e+00  
     2022         3         6         5        27        46        126       7100       5362 1646544466.000   1646544466.000    6.30000e+02       0.00      90.00   2.53500e+02   3.28500e+02      986.7       53.6           nan           nan     0           1.82700e+01   2.02400e+00  
     2022         3         6         5        30        46        127       7100       5362 1646544646.000   1646544646.000    6.30000e+02       0.00      45.00   2.53500e+02   3.28500e+02      997.8       36.8   5.73200e+01   8.19300e-01     0           3.40700e+01   2.60600e+00  
     2022         3         6         5        33        10        128       7100       5362 1646544790.000   1646544790.000    6.30000e+02      90.00      45.00   2.53500e+02   3.28500e+02      996.5       42.1   4.49900e+01   6.61800e-01     0           2.72800e+01   2.37400e+00  
     2022         3         6         5        35        34        129       7100       5362 1646544934.000   1646544934.000    6.30000e+02     180.00      45.00   2.53500e+02   3.28500e+02      964.0       50.3  -4.59100e+01   7.44800e-01     1           2.14300e+01   2.26000e+00  
     2022         3         6         5        37        58        130       7100       5362 1646545078.000   1646545078.000    6.30000e+02     -90.00      45.00   2.53500e+02   3.28500e+02     1055.4       35.5  -7.56000e+00   9.62000e-02     0           3.93300e+01   2.75100e+00  
     2022         3         6         5        40        22        131       7100       5362 1646545222.000   1646545222.000    6.30000e+02       0.00      90.00   2.53500e+02   3.28500e+02     1004.7       43.6           nan           nan     0           2.67500e+01   2.38300e+00  
     2022         3         6         5        42        46        132       7100       5362 1646545366.000   1646545366.000    6.30000e+02       0.00      45.00   2.53500e+02   3.28500e+02      972.4       29.8   5.99900e+01   6.76000e-01     0           4.16200e+01   2.70600e+00  
     2022         3         6         5        45        10        133       7100       5362 1646545510.000   1646545510.000    6.30000e+02      90.00      45.00   2.53500e+02   3.28500e+02      954.4       30.3   3.59100e+01   3.94100e-01     0           3.84400e+01   2.59200e+00  
     2022         3         6         5        48        10        134       7100       5362 1646545690.000   1646545690.000    6.30000e+02     180.00      45.00   2.53500e+02   3.28500e+02      982.1       38.1  -4.51000e+01   5.32700e-01     0           3.01700e+01   2.43400e+00  
     2022         3         6         5        50        34        135       7100       5362 1646545834.000   1646545834.000    6.30000e+02     -90.00      45.00   2.53500e+02   3.28500e+02      964.7       27.3  -7.08000e+00   6.85000e-02     0           4.65400e+01   2.80700e+00  
     2022         3         6         5        56        34        136       7100       5362 1646546194.000   1646546194.000    6.30000e+02       0.00      90.00   2.53500e+02   3.28500e+02      949.3       27.9           nan           nan     0           4.08500e+01   2.58200e+00  
     2022         3         6         5        58        58        137       7100       5362 1646546338.000   1646546338.000    6.30000e+02       0.00      45.00   2.54500e+02   3.29500e+02      918.8       18.3   2.86000e+01   1.98300e-01     0           7.65200e+01   3.35900e+00  
     2022         3         6         6         1        22        138       7100       5362 1646546482.000   1646546482.000    6.30000e+02      90.00      45.00   2.54500e+02   3.29500e+02      918.5       17.3   5.37300e+01   3.41900e-01     0           8.07300e+01   3.37700e+00  
     2022         3         6         6         3        46        139       7100       5362 1646546626.000   1646546626.000    6.30000e+02     180.00      45.00   2.54500e+02   3.29500e+02      924.8       19.7  -9.00000e+00   5.68000e-02     0           6.80400e+01   3.18500e+00  
     2022         3         6         6         6        10        140       7100       5362 1646546770.000   1646546770.000    6.30000e+02     -90.00      45.00   2.54500e+02   3.29500e+02      942.1       16.3  -2.04100e+01   1.09900e-01     0           9.58800e+01   3.68400e+00  
     2022         3         6         6         8        34        141       7100       5362 1646546914.000   1646546914.000    6.30000e+02       0.00      90.00   2.54500e+02   3.29500e+02      925.2       15.9           nan           nan     0           8.95300e+01   3.47700e+00  
     2022         3         6         6        11        34        142       7100       5362 1646547094.000   1646547094.000    6.30000e+02       0.00      45.00   2.54500e+02   3.29500e+02      914.4       11.4   2.22900e+01   9.18000e-02     0           1.51670e+02   4.36600e+00  
     2022         3         6         6        13        58        143       7100       5362 1646547238.000   1646547238.000    6.30000e+02      90.00      45.00   2.54500e+02   3.29500e+02      919.5       11.4   5.13000e+01   2.03300e-01     0           1.57290e+02   4.47900e+00  
     2022         3         6         6        16        22        144       7100       5362 1646547382.000   1646547382.000    6.30000e+02     180.00      45.00   2.54500e+02   3.29500e+02      921.6       12.9  -2.92000e+00   1.18000e-02     0           1.29040e+02   4.11100e+00  
     2022         3         6         6        18        46        145       7100       5362 1646547526.000   1646547526.000    6.30000e+02     -90.00      45.00   2.54500e+02   3.29500e+02      931.8       11.1  -3.05000e+01   1.10100e-01     0           1.71060e+02   4.66700e+00  
     2022         3         6         6        24        46        146       7100       5362 1646547886.000   1646547886.000    6.30000e+02       0.00      90.00   2.54500e+02   3.29500e+02      908.7       10.1           nan           nan     0           1.79860e+02   4.67300e+00  
     2022         3         6         6        27        10        147       7100       5362 1646548030.000   1646548030.000    6.30000e+02       0.00      45.00   2.54500e+02   3.29500e+02      920.9        8.4   9.25000e+00   2.63000e-02     1           2.56710e+02   5.51400e+00  
     2022         3         6         6        29        34        148       7100       5362 1646548174.000   1646548174.000    6.30000e+02      90.00      45.00   2.54500e+02   3.29500e+02      891.2        8.2   4.12600e+01   1.15300e-01     0           2.56890e+02   5.52200e+00  
     2022         3         6         6        32        34        149       7100       5362 1646548354.000   1646548354.000    6.30000e+02     180.00      45.00   2.54500e+02   3.29500e+02      910.1        8.9  -4.30000e+00   1.23000e-02     0           2.32410e+02   5.30700e+00  
     2022         3         6         6        34        58        150       7100       5362 1646548498.000   1646548498.000    6.30000e+02     -90.00      45.00   2.54500e+02   3.29500e+02      910.4        9.4  -2.08100e+01   6.06000e-02     1           2.34210e+02   5.50400e+00  
     2022         3         6         6        37        22        151       7100       5362 1646548642.000   1646548642.000    6.30000e+02       0.00      90.00   2.54500e+02   3.29500e+02      902.5        9.2           nan           nan     0           2.16470e+02   5.12500e+00  
     2022         3         6         6        39        46        152       7100       5362 1646548786.000   1646548786.000    6.30000e+02       0.00      45.00   2.54500e+02   3.29500e+02      902.4        8.4   8.18000e+00   2.26000e-02     1           2.69440e+02   5.77400e+00  
     2022         3         6         6        42        10        153       7100       5362 1646548930.000   1646548930.000    6.30000e+02      90.00      45.00   2.54500e+02   3.29500e+02      892.0        8.2   4.82500e+01   1.32100e-01     1           2.59630e+02   5.55800e+00  
     2022         3         6         6        44        34        154       7100       5362 1646549074.000   1646549074.000    6.30000e+02     180.00      45.00   2.54500e+02   3.29500e+02      889.0        8.2   1.82200e+01   5.04000e-02     0           2.62890e+02   5.63700e+00  
     2022         3         6         6        46        58        155       7100       5362 1646549218.000   1646549218.000    6.30000e+02     -90.00      45.00   2.54500e+02   3.29500e+02      906.1        8.3  -2.99900e+01   8.37000e-02     0           2.67780e+02   5.70500e+00  
     2022         3         6         6        53        34        156       7100       5362 1646549614.000   1646549614.000    6.30000e+02       0.00      90.00   2.54500e+02   3.29500e+02      890.1        9.9           nan           nan     0           1.82660e+02   4.71300e+00  
     2022         3         6         6        55        58        157       7100       5362 1646549758.000   1646549758.000    6.30000e+02       0.00      45.00   2.54500e+02   3.29500e+02      892.7        8.1   1.69700e+01   4.82000e-02     1           2.58690e+02   5.52400e+00  
     2022         3         6         6        58        22        158       7100       5362 1646549902.000   1646549902.000    6.30000e+02      90.00      45.00   2.54500e+02   3.29500e+02      888.0        9.5   4.64100e+01   1.44100e-01     0           2.01350e+02   4.99300e+00  
     2022         3         6         7         0        46        159       7100       5362 1646550046.000   1646550046.000    6.30000e+02     180.00      45.00   2.45500e+02   3.20500e+02      890.8        9.3   2.92000e+00   9.00000e-03     0           2.05660e+02   4.99800e+00  
     2022         3         6         7         3        10        160       7100       5362 1646550190.000   1646550190.000    6.30000e+02     -90.00      45.00   2.45500e+02   3.20500e+02      896.3        8.5  -3.28600e+01   9.80000e-02     0           2.48050e+02   5.46400e+00  
     2022         3         6         7         5        34        161       7100       5362 1646550334.000   1646550334.000    6.30000e+02       0.00      90.00   2.45500e+02   3.20500e+02      883.7       10.7           nan           nan     0           1.56410e+02   4.37600e+00  
     2022         3         6         7         8        34        162       7100       5362 1646550514.000   1646550514.000    6.30000e+02       0.00      45.00   2.45500e+02   3.20500e+02      880.5        9.2   9.25000e+00   2.94000e-02     0           2.04870e+02   4.97700e+00  
     2022         3         6         7        10        58        163       7100       5362 1646550658.000   1646550658.000    6.30000e+02      90.00      45.00   2.45500e+02   3.20500e+02      872.6       11.1   5.07200e+01   1.80800e-01     0           1.54010e+02   4.47300e+00  
     2022         3         6         7        13        22        164       7100       5362 1646550802.000   1646550802.000    6.30000e+02     180.00      45.00   2.45500e+02   3.20500e+02      892.3       10.9  -1.05900e+01   3.73000e-02     0           1.60770e+02   4.50000e+00  
     2022         3         6         7        15        46        165       7100       5362 1646550946.000   1646550946.000    6.30000e+02     -90.00      45.00   2.45500e+02   3.20500e+02      886.0        9.0  -3.32500e+01   1.09000e-01     0           2.24820e+02   5.26800e+00  
     2022         3         6         7        21        46        166       7100       5362 1646551306.000   1646551306.000    6.30000e+02       0.00      90.00   2.45500e+02   3.20500e+02      888.2       12.5           nan           nan     0           1.24120e+02   3.98800e+00  
     2022         3         6         7        24        10        167       7100       5362 1646551450.000   1646551450.000    6.30000e+02       0.00      45.00   2.45500e+02   3.20500e+02      895.7       11.0   1.02900e+01   3.88000e-02     0           1.60350e+02   4.51400e+00  
     2022         3         6         7        26        34        168       7100       5362 1646551594.000   1646551594.000    6.30000e+02      90.00      45.00   2.45500e+02   3.20500e+02      906.2       13.9   3.14300e+01   1.34400e-01     0           1.13810e+02   3.92300e+00  
     2022         3         6         7        29        34        169       7100       5362 1646551774.000   1646551774.000    6.30000e+02     180.00      45.00   2.45500e+02   3.20500e+02      909.6       12.9  -1.59700e+01   6.59000e-02     0           1.26050e+02   4.05600e+00  
     2022         3         6         7        31        58        170       7100       5362 1646551918.000   1646551918.000    6.30000e+02     -90.00      45.00   2.45500e+02   3.20500e+02      886.0       10.2  -3.33000e+01   1.26500e-01     0           1.80650e+02   4.78900e+00  
     2022         3         6         7        34        22        171       7100       5362 1646552062.000   1646552062.000    6.30000e+02       0.00      90.00   2.45500e+02   3.20500e+02      909.5       14.1           nan           nan     0           1.05560e+02   3.71900e+00  
     2022         3         6         7        36        46        172       7100       5362 1646552206.000   1646552206.000    6.30000e+02       0.00      45.00   2.45500e+02   3.20500e+02      909.7       13.1   1.01600e+01   4.45000e-02     0           1.24650e+02   4.05700e+00  
     2022         3         6         7        39        10        173       7100       5362 1646552350.000   1646552350.000    6.30000e+02      90.00      45.00   2.45500e+02   3.20500e+02      903.9       15.5   4.05600e+01   1.97000e-01     0           9.70000e+01   3.69700e+00  
     2022         3         6         7        41        34        174       7100       5362 1646552494.000   1646552494.000    6.30000e+02     180.00      45.00   2.45500e+02   3.20500e+02      915.1       14.6  -1.76800e+01   8.51000e-02     0           1.04390e+02   3.75700e+00  
     2022         3         6         7        43        58        175       7100       5362 1646552638.000   1646552638.000    6.30000e+02     -90.00      45.00   2.45500e+02   3.20500e+02      906.7       12.3  -2.36900e+01   1.07600e-01     0           1.36970e+02   4.23200e+00  
     2022         3         6         7        49        58        176       7100       5362 1646552998.000   1646552998.000    6.30000e+02       0.00      90.00   2.45500e+02   3.20500e+02      907.4       17.5           nan           nan     0           7.94200e+01   3.39500e+00  
     2022         3         6         7        52        22        177       7100       5362 1646553142.000   1646553142.000    6.30000e+02       0.00      45.00   2.45500e+02   3.20500e+02      894.3       16.0   2.57500e+01   1.43200e-01     0           9.03900e+01   3.58600e+00  
     2022         3         6         7        55        22        178       7100       5362 1646553322.000   1646553322.000    6.30000e+02      90.00      45.00   2.45500e+02   3.20500e+02      924.0       16.4   2.45400e+01   1.40600e-01     0           1.06330e+02   4.09300e+00  
     2022         3         6         7        57        46        179       7100       5362 1646553466.000   1646553466.000    6.30000e+02     180.00      45.00   2.45500e+02   3.20500e+02      938.7       18.5  -2.02100e+01   1.25300e-01     0           9.24600e+01   3.90700e+00  
     2022         3         6         8         0        10        180       7100       5362 1646553610.000   1646553610.000    6.30000e+02     -90.00      45.00   2.43500e+02   3.18500e+02      927.7       17.3  -1.98100e+01   1.22100e-01     0           9.97400e+01   4.00400e+00  
     2022         3         6         8         2        34        181       7100       5362 1646553754.000   1646553754.000    6.30000e+02       0.00      90.00   2.43500e+02   3.18500e+02      960.9       22.0           nan           nan     1           7.69500e+01   3.72400e+00  
     2022         3         6         8         4        58        182       7100       5362 1646553898.000   1646553898.000    6.30000e+02       0.00      45.00   2.43500e+02   3.18500e+02      972.6       21.8   9.11000e+00   6.44000e-02     1           9.84000e+01   4.53000e+00  
     2022         3         6         8         7        22        183       7100       5362 1646554042.000   1646554042.000    6.30000e+02      90.00      45.00   2.43500e+02   3.18500e+02     1063.0       18.7   2.20300e+01   1.43200e-01     2           2.20570e+02   7.70100e+00  
     2022         3         6         8        10        22        184       7100       5362 1646554222.000   1646554222.000    6.30000e+02     180.00      45.00   2.43500e+02   3.18500e+02     1105.9       25.0  -3.04800e+01   2.27000e-01     2           1.58910e+02   7.02100e+00  
     2022         3         6         8        12        46        185       7100       5362 1646554366.000   1646554366.000    6.30000e+02     -90.00      45.00   2.43500e+02   3.18500e+02     1184.2       36.4  -2.95000e+01   2.68400e-01     2           1.18730e+02   6.97500e+00  
