   YEAR     MONTH      DAY       HOUR      MIN       SEC       RECNO     KINDAT      KINST       UT1_UNIX        UT2_UNIX        WAVLEN        AZM        ELM         ALTB          ALTE         TN         DTN        VNHLU         DVNHLU     FPI_DATAQUAL      RLE           DRLE     
     2022         3        27        22        21        10          0       7100       5362 1648419670.000   1648419670.000    6.30000e+02     180.00      45.00   2.20500e+02   2.95500e+02     1056.6        9.7   5.97900e+01   2.03000e-01     1           3.14690e+02   6.48100e+00  
     2022         3        27        23         3        10          1       7100       5362 1648422190.000   1648422190.000    6.30000e+02      90.00      45.00   2.28500e+02   3.03500e+02      989.7       10.4   2.81400e+01   1.00100e-01     0           2.23700e+02   5.36500e+00  
     2022         3        27        23         5        34          2       7100       5362 1648422334.000   1648422334.000    6.30000e+02     180.00      45.00   2.28500e+02   3.03500e+02      988.2       10.4   2.43800e+01   8.63000e-02     1           2.28800e+02   5.44900e+00  
     2022         3        27        23         7        58          3       7100       5362 1648422478.000   1648422478.000    6.30000e+02     -90.00      45.00   2.28500e+02   3.03500e+02      999.0        9.2  -1.26900e+01   4.29000e-02     1           2.97270e+02   6.23600e+00  
     2022         3        27        23        18        10          4       7100       5362 1648423090.000   1648423090.000    6.30000e+02     180.00      45.00   2.28500e+02   3.03500e+02      988.2       11.4   2.72200e+01   1.00900e-01     0           1.96420e+02   5.12000e+00  
     2022         3        27        23        31        58          5       7100       5362 1648423918.000   1648423918.000    6.30000e+02      90.00      45.00   2.28500e+02   3.03500e+02      983.7       12.0   2.22000e+01   8.45000e-02     1           1.83600e+02   5.02200e+00  
     2022         3        27        23        34        22          6       7100       5362 1648424062.000   1648424062.000    6.30000e+02     180.00      45.00   2.28500e+02   3.03500e+02      975.6       14.7   1.72800e+01   7.29000e-02     0           1.33710e+02   4.42200e+00  
     2022         3        27        23        36        46          7       7100       5362 1648424206.000   1648424206.000    6.30000e+02     -90.00      45.00   2.28500e+02   3.03500e+02      974.9       13.6   1.17700e+01   4.81000e-02     1           1.69170e+02   5.11200e+00  
     2022         3        27        23        39        10          8       7100       5362 1648424350.000   1648424350.000    6.30000e+02       0.00      90.00   2.28500e+02   3.03500e+02      970.4       13.7           nan           nan     1           1.49630e+02   4.67100e+00  
     2022         3        27        23        41        34          9       7100       5362 1648424494.000   1648424494.000    6.30000e+02       0.00      45.00   2.28500e+02   3.03500e+02      980.4       15.9   1.89500e+01   8.44000e-02     1           1.55920e+02   5.30800e+00  
     2022         3        27        23        43        58         10       7100       5362 1648424638.000   1648424638.000    6.30000e+02      90.00      45.00   2.28500e+02   3.03500e+02      973.4       11.0   2.01300e+01   7.19000e-02     1           2.03900e+02   5.20400e+00  
     2022         3        27        23        46        22         11       7100       5362 1648424782.000   1648424782.000    6.30000e+02     180.00      45.00   2.28500e+02   3.03500e+02      941.3       19.6   2.16700e+01   1.07000e-01     0           8.27000e+01   3.68700e+00  
     2022         3        27        23        49        22         12       7100       5362 1648424962.000   1648424962.000    6.30000e+02     -90.00      45.00   2.28500e+02   3.03500e+02      971.3       16.3   1.44800e+01   6.33000e-02     1           1.35400e+02   4.82000e+00  
     2022         3        27        23        55        22         13       7100       5362 1648425322.000   1648425322.000    6.30000e+02       0.00      90.00   2.28500e+02   3.03500e+02      969.2       11.8           nan           nan     1           1.82450e+02   4.98800e+00  
     2022         3        28         0        12        46         14       7100       5362 1648426366.000   1648426366.000    6.30000e+02      90.00      45.00   2.37500e+02   3.12500e+02      975.2       11.6   4.90800e+01   2.78000e-01     0           1.77130e+02   4.80400e+00  
     2022         3        28         0        15        10         15       7100       5362 1648426510.000   1648426510.000    6.30000e+02     180.00      45.00   2.37500e+02   3.12500e+02      965.6       16.0   1.98000e+00   1.32000e-02     0           1.12270e+02   4.07800e+00  
     2022         3        28         0        17        34         16       7100       5362 1648426654.000   1648426654.000    6.30000e+02     -90.00      45.00   2.37500e+02   3.12500e+02      965.4       24.9  -3.19000e+00   2.72000e-02     1           7.10000e+01   3.78200e+00  
     2022         3        28         0        23        34         17       7100       5362 1648427014.000   1648427014.000    6.30000e+02       0.00      90.00   2.37500e+02   3.12500e+02      960.8       33.6           nan           nan     1           4.50000e+01   3.20100e+00  
     2022         3        28         0        25        58         18       7100       5362 1648427158.000   1648427158.000    6.30000e+02       0.00      45.00   2.37500e+02   3.12500e+02      996.9       30.2   2.64900e+01   2.54600e-01     1           6.35700e+01   3.88700e+00  
     2022         3        28         0        28        22         19       7100       5362 1648427302.000   1648427302.000    6.30000e+02      90.00      45.00   2.37500e+02   3.12500e+02      987.3       30.0   1.55400e+01   1.39700e-01     0           5.27400e+01   3.29800e+00  
     2022         3        28         0        30        46         20       7100       5362 1648427446.000   1648427446.000    6.30000e+02     180.00      45.00   2.37500e+02   3.12500e+02      984.3       27.2   2.63500e+01   2.08200e-01     0           5.49400e+01   3.18100e+00  
     2022         3        28         0        33        46         21       7100       5362 1648427626.000   1648427626.000    6.30000e+02     -90.00      45.00   2.37500e+02   3.12500e+02      992.9       40.1   3.42800e+01   3.38900e-01     1           4.18100e+01   3.36700e+00  
     2022         3        28         0        36        10         22       7100       5362 1648427770.000   1648427770.000    6.30000e+02       0.00      90.00   2.37500e+02   3.12500e+02      981.8       18.2           nan           nan     0           9.52900e+01   3.84200e+00  
     2022         3        28         0        38        34         23       7100       5362 1648427914.000   1648427914.000    6.30000e+02       0.00      45.00   2.37500e+02   3.12500e+02     1014.5       33.0   8.36000e+00   7.26000e-02     1           5.37800e+01   3.53400e+00  
     2022         3        28         0        40        58         24       7100       5362 1648428058.000   1648428058.000    6.30000e+02      90.00      45.00   2.37500e+02   3.12500e+02      990.4       15.4   3.63500e+01   2.45200e-01     0           1.16300e+02   4.02800e+00  
     2022         3        28         0        43        22         25       7100       5362 1648428202.000   1648428202.000    6.30000e+02     180.00      45.00   2.37500e+02   3.12500e+02      999.4       36.4   2.44900e+01   2.69300e-01     1           4.07700e+01   3.02300e+00  
     2022         3        28         0        51        46         26       7100       5362 1648428706.000   1648428706.000    6.30000e+02       0.00      90.00   2.37500e+02   3.12500e+02     1039.1       52.4           nan           nan     2           3.06000e+01   3.03000e+00  
     2022         3        28         0        57        10         27       7100       5362 1648429030.000   1648429030.000    6.30000e+02      90.00      45.00   2.37500e+02   3.12500e+02     1080.7      106.2   6.23900e+01   1.63300e+00     2           1.41400e+01   2.64200e+00  
     2022         3        28         1         1        58         28       7100       5362 1648429318.000   1648429318.000    6.30000e+02     -90.00      45.00   2.50500e+02   3.25500e+02     1099.0       67.2   2.81600e+01   5.84300e-01     2           2.31100e+01   2.75600e+00  
     2022         3        28         1         4        22         29       7100       5362 1648429462.000   1648429462.000    6.30000e+02       0.00      90.00   2.50500e+02   3.25500e+02     1085.7       67.1           nan           nan     2           2.09400e+01   2.54000e+00  
     2022         3        28         1        48        46         30       7100       5362 1648432126.000   1648432126.000    6.30000e+02       0.00      90.00   2.50500e+02   3.25500e+02     1102.2       87.4           nan           nan     2           1.90900e+01   2.89400e+00  
     2022         3        28         1        51        10         31       7100       5362 1648432270.000   1648432270.000    6.30000e+02       0.00      45.00   2.50500e+02   3.25500e+02     1021.1       45.9   5.24600e+01   1.04560e+00     1           3.31800e+01   2.97500e+00  
     2022         3        28         1        53        34         32       7100       5362 1648432414.000   1648432414.000    6.30000e+02      90.00      45.00   2.50500e+02   3.25500e+02     1222.6       94.5   5.01600e+01   1.24920e+00     2           1.76300e+01   2.61300e+00  
     2022         3        28         1        56        34         33       7100       5362 1648432594.000   1648432594.000    6.30000e+02     180.00      45.00   2.50500e+02   3.25500e+02     1146.8      108.2   3.34100e+01   8.72200e-01     2           1.59100e+01   2.83800e+00  
     2022         3        28         1        58        58         34       7100       5362 1648432738.000   1648432738.000    6.30000e+02     -90.00      45.00   2.59500e+02   3.34500e+02     1076.7       57.7   1.01000e+01   1.82900e-01     2           2.93100e+01   3.07300e+00  
     2022         3        28         2         1        22         35       7100       5362 1648432882.000   1648432882.000    6.30000e+02       0.00      90.00   2.59500e+02   3.34500e+02     1005.9       52.2           nan           nan     1           2.14600e+01   2.25400e+00  
     2022         3        28         2         3        46         36       7100       5362 1648433026.000   1648433026.000    6.30000e+02       0.00      45.00   2.59500e+02   3.34500e+02      986.4       36.8   1.04530e+02   1.45230e+00     0           3.27100e+01   2.53400e+00  
     2022         3        28         2         6        10         37       7100       5362 1648433170.000   1648433170.000    6.30000e+02      90.00      45.00   2.59500e+02   3.34500e+02     1073.1       51.5   7.73000e+01   1.21770e+00     1           2.43800e+01   2.37100e+00  
     2022         3        28         2         8        34         38       7100       5362 1648433314.000   1648433314.000    6.30000e+02     180.00      45.00   2.59500e+02   3.34500e+02     1027.1       44.7  -3.67800e+01   5.40100e-01     1           2.86100e+01   2.53500e+00  
     2022         3        28         2        10        58         39       7100       5362 1648433458.000   1648433458.000    6.30000e+02     -90.00      45.00   2.59500e+02   3.34500e+02     1079.2       55.4   5.07900e+01   8.34600e-01     2           3.09900e+01   3.11200e+00  
     2022         3        28         2        17        34         40       7100       5362 1648433854.000   1648433854.000    6.30000e+02       0.00      90.00   2.59500e+02   3.34500e+02     1004.2       48.4           nan           nan     0           2.18700e+01   2.16100e+00  
     2022         3        28         2        19        58         41       7100       5362 1648433998.000   1648433998.000    6.30000e+02       0.00      45.00   2.59500e+02   3.34500e+02      978.4       35.8   9.94700e+01   1.28120e+00     0           3.10800e+01   2.38800e+00  
     2022         3        28         2        22        22         42       7100       5362 1648434142.000   1648434142.000    6.30000e+02      90.00      45.00   2.59500e+02   3.34500e+02      968.2       47.7   9.52000e+01   1.42440e+00     0           2.12800e+01   2.14400e+00  
     2022         3        28         2        24        46         43       7100       5362 1648434286.000   1648434286.000    6.30000e+02     180.00      45.00   2.59500e+02   3.34500e+02      990.6       39.1  -6.41400e+01   8.29400e-01     0           2.93200e+01   2.40200e+00  
     2022         3        28         2        27        10         44       7100       5362 1648434430.000   1648434430.000    6.30000e+02     -90.00      45.00   2.59500e+02   3.34500e+02     1042.4       36.2  -5.39200e+01   6.54500e-01     0           3.58100e+01   2.60200e+00  
     2022         3        28         2        29        34         45       7100       5362 1648434574.000   1648434574.000    6.30000e+02       0.00      90.00   2.59500e+02   3.34500e+02      948.4       41.2           nan           nan     0           2.31500e+01   2.10000e+00  
     2022         3        28         2        31        58         46       7100       5362 1648434718.000   1648434718.000    6.30000e+02       0.00      45.00   2.59500e+02   3.34500e+02      967.6       34.2   1.02280e+02   1.21950e+00     0           3.26500e+01   2.43300e+00  
     2022         3        28         2        34        58         47       7100       5362 1648434898.000   1648434898.000    6.30000e+02      90.00      45.00   2.59500e+02   3.34500e+02      942.4       40.6   9.22800e+01   1.20130e+00     0           2.37800e+01   2.14000e+00  
     2022         3        28         2        37        22         48       7100       5362 1648435042.000   1648435042.000    6.30000e+02     180.00      45.00   2.59500e+02   3.34500e+02      942.2       37.3  -5.37300e+01   6.67800e-01     0           2.96000e+01   2.43200e+00  
     2022         3        28         2        39        46         49       7100       5362 1648435186.000   1648435186.000    6.30000e+02     -90.00      45.00   2.59500e+02   3.34500e+02      974.9       33.7  -5.83100e+01   6.88100e-01     0           3.53200e+01   2.56300e+00  
     2022         3        28         2        45        46         50       7100       5362 1648435546.000   1648435546.000    6.30000e+02       0.00      90.00   2.59500e+02   3.34500e+02      930.2       40.2           nan           nan     0           2.38100e+01   2.14700e+00  
     2022         3        28         2        48        10         51       7100       5362 1648435690.000   1648435690.000    6.30000e+02       0.00      45.00   2.59500e+02   3.34500e+02      937.0       30.9   7.59900e+01   8.63900e-01     0           3.56400e+01   2.49300e+00  
     2022         3        28         2        50        34         52       7100       5362 1648435834.000   1648435834.000    6.30000e+02      90.00      45.00   2.59500e+02   3.34500e+02      937.4       36.2   7.24300e+01   8.99400e-01     0           2.86400e+01   2.32000e+00  
     2022         3        28         2        52        58         53       7100       5362 1648435978.000   1648435978.000    6.30000e+02     180.00      45.00   2.59500e+02   3.34500e+02      969.8       42.1  -5.78600e+01   7.68300e-01     0           2.79700e+01   2.48300e+00  
     2022         3        28         2        55        22         54       7100       5362 1648436122.000   1648436122.000    6.30000e+02     -90.00      45.00   2.59500e+02   3.34500e+02      962.6       31.5  -6.33800e+01   7.28300e-01     0           3.66400e+01   2.53900e+00  
     2022         3        28         2        58        22         55       7100       5362 1648436302.000   1648436302.000    6.30000e+02       0.00      90.00   2.59500e+02   3.34500e+02      974.8       41.9           nan           nan     0           2.42000e+01   2.16700e+00  
     2022         3        28         3         0        46         56       7100       5362 1648436446.000   1648436446.000    6.30000e+02       0.00      45.00   2.64500e+02   3.39500e+02      989.3       34.4   6.55600e+01   7.74600e-01     0           3.87700e+01   2.79200e+00  
     2022         3        28         3         3        10         57       7100       5362 1648436590.000   1648436590.000    6.30000e+02      90.00      45.00   2.64500e+02   3.39500e+02      968.4       31.8   8.17200e+01   8.97400e-01     0           3.62300e+01   2.52100e+00  
     2022         3        28         3         5        34         58       7100       5362 1648436734.000   1648436734.000    6.30000e+02     180.00      45.00   2.64500e+02   3.39500e+02      945.7       35.1  -4.70200e+01   5.34200e-01     0           3.21900e+01   2.49000e+00  
     2022         3        28         3         7        58         59       7100       5362 1648436878.000   1648436878.000    6.30000e+02     -90.00      45.00   2.64500e+02   3.39500e+02      959.1       28.7  -4.25400e+01   4.32500e-01     0           4.57400e+01   2.88600e+00  
     2022         3        28         3        13        58         60       7100       5362 1648437238.000   1648437238.000    6.30000e+02       0.00      90.00   2.64500e+02   3.39500e+02      947.7       31.0           nan           nan     0           3.90900e+01   2.68700e+00  
     2022         3        28         3        16        22         61       7100       5362 1648437382.000   1648437382.000    6.30000e+02       0.00      45.00   2.64500e+02   3.39500e+02      992.2       29.0   3.88500e+01   3.66700e-01     0           5.25600e+01   3.19500e+00  
     2022         3        28         3        19        22         62       7100       5362 1648437562.000   1648437562.000    6.30000e+02      90.00      45.00   2.64500e+02   3.39500e+02     1015.8       37.4   3.33700e+01   3.48700e-01     0           3.75800e+01   2.83700e+00  
     2022         3        28         3        21        46         63       7100       5362 1648437706.000   1648437706.000    6.30000e+02     180.00      45.00   2.64500e+02   3.39500e+02      945.6       26.8  -1.68400e+01   1.47000e-01     0           4.96900e+01   2.97400e+00  
     2022         3        28         3        24        10         64       7100       5362 1648437850.000   1648437850.000    6.30000e+02     -90.00      45.00   2.64500e+02   3.39500e+02      926.8       20.7  -5.50900e+01   4.14200e-01     0           6.92900e+01   3.34600e+00  
     2022         3        28         3        26        34         65       7100       5362 1648437994.000   1648437994.000    6.30000e+02       0.00      90.00   2.64500e+02   3.39500e+02      938.7       25.6           nan           nan     0           4.76400e+01   2.79500e+00  
     2022         3        28         3        28        58         66       7100       5362 1648438138.000   1648438138.000    6.30000e+02       0.00      45.00   2.64500e+02   3.39500e+02     1016.9       36.2   1.20400e+01   1.18300e-01     1           4.73400e+01   3.39500e+00  
     2022         3        28         3        31        22         67       7100       5362 1648438282.000   1648438282.000    6.30000e+02      90.00      45.00   2.64500e+02   3.39500e+02      969.4       25.7   6.00300e+01   4.83900e-01     0           5.55900e+01   3.12800e+00  
     2022         3        28         3        33        46         68       7100       5362 1648438426.000   1648438426.000    6.30000e+02     180.00      45.00   2.64500e+02   3.39500e+02      941.6       23.2  -3.24800e+01   2.45600e-01     0           5.82800e+01   3.08600e+00  
     2022         3        28         3        36        46         69       7100       5362 1648438606.000   1648438606.000    6.30000e+02     -90.00      45.00   2.64500e+02   3.39500e+02      942.4       19.6  -4.95200e+01   3.48500e-01     0           8.07800e+01   3.62100e+00  
     2022         3        28         3        42        46         70       7100       5362 1648438966.000   1648438966.000    6.30000e+02       0.00      90.00   2.64500e+02   3.39500e+02      975.0       24.3           nan           nan     0           6.44900e+01   3.39900e+00  
     2022         3        28         3        45        10         71       7100       5362 1648439110.000   1648439110.000    6.30000e+02       0.00      45.00   2.64500e+02   3.39500e+02      973.6       25.3   1.28300e+01   9.97000e-02     1           6.74700e+01   3.64500e+00  
     2022         3        28         3        47        34         72       7100       5362 1648439254.000   1648439254.000    6.30000e+02      90.00      45.00   2.64500e+02   3.39500e+02      968.7       27.7   3.20800e+01   2.59800e-01     0           5.23600e+01   3.14000e+00  
     2022         3        28         3        49        58         73       7100       5362 1648439398.000   1648439398.000    6.30000e+02     180.00      45.00   2.64500e+02   3.39500e+02      929.6       23.3  -2.42000e+00   1.78000e-02     0           5.88200e+01   3.14800e+00  
     2022         3        28         3        52        22         74       7100       5362 1648439542.000   1648439542.000    6.30000e+02     -90.00      45.00   2.64500e+02   3.39500e+02      972.7       19.0  -4.75600e+01   3.09100e-01     0           9.16000e+01   3.85700e+00  
     2022         3        28         3        54        46         75       7100       5362 1648439686.000   1648439686.000    6.30000e+02       0.00      90.00   2.64500e+02   3.39500e+02      958.0       22.0           nan           nan     0           6.95700e+01   3.41600e+00  
     2022         3        28         3        57        10         76       7100       5362 1648439830.000   1648439830.000    6.30000e+02       0.00      45.00   2.64500e+02   3.39500e+02      967.6       28.3   1.16100e+01   9.23000e-02     1           5.91800e+01   3.54900e+00  
     2022         3        28         4         0        10         77       7100       5362 1648440010.000   1648440010.000    6.30000e+02      90.00      45.00   2.65500e+02   3.40500e+02      950.5       23.0   3.18500e+01   2.22600e-01     0           6.23000e+01   3.22600e+00  
     2022         3        28         4         2        34         78       7100       5362 1648440154.000   1648440154.000    6.30000e+02     180.00      45.00   2.65500e+02   3.40500e+02      963.9       20.9  -3.50000e+01   2.27900e-01     0           6.75900e+01   3.20400e+00  
     2022         3        28         4         4        58         79       7100       5362 1648440298.000   1648440298.000    6.30000e+02     -90.00      45.00   2.65500e+02   3.40500e+02      949.8       14.5  -6.56700e+01   3.54100e-01     0           1.13770e+02   3.90700e+00  
     2022         3        28         4        10        58         80       7100       5362 1648440658.000   1648440658.000    6.30000e+02       0.00      90.00   2.65500e+02   3.40500e+02      959.7       19.6           nan           nan     0           7.02600e+01   3.17500e+00  
     2022         3        28         4        13        22         81       7100       5362 1648440802.000   1648440802.000    6.30000e+02       0.00      45.00   2.65500e+02   3.40500e+02      956.3       14.4   2.08600e+01   1.09500e-01     0           1.19290e+02   4.04300e+00  
     2022         3        28         4        15        46         82       7100       5362 1648440946.000   1648440946.000    6.30000e+02      90.00      45.00   2.65500e+02   3.40500e+02      986.3       19.7   3.85600e+01   2.33300e-01     0           7.73800e+01   3.39700e+00  
     2022         3        28         4        18        10         83       7100       5362 1648441090.000   1648441090.000    6.30000e+02     180.00      45.00   2.65500e+02   3.40500e+02      978.0       20.4  -4.23200e+01   2.61100e-01     0           7.14800e+01   3.26400e+00  
     2022         3        28         4        20        34         84       7100       5362 1648441234.000   1648441234.000    6.30000e+02     -90.00      45.00   2.65500e+02   3.40500e+02      961.7       15.1  -5.70600e+01   3.06200e-01     0           1.11720e+02   3.92900e+00  
     2022         3        28         4        23        34         85       7100       5362 1648441414.000   1648441414.000    6.30000e+02       0.00      90.00   2.65500e+02   3.40500e+02      956.4       19.7           nan           nan     0           7.12900e+01   3.23100e+00  
     2022         3        28         4        25        58         86       7100       5362 1648441558.000   1648441558.000    6.30000e+02       0.00      45.00   2.65500e+02   3.40500e+02      965.2       16.6   2.73000e+01   1.54800e-01     0           1.00430e+02   3.81900e+00  
     2022         3        28         4        28        22         87       7100       5362 1648441702.000   1648441702.000    6.30000e+02      90.00      45.00   2.65500e+02   3.40500e+02      960.9       22.4   3.27100e+01   2.17300e-01     0           6.09000e+01   3.08100e+00  
     2022         3        28         4        30        46         88       7100       5362 1648441846.000   1648441846.000    6.30000e+02     180.00      45.00   2.65500e+02   3.40500e+02      962.0       24.5  -2.61800e+01   1.86300e-01     0           5.35500e+01   2.93800e+00  
     2022         3        28         4        33        10         89       7100       5362 1648441990.000   1648441990.000    6.30000e+02     -90.00      45.00   2.65500e+02   3.40500e+02      967.7       22.9  -1.80900e+01   1.26000e-01     0           7.04100e+01   3.52900e+00  
     2022         3        28         4        39        46         90       7100       5362 1648442386.000   1648442386.000    6.30000e+02       0.00      90.00   2.65500e+02   3.40500e+02     1003.1       22.5           nan           nan     0           6.34000e+01   3.10800e+00  
     2022         3        28         4        42        10         91       7100       5362 1648442530.000   1648442530.000    6.30000e+02       0.00      45.00   2.65500e+02   3.40500e+02      996.5       20.6   2.00000e+01   1.35700e-01     0           8.37700e+01   3.71100e+00  
     2022         3        28         4        44        34         92       7100       5362 1648442674.000   1648442674.000    6.30000e+02      90.00      45.00   2.65500e+02   3.40500e+02      994.0       25.7   3.21000e+01   2.46700e-01     0           5.31800e+01   2.95600e+00  
     2022         3        28         4        46        58         93       7100       5362 1648442818.000   1648442818.000    6.30000e+02     180.00      45.00   2.65500e+02   3.40500e+02     1001.1       31.8  -4.61000e+01   4.06900e-01     0           4.00500e+01   2.68400e+00  
     2022         3        28         4        49        22         94       7100       5362 1648442962.000   1648442962.000    6.30000e+02     -90.00      45.00   2.65500e+02   3.40500e+02     1001.8       20.0  -2.73500e+01   1.90800e-01     0           8.29200e+01   3.59300e+00  
     2022         3        28         4        51        46         95       7100       5362 1648443106.000   1648443106.000    6.30000e+02       0.00      90.00   2.65500e+02   3.40500e+02     1016.1       26.7           nan           nan     0           5.07100e+01   2.86500e+00  
     2022         3        28         4        54        46         96       7100       5362 1648443286.000   1648443286.000    6.30000e+02       0.00      45.00   2.65500e+02   3.40500e+02      992.6       17.2   6.05900e+01   4.28800e-01     0           9.71000e+01   3.73100e+00  
     2022         3        28         4        57        10         97       7100       5362 1648443430.000   1648443430.000    6.30000e+02      90.00      45.00   2.65500e+02   3.40500e+02     1053.7       32.1   4.38300e+01   4.24400e-01     0           4.35200e+01   2.79600e+00  
     2022         3        28         4        59        34         98       7100       5362 1648443574.000   1648443574.000    6.30000e+02     180.00      45.00   2.61500e+02   3.36500e+02     1038.2       52.1  -6.23600e+01   8.30000e-01     1           2.19300e+01   2.23500e+00  
     2022         3        28         5         1        58         99       7100       5362 1648443718.000   1648443718.000    6.30000e+02     -90.00      45.00   2.61500e+02   3.36500e+02     1030.1       25.1   2.24000e+00   2.08000e-02     0           6.39700e+01   3.31600e+00  
     2022         3        28         5         7        58        100       7100       5362 1648444078.000   1648444078.000    6.30000e+02       0.00      90.00   2.61500e+02   3.36500e+02     1001.9       40.5           nan           nan     0           2.77000e+01   2.32800e+00  
     2022         3        28         5        10        22        101       7100       5362 1648444222.000   1648444222.000    6.30000e+02       0.00      45.00   2.61500e+02   3.36500e+02     1007.9       31.2   6.46900e+01   7.59500e-01     0           4.92100e+01   3.14700e+00  
     2022         3        28         5        12        46        102       7100       5362 1648444366.000   1648444366.000    6.30000e+02      90.00      45.00   2.61500e+02   3.36500e+02     1054.7       50.3   3.27300e+01   4.85900e-01     0           2.39100e+01   2.31900e+00  
     2022         3        28         5        15        46        103       7100       5362 1648444546.000   1648444546.000    6.30000e+02     180.00      45.00   2.61500e+02   3.36500e+02     1055.8       66.5  -2.40300e+01   4.50400e-01     2           1.81800e+01   2.26600e+00  
     2022         3        28         5        18        10        104       7100       5362 1648444690.000   1648444690.000    6.30000e+02     -90.00      45.00   2.61500e+02   3.36500e+02     1127.8       59.3  -1.75500e+01   3.00500e-01     2           3.12100e+01   3.19300e+00  
     2022         3        28         5        20        34        105       7100       5362 1648444834.000   1648444834.000    6.30000e+02       0.00      90.00   2.61500e+02   3.36500e+02     1031.5       52.5           nan           nan     1           2.58200e+01   2.62200e+00  
     2022         3        28         5        25        22        106       7100       5362 1648445122.000   1648445122.000    6.30000e+02      90.00      45.00   2.61500e+02   3.36500e+02     1029.6       72.3   5.86200e+01   1.27750e+00     2           1.75400e+01   2.40700e+00  
     2022         3        28         5        27        46        107       7100       5362 1648445266.000   1648445266.000    6.30000e+02     180.00      45.00   2.61500e+02   3.36500e+02     1176.8       80.7   4.50900e+01   1.01170e+00     2           1.95000e+01   2.59400e+00  
     2022         3        28         5        36        10        108       7100       5362 1648445770.000   1648445770.000    6.30000e+02       0.00      90.00   2.61500e+02   3.36500e+02     1029.6       74.3           nan           nan     1           1.33800e+01   1.91800e+00  
     2022         3        28         5        39        10        109       7100       5362 1648445950.000   1648445950.000    6.30000e+02       0.00      45.00   2.61500e+02   3.36500e+02     1004.3       42.0   5.92000e+01   1.08910e+00     1           3.49800e+01   2.94300e+00  
     2022         3        28         5        41        34        110       7100       5362 1648446094.000   1648446094.000    6.30000e+02      90.00      45.00   2.61500e+02   3.36500e+02     1016.5       49.4   6.57100e+01   1.23720e+00     0           2.30900e+01   2.28400e+00  
     2022         3        28         5        43        58        111       7100       5362 1648446238.000   1648446238.000    6.30000e+02     180.00      45.00   2.61500e+02   3.36500e+02     1088.3       70.3  -5.89400e+01   1.26230e+00     1           1.73000e+01   2.21100e+00  
     2022         3        28         5        46        22        112       7100       5362 1648446382.000   1648446382.000    6.30000e+02     -90.00      45.00   2.61500e+02   3.36500e+02     1107.6       54.6   4.35400e+01   7.95000e-01     2           3.41000e+01   3.28500e+00  
     2022         3        28         5        48        46        113       7100       5362 1648446526.000   1648446526.000    6.30000e+02       0.00      90.00   2.61500e+02   3.36500e+02     1039.6       56.7           nan           nan     1           2.18500e+01   2.38400e+00  
     2022         3        28         5        51        10        114       7100       5362 1648446670.000   1648446670.000    6.30000e+02       0.00      45.00   2.61500e+02   3.36500e+02      964.4       37.2   4.36000e+01   6.60500e-01     0           3.20600e+01   2.55400e+00  
     2022         3        28         5        53        34        115       7100       5362 1648446814.000   1648446814.000    6.30000e+02      90.00      45.00   2.61500e+02   3.36500e+02      985.0       39.5   3.62600e+01   5.53600e-01     0           3.05400e+01   2.52000e+00  
     2022         3        28         5        56        34        116       7100       5362 1648446994.000   1648446994.000    6.30000e+02     180.00      45.00   2.61500e+02   3.36500e+02     1074.9       52.5   4.45300e+01   7.36300e-01     1           2.60800e+01   2.55400e+00  
     2022         3        28         5        58        58        117       7100       5362 1648447138.000   1648447138.000    6.30000e+02     -90.00      45.00   2.59500e+02   3.34500e+02     1028.8       42.3  -1.98500e+01   3.00000e-01     0           3.02700e+01   2.55000e+00  
     2022         3        28         6         4        58        118       7100       5362 1648447498.000   1648447498.000    6.30000e+02       0.00      90.00   2.59500e+02   3.34500e+02      989.9       49.4           nan           nan     1           2.22200e+01   2.25400e+00  
     2022         3        28         6         7        22        119       7100       5362 1648447642.000   1648447642.000    6.30000e+02       0.00      45.00   2.59500e+02   3.34500e+02      981.7       38.8  -1.59500e+01   2.22600e-01     0           2.97800e+01   2.44000e+00  
     2022         3        28         6         9        46        120       7100       5362 1648447786.000   1648447786.000    6.30000e+02      90.00      45.00   2.59500e+02   3.34500e+02      906.3       26.6   5.42500e+01   6.37700e-01     0           4.47600e+01   2.78900e+00  
     2022         3        28         6        12        10        121       7100       5362 1648447930.000   1648447930.000    6.30000e+02     180.00      45.00   2.59500e+02   3.34500e+02      954.9       32.6   3.60500e+01   4.40800e-01     0           3.66700e+01   2.62400e+00  
     2022         3        28         6        14        34        122       7100       5362 1648448074.000   1648448074.000    6.30000e+02     -90.00      45.00   2.59500e+02   3.34500e+02      980.2       40.2  -2.05100e+01   2.70000e-01     0           2.95400e+01   2.49200e+00  
     2022         3        28         6        17        34        123       7100       5362 1648448254.000   1648448254.000    6.30000e+02       0.00      90.00   2.59500e+02   3.34500e+02      962.3       37.6           nan           nan     0           2.91100e+01   2.37200e+00  
     2022         3        28         6        19        58        124       7100       5362 1648448398.000   1648448398.000    6.30000e+02       0.00      45.00   2.59500e+02   3.34500e+02      957.2       33.4  -9.40000e-01   1.07000e-02     0           3.57300e+01   2.60700e+00  
     2022         3        28         6        22        22        125       7100       5362 1648448542.000   1648448542.000    6.30000e+02      90.00      45.00   2.59500e+02   3.34500e+02      925.0       23.9   5.44800e+01   5.15400e-01     0           5.41000e+01   2.99900e+00  
     2022         3        28         6        24        46        126       7100       5362 1648448686.000   1648448686.000    6.30000e+02     180.00      45.00   2.59500e+02   3.34500e+02      952.6       27.5   4.65200e+01   4.51700e-01     0           4.71600e+01   2.88300e+00  
     2022         3        28         6        27        10        127       7100       5362 1648448830.000   1648448830.000    6.30000e+02     -90.00      45.00   2.59500e+02   3.34500e+02      932.8       34.8  -3.13800e+01   3.37300e-01     0           3.16800e+01   2.46800e+00  
     2022         3        28         6        33        10        128       7100       5362 1648449190.000   1648449190.000    6.30000e+02       0.00      90.00   2.59500e+02   3.34500e+02      921.8       25.9           nan           nan     0           4.42600e+01   2.67800e+00  
     2022         3        28         6        35        34        129       7100       5362 1648449334.000   1648449334.000    6.30000e+02       0.00      45.00   2.59500e+02   3.34500e+02      909.5       24.0  -1.57200e+01   1.29000e-01     0           5.41900e+01   3.05000e+00  
     2022         3        28         6        38        34        130       7100       5362 1648449514.000   1648449514.000    6.30000e+02      90.00      45.00   2.59500e+02   3.34500e+02      897.3       20.4   3.77600e+01   2.81700e-01     0           6.43400e+01   3.17300e+00  
     2022         3        28         6        40        58        131       7100       5362 1648449658.000   1648449658.000    6.30000e+02     180.00      45.00   2.59500e+02   3.34500e+02      904.1       24.0   3.23600e+01   2.60900e-01     0           5.44800e+01   3.07500e+00  
     2022         3        28         6        43        22        132       7100       5362 1648449802.000   1648449802.000    6.30000e+02     -90.00      45.00   2.59500e+02   3.34500e+02      948.1       25.4  -2.51200e+01   2.03700e-01     0           5.95600e+01   3.33900e+00  
     2022         3        28         6        45        46        133       7100       5362 1648449946.000   1648449946.000    6.30000e+02       0.00      90.00   2.59500e+02   3.34500e+02      907.5       23.3           nan           nan     0           5.87100e+01   3.20800e+00  
     2022         3        28         6        48        10        134       7100       5362 1648450090.000   1648450090.000    6.30000e+02       0.00      45.00   2.59500e+02   3.34500e+02      890.9       17.9  -2.24500e+01   1.53200e-01     0           7.55500e+01   3.34200e+00  
     2022         3        28         6        50        34        135       7100       5362 1648450234.000   1648450234.000    6.30000e+02      90.00      45.00   2.59500e+02   3.34500e+02      901.7       24.2   3.20100e+01   2.53200e-01     0           5.48700e+01   3.11700e+00  
     2022         3        28         6        52        58        136       7100       5362 1648450378.000   1648450378.000    6.30000e+02     180.00      45.00   2.59500e+02   3.34500e+02      899.2       32.6   1.19000e+01   1.12000e-01     0           4.03400e+01   2.98800e+00  
     2022         3        28         6        55        58        137       7100       5362 1648450558.000   1648450558.000    6.30000e+02     -90.00      45.00   2.59500e+02   3.34500e+02      902.3       31.1  -1.82400e+01   1.71400e-01     1           5.42300e+01   3.74100e+00  
     2022         3        28         7         1        58        138       7100       5362 1648450918.000   1648450918.000    6.30000e+02       0.00      90.00   2.55500e+02   3.30500e+02      884.9       21.5           nan           nan     0           6.72100e+01   3.45600e+00  
     2022         3        28         7         4        22        139       7100       5362 1648451062.000   1648451062.000    6.30000e+02       0.00      45.00   2.55500e+02   3.30500e+02      923.8       24.8  -2.54600e+01   1.99000e-01     1           6.44200e+01   3.59400e+00  
     2022         3        28         7         6        46        140       7100       5362 1648451206.000   1648451206.000    6.30000e+02      90.00      45.00   2.55500e+02   3.30500e+02      880.2       23.4   9.49000e+00   7.14000e-02     0           5.73600e+01   3.22500e+00  
     2022         3        28         7         9        10        141       7100       5362 1648451350.000   1648451350.000    6.30000e+02     180.00      45.00   2.55500e+02   3.30500e+02      912.3       26.8   2.88300e+01   2.29000e-01     0           5.32600e+01   3.24800e+00  
     2022         3        28         7        11        34        142       7100       5362 1648451494.000   1648451494.000    6.30000e+02     -90.00      45.00   2.55500e+02   3.30500e+02      925.3       26.1  -2.70000e+01   2.12600e-01     1           6.75100e+01   3.88300e+00  
     2022         3        28         7        13        58        143       7100       5362 1648451638.000   1648451638.000    6.30000e+02       0.00      90.00   2.55500e+02   3.30500e+02      886.7       19.7           nan           nan     0           7.32200e+01   3.49100e+00  
     2022         3        28         7        16        22        144       7100       5362 1648451782.000   1648451782.000    6.30000e+02       0.00      45.00   2.55500e+02   3.30500e+02      873.0       17.6  -1.65600e+01   1.04100e-01     0           8.26000e+01   3.61500e+00  
     2022         3        28         7        19        22        145       7100       5362 1648451962.000   1648451962.000    6.30000e+02      90.00      45.00   2.55500e+02   3.30500e+02      863.1       17.3   2.42000e+01   1.49400e-01     0           7.51300e+01   3.32900e+00  
     2022         3        28         7        21        46        146       7100       5362 1648452106.000   1648452106.000    6.30000e+02     180.00      45.00   2.55500e+02   3.30500e+02      865.0       17.6   2.50800e+01   1.56200e-01     0           7.63600e+01   3.40700e+00  
     2022         3        28         7        24        10        147       7100       5362 1648452250.000   1648452250.000    6.30000e+02     -90.00      45.00   2.55500e+02   3.30500e+02      881.9       14.2  -2.22500e+01   1.24300e-01     0           1.06370e+02   3.84100e+00  
     2022         3        28         7        30        10        148       7100       5362 1648452610.000   1648452610.000    6.30000e+02       0.00      90.00   2.55500e+02   3.30500e+02      840.0       18.5           nan           nan     0           6.36600e+01   3.08700e+00  
     2022         3        28         7        33        10        149       7100       5362 1648452790.000   1648452790.000    6.30000e+02       0.00      45.00   2.55500e+02   3.30500e+02      863.5       16.5  -3.45300e+01   2.07400e-01     0           7.89000e+01   3.35400e+00  
     2022         3        28         7        35        34        150       7100       5362 1648452934.000   1648452934.000    6.30000e+02      90.00      45.00   2.55500e+02   3.30500e+02      844.6       22.0   2.46900e+01   1.78200e-01     0           5.93600e+01   3.26600e+00  
     2022         3        28         7        37        58        151       7100       5362 1648453078.000   1648453078.000    6.30000e+02     180.00      45.00   2.55500e+02   3.30500e+02      888.3       22.1   2.67600e+01   1.92500e-01     0           6.00100e+01   3.19000e+00  
     2022         3        28         7        40        22        152       7100       5362 1648453222.000   1648453222.000    6.30000e+02     -90.00      45.00   2.55500e+02   3.30500e+02      857.9       15.3  -1.35200e+01   8.26000e-02     0           8.92400e+01   3.54200e+00  
     2022         3        28         7        42        46        153       7100       5362 1648453366.000   1648453366.000    6.30000e+02       0.00      90.00   2.55500e+02   3.30500e+02      862.1       21.3           nan           nan     0           5.33100e+01   2.86900e+00  
     2022         3        28         7        45        10        154       7100       5362 1648453510.000   1648453510.000    6.30000e+02       0.00      45.00   2.55500e+02   3.30500e+02      852.8       18.8  -1.04600e+01   7.22000e-02     0           6.66100e+01   3.20000e+00  
     2022         3        28         7        47        34        155       7100       5362 1648453654.000   1648453654.000    6.30000e+02      90.00      45.00   2.55500e+02   3.30500e+02      853.2       25.6   3.71600e+01   3.07500e-01     0           4.96100e+01   3.10700e+00  
     2022         3        28         7        50        34        156       7100       5362 1648453834.000   1648453834.000    6.30000e+02     180.00      45.00   2.55500e+02   3.30500e+02      859.3       24.8   1.97700e+01   1.59300e-01     0           4.67500e+01   2.86500e+00  
     2022         3        28         7        52        58        157       7100       5362 1648453978.000   1648453978.000    6.30000e+02     -90.00      45.00   2.55500e+02   3.30500e+02      841.1       16.9  -1.56300e+01   1.05700e-01     0           7.53800e+01   3.34400e+00  
     2022         3        28         7        58        58        158       7100       5362 1648454338.000   1648454338.000    6.30000e+02       0.00      90.00   2.52500e+02   3.27500e+02      843.8       22.2           nan           nan     0           5.28200e+01   2.98100e+00  
     2022         3        28         8         1        22        159       7100       5362 1648454482.000   1648454482.000    6.30000e+02       0.00      45.00   2.52500e+02   3.27500e+02      868.5       22.9   8.14000e+00   6.46000e-02     0           5.67100e+01   3.17100e+00  
     2022         3        28         8         3        46        160       7100       5362 1648454626.000   1648454626.000    6.30000e+02      90.00      45.00   2.52500e+02   3.27500e+02      892.9       22.2   2.55000e+01   2.01200e-01     1           7.82800e+01   4.01700e+00  
     2022         3        28         8         6        10        161       7100       5362 1648454770.000   1648454770.000    6.30000e+02     180.00      45.00   2.52500e+02   3.27500e+02      838.4       21.3   3.59700e+01   2.79800e-01     0           5.83100e+01   3.16800e+00  
     2022         3        28         8         8        34        162       7100       5362 1648454914.000   1648454914.000    6.30000e+02     -90.00      45.00   2.52500e+02   3.27500e+02      863.1       19.7  -1.52500e+01   1.13000e-01     0           6.99900e+01   3.41500e+00  
     2022         3        28         8        11        34        163       7100       5362 1648455094.000   1648455094.000    6.30000e+02       0.00      90.00   2.52500e+02   3.27500e+02      888.2       23.7           nan           nan     0           5.75300e+01   3.24300e+00  
     2022         3        28         8        13        58        164       7100       5362 1648455238.000   1648455238.000    6.30000e+02       0.00      45.00   2.52500e+02   3.27500e+02      907.4       20.3  -8.40000e-01   6.30000e-03     1           8.76300e+01   4.09600e+00  
     2022         3        28         8        16        22        165       7100       5362 1648455382.000   1648455382.000    6.30000e+02      90.00      45.00   2.52500e+02   3.27500e+02      980.4       19.6   2.17300e+01   1.60600e-01     2           1.67160e+02   6.66800e+00  
     2022         3        28         8        18        46        166       7100       5362 1648455526.000   1648455526.000    6.30000e+02     180.00      45.00   2.52500e+02   3.27500e+02     1011.6       24.6   4.30300e+01   3.55100e-01     2           1.29510e+02   6.20600e+00  
     2022         3        28         8        21        10        167       7100       5362 1648455670.000   1648455670.000    6.30000e+02     -90.00      45.00   2.52500e+02   3.27500e+02     1118.6       33.8   1.46400e+01   1.40100e-01     2           1.11640e+02   6.49900e+00  
