   YEAR     MONTH      DAY       HOUR      MIN       SEC       RECNO     KINDAT      KINST       UT1_UNIX        UT2_UNIX        WAVLEN        AZM        ELM         ALTB          ALTE         TN         DTN        VNHLU         DVNHLU     FPI_DATAQUAL      RLE           DRLE     
     2022         3         2        23        41        34          0       7100       5362 1646264494.000   1646264494.000    6.30000e+02     180.00      45.00   2.16500e+02   2.91500e+02      929.8        6.3   1.58100e+01   2.95000e-02     1           4.35330e+02   7.00800e+00  
     2022         3         2        23        50        34          1       7100       5362 1646265034.000   1646265034.000    6.30000e+02       0.00      90.00   2.16500e+02   2.91500e+02      929.2        6.4           nan           nan     1           4.24890e+02   6.94200e+00  
     2022         3         2        23        55        22          2       7100       5362 1646265322.000   1646265322.000    6.30000e+02      90.00      45.00   2.16500e+02   2.91500e+02      932.1        6.7   1.05010e+02   2.07600e-01     1           3.92590e+02   6.67800e+00  
     2022         3         2        23        57        46          3       7100       5362 1646265466.000   1646265466.000    6.30000e+02     180.00      45.00   2.16500e+02   2.91500e+02      931.7        7.4  -2.13000e+00   4.50000e-03     1           3.30640e+02   6.18200e+00  
     2022         3         3         0         2        34          4       7100       5362 1646265754.000   1646265754.000    6.30000e+02       0.00      90.00   2.24500e+02   2.99500e+02      924.4        7.2           nan           nan     1           3.40120e+02   6.28500e+00  
     2022         3         3         0         7        58          5       7100       5362 1646266078.000   1646266078.000    6.30000e+02      90.00      45.00   2.24500e+02   2.99500e+02      921.3        7.4   9.52700e+01   2.13300e-01     1           3.16510e+02   6.04300e+00  
     2022         3         3         0        10        22          6       7100       5362 1646266222.000   1646266222.000    6.30000e+02     180.00      45.00   2.24500e+02   2.99500e+02      930.4        8.6  -2.44600e+01   5.93000e-02     0           2.54910e+02   5.49600e+00  
     2022         3         3         0        12        46          7       7100       5362 1646266366.000   1646266366.000    6.30000e+02     -90.00      45.00   2.24500e+02   2.99500e+02      943.6        6.1  -1.08630e+02   2.25800e-01     1           4.85070e+02   7.42300e+00  
     2022         3         3         0        18        46          8       7100       5362 1646266726.000   1646266726.000    6.30000e+02       0.00      90.00   2.24500e+02   2.99500e+02      913.0        8.6           nan           nan     1           2.47630e+02   5.43700e+00  
     2022         3         3         0        24        10          9       7100       5362 1646267050.000   1646267050.000    6.30000e+02      90.00      45.00   2.24500e+02   2.99500e+02      923.1        8.8   9.46100e+01   2.54400e-01     0           2.34830e+02   5.27200e+00  
     2022         3         3         0        26        34         10       7100       5362 1646267194.000   1646267194.000    6.30000e+02     180.00      45.00   2.24500e+02   2.99500e+02      931.8       10.4  -3.47600e+01   1.02900e-01     0           1.83920e+02   4.75000e+00  
     2022         3         3         0        28        58         11       7100       5362 1646267338.000   1646267338.000    6.30000e+02     -90.00      45.00   2.24500e+02   2.99500e+02      934.9        7.3  -1.00600e+02   2.53900e-01     1           3.47820e+02   6.36200e+00  
     2022         3         3         0        31        22         12       7100       5362 1646267482.000   1646267482.000    6.30000e+02       0.00      90.00   2.24500e+02   2.99500e+02      925.1       10.1           nan           nan     0           1.87100e+02   4.76100e+00  
     2022         3         3         0        33        46         13       7100       5362 1646267626.000   1646267626.000    6.30000e+02       0.00      45.00   2.24500e+02   2.99500e+02      918.4        6.5   6.06800e+01   1.54200e-01     1           3.98430e+02   6.74000e+00  
     2022         3         3         0        36        10         14       7100       5362 1646267770.000   1646267770.000    6.30000e+02      90.00      45.00   2.24500e+02   2.99500e+02      911.7       10.3   1.01950e+02   3.24100e-01     0           1.79080e+02   4.68300e+00  
     2022         3         3         0        38        34         15       7100       5362 1646267914.000   1646267914.000    6.30000e+02     180.00      45.00   2.24500e+02   2.99500e+02      959.5       12.5  -4.99200e+01   1.74000e-01     0           1.41580e+02   4.22400e+00  
     2022         3         3         0        40        58         16       7100       5362 1646268058.000   1646268058.000    6.30000e+02     -90.00      45.00   2.24500e+02   2.99500e+02      931.0        8.4  -9.48200e+01   2.80800e-01     0           2.66810e+02   5.63100e+00  
     2022         3         3         0        47        34         17       7100       5362 1646268454.000   1646268454.000    6.30000e+02       0.00      90.00   2.24500e+02   2.99500e+02      918.2       12.3           nan           nan     0           1.33410e+02   4.11000e+00  
     2022         3         3         0        49        58         18       7100       5362 1646268598.000   1646268598.000    6.30000e+02       0.00      45.00   2.24500e+02   2.99500e+02      922.7        8.0   7.39600e+01   2.32800e-01     1           2.86910e+02   5.82800e+00  
     2022         3         3         0        52        22         19       7100       5362 1646268742.000   1646268742.000    6.30000e+02      90.00      45.00   2.24500e+02   2.99500e+02      923.7       12.8   9.47800e+01   3.77100e-01     0           1.26500e+02   4.01000e+00  
     2022         3         3         0        54        46         20       7100       5362 1646268886.000   1646268886.000    6.30000e+02     180.00      45.00   2.24500e+02   2.99500e+02      935.3       15.9  -6.88500e+01   3.12600e-01     0           9.25500e+01   3.54200e+00  
     2022         3         3         0        57        46         21       7100       5362 1646269066.000   1646269066.000    6.30000e+02     -90.00      45.00   2.24500e+02   2.99500e+02      950.0       11.1  -8.50400e+01   3.28700e-01     0           1.74720e+02   4.68900e+00  
     2022         3         3         1         0        10         22       7100       5362 1646269210.000   1646269210.000    6.30000e+02       0.00      90.00   2.33500e+02   3.08500e+02      922.5       15.3           nan           nan     0           9.67900e+01   3.61300e+00  
     2022         3         3         1         2        34         23       7100       5362 1646269354.000   1646269354.000    6.30000e+02       0.00      45.00   2.33500e+02   3.08500e+02      922.6        9.2   9.30500e+01   3.54800e-01     0           2.23920e+02   5.20500e+00  
     2022         3         3         1         4        58         24       7100       5362 1646269498.000   1646269498.000    6.30000e+02      90.00      45.00   2.33500e+02   3.08500e+02      938.9       15.1   9.80200e+01   4.69900e-01     0           9.87100e+01   3.60300e+00  
     2022         3         3         1         7        22         25       7100       5362 1646269642.000   1646269642.000    6.30000e+02     180.00      45.00   2.33500e+02   3.08500e+02      950.2       19.3  -6.70100e+01   3.69700e-01     0           6.98500e+01   3.15500e+00  
     2022         3         3         1         9        46         26       7100       5362 1646269786.000   1646269786.000    6.30000e+02     -90.00      45.00   2.33500e+02   3.08500e+02      967.8       14.4  -7.66400e+01   3.71000e-01     0           1.21740e+02   4.07000e+00  
     2022         3         3         1        15        46         27       7100       5362 1646270146.000   1646270146.000    6.30000e+02       0.00      90.00   2.33500e+02   3.08500e+02      928.5       19.2           nan           nan     0           6.76600e+01   3.11100e+00  
     2022         3         3         1        18        10         28       7100       5362 1646270290.000   1646270290.000    6.30000e+02       0.00      45.00   2.33500e+02   3.08500e+02      956.8       11.6   9.75900e+01   4.68600e-01     0           1.65250e+02   4.57400e+00  
     2022         3         3         1        20        34         29       7100       5362 1646270434.000   1646270434.000    6.30000e+02      90.00      45.00   2.33500e+02   3.08500e+02      935.4       18.3   9.59100e+01   5.75300e-01     0           7.45100e+01   3.24000e+00  
     2022         3         3         1        23        34         30       7100       5362 1646270614.000   1646270614.000    6.30000e+02     180.00      45.00   2.33500e+02   3.08500e+02      963.1       24.4  -6.22000e+01   4.38300e-01     0           5.22200e+01   2.86500e+00  
     2022         3         3         1        25        58         31       7100       5362 1646270758.000   1646270758.000    6.30000e+02     -90.00      45.00   2.33500e+02   3.08500e+02      978.0       18.2  -6.67600e+01   4.10800e-01     0           8.52200e+01   3.50800e+00  
     2022         3         3         1        28        22         32       7100       5362 1646270902.000   1646270902.000    6.30000e+02       0.00      90.00   2.33500e+02   3.08500e+02      937.5       23.7           nan           nan     0           5.14400e+01   2.82600e+00  
     2022         3         3         1        30        46         33       7100       5362 1646271046.000   1646271046.000    6.30000e+02       0.00      45.00   2.33500e+02   3.08500e+02      933.4       13.1   1.13960e+02   6.50800e-01     0           1.28610e+02   4.10900e+00  
     2022         3         3         1        33        10         34       7100       5362 1646271190.000   1646271190.000    6.30000e+02      90.00      45.00   2.33500e+02   3.08500e+02      929.5       19.7   9.58900e+01   6.58500e-01     0           6.54500e+01   3.07600e+00  
     2022         3         3         1        35        34         35       7100       5362 1646271334.000   1646271334.000    6.30000e+02     180.00      45.00   2.33500e+02   3.08500e+02      962.7       27.4  -5.48600e+01   4.46400e-01     0           4.41600e+01   2.70000e+00  
     2022         3         3         1        38        34         36       7100       5362 1646271514.000   1646271514.000    6.30000e+02     -90.00      45.00   2.33500e+02   3.08500e+02      966.1       18.6  -7.09000e+01   4.83000e-01     0           8.11900e+01   3.45000e+00  
     2022         3         3         1        44        34         37       7100       5362 1646271874.000   1646271874.000    6.30000e+02       0.00      90.00   2.33500e+02   3.08500e+02      952.8       27.9           nan           nan     0           4.09800e+01   2.58000e+00  
     2022         3         3         1        46        58         38       7100       5362 1646272018.000   1646272018.000    6.30000e+02       0.00      45.00   2.33500e+02   3.08500e+02      941.0       15.7   1.15130e+02   7.70000e-01     0           9.67500e+01   3.62800e+00  
     2022         3         3         1        49        22         39       7100       5362 1646272162.000   1646272162.000    6.30000e+02      90.00      45.00   2.33500e+02   3.08500e+02      908.1       19.5   1.04100e+02   7.73000e-01     0           6.41200e+01   3.05100e+00  
     2022         3         3         1        51        46         40       7100       5362 1646272306.000   1646272306.000    6.30000e+02     180.00      45.00   2.33500e+02   3.08500e+02      965.3       29.9  -5.89200e+01   5.30800e-01     0           3.99900e+01   2.63500e+00  
     2022         3         3         1        54        10         41       7100       5362 1646272450.000   1646272450.000    6.30000e+02     -90.00      45.00   2.33500e+02   3.08500e+02      955.9       18.7  -8.25000e+01   5.98600e-01     0           7.94000e+01   3.41500e+00  
     2022         3         3         1        57        10         42       7100       5362 1646272630.000   1646272630.000    6.30000e+02       0.00      90.00   2.33500e+02   3.08500e+02      966.1       29.6           nan           nan     0           3.82400e+01   2.51300e+00  
     2022         3         3         1        59        34         43       7100       5362 1646272774.000   1646272774.000    6.30000e+02       0.00      45.00   2.38500e+02   3.13500e+02      969.4       17.9   1.13870e+02   8.16200e-01     0           8.45900e+01   3.46200e+00  
     2022         3         3         2         1        58         44       7100       5362 1646272918.000   1646272918.000    6.30000e+02      90.00      45.00   2.38500e+02   3.13500e+02      901.0       18.0   1.01340e+02   7.44100e-01     0           7.18600e+01   3.19000e+00  
     2022         3         3         2         6        46         45       7100       5362 1646273206.000   1646273206.000    6.30000e+02     -90.00      45.00   2.38500e+02   3.13500e+02      961.2       19.2  -7.99600e+01   5.94400e-01     0           7.65900e+01   3.36900e+00  
     2022         3         3         2        12        46         46       7100       5362 1646273566.000   1646273566.000    6.30000e+02       0.00      90.00   2.38500e+02   3.13500e+02      958.2       29.2           nan           nan     0           3.96900e+01   2.58700e+00  
     2022         3         3         2        15        10         47       7100       5362 1646273710.000   1646273710.000    6.30000e+02       0.00      45.00   2.38500e+02   3.13500e+02      958.7       17.5   1.21660e+02   8.72700e-01     0           8.55700e+01   3.48100e+00  
     2022         3         3         2        17        34         48       7100       5362 1646273854.000   1646273854.000    6.30000e+02      90.00      45.00   2.38500e+02   3.13500e+02      906.7       18.6   9.87600e+01   7.32900e-01     0           6.87800e+01   3.13300e+00  
     2022         3         3         2        20        34         49       7100       5362 1646274034.000   1646274034.000    6.30000e+02     180.00      45.00   2.38500e+02   3.13500e+02      962.7       28.2  -8.48000e+01   7.40700e-01     0           4.21900e+01   2.65000e+00  
     2022         3         3         2        22        58         50       7100       5362 1646274178.000   1646274178.000    6.30000e+02     -90.00      45.00   2.38500e+02   3.13500e+02      959.7       20.1  -8.84600e+01   6.62500e-01     0           7.41000e+01   3.37600e+00  
     2022         3         3         2        25        22         51       7100       5362 1646274322.000   1646274322.000    6.30000e+02       0.00      90.00   2.38500e+02   3.13500e+02      947.2       28.9           nan           nan     0           4.01500e+01   2.61600e+00  
     2022         3         3         2        27        46         52       7100       5362 1646274466.000   1646274466.000    6.30000e+02       0.00      45.00   2.38500e+02   3.13500e+02      955.1       17.3   1.02180e+02   7.12800e-01     0           8.86100e+01   3.56000e+00  
     2022         3         3         2        30        10         53       7100       5362 1646274610.000   1646274610.000    6.30000e+02      90.00      45.00   2.38500e+02   3.13500e+02      920.0       19.7   9.16700e+01   6.73100e-01     0           6.40500e+01   3.03400e+00  
     2022         3         3         2        32        34         54       7100       5362 1646274754.000   1646274754.000    6.30000e+02     180.00      45.00   2.38500e+02   3.13500e+02      932.0       25.6  -8.01900e+01   6.57200e-01     0           4.70400e+01   2.77400e+00  
     2022         3         3         2        34        58         55       7100       5362 1646274898.000   1646274898.000    6.30000e+02     -90.00      45.00   2.38500e+02   3.13500e+02      968.2       19.5  -7.95500e+01   5.61400e-01     0           8.08500e+01   3.53900e+00  
     2022         3         3         2        40        58         56       7100       5362 1646275258.000   1646275258.000    6.30000e+02       0.00      90.00   2.38500e+02   3.13500e+02      935.2       25.6           nan           nan     0           4.51600e+01   2.67800e+00  
     2022         3         3         2        43        58         57       7100       5362 1646275438.000   1646275438.000    6.30000e+02       0.00      45.00   2.38500e+02   3.13500e+02      941.0       16.8   1.07800e+02   6.99000e-01     0           8.77400e+01   3.50100e+00  
     2022         3         3         2        46        22         58       7100       5362 1646275582.000   1646275582.000    6.30000e+02      90.00      45.00   2.38500e+02   3.13500e+02      910.9       20.2   8.95400e+01   6.21800e-01     0           6.07700e+01   2.97200e+00  
     2022         3         3         2        48        46         59       7100       5362 1646275726.000   1646275726.000    6.30000e+02     180.00      45.00   2.38500e+02   3.13500e+02      955.6       24.6  -8.15900e+01   6.09600e-01     0           5.09500e+01   2.83900e+00  
     2022         3         3         2        51        10         60       7100       5362 1646275870.000   1646275870.000    6.30000e+02     -90.00      45.00   2.38500e+02   3.13500e+02      932.3       16.0  -7.32500e+01   4.47600e-01     0           9.66100e+01   3.68700e+00  
     2022         3         3         2        53        34         61       7100       5362 1646276014.000   1646276014.000    6.30000e+02       0.00      90.00   2.38500e+02   3.13500e+02      934.1       23.3           nan           nan     0           5.14000e+01   2.79900e+00  
     2022         3         3         2        55        58         62       7100       5362 1646276158.000   1646276158.000    6.30000e+02       0.00      45.00   2.38500e+02   3.13500e+02      930.5       15.7   1.06680e+02   6.31000e-01     0           9.56500e+01   3.61300e+00  
     2022         3         3         2        58        22         63       7100       5362 1646276302.000   1646276302.000    6.30000e+02      90.00      45.00   2.38500e+02   3.13500e+02      931.1       20.2   7.24200e+01   4.76000e-01     0           6.60700e+01   3.14900e+00  
     2022         3         3         3         1        22         64       7100       5362 1646276482.000   1646276482.000    6.30000e+02     180.00      45.00   2.40500e+02   3.15500e+02      935.9       22.6  -9.50500e+01   6.54900e-01     0           5.65300e+01   2.97200e+00  
     2022         3         3         3         3        46         65       7100       5362 1646276626.000   1646276626.000    6.30000e+02     -90.00      45.00   2.40500e+02   3.15500e+02      939.5       15.7  -8.55700e+01   4.88700e-01     0           1.01720e+02   3.78500e+00  
     2022         3         3         3         9        46         66       7100       5362 1646276986.000   1646276986.000    6.30000e+02       0.00      90.00   2.40500e+02   3.15500e+02      911.5       20.4           nan           nan     0           6.14700e+01   3.02200e+00  
     2022         3         3         3        12        10         67       7100       5362 1646277130.000   1646277130.000    6.30000e+02       0.00      45.00   2.40500e+02   3.15500e+02      951.5       25.3   3.63600e+01   2.62100e-01     1           7.29800e+01   3.97300e+00  
     2022         3         3         3        14        34         68       7100       5362 1646277274.000   1646277274.000    6.30000e+02      90.00      45.00   2.40500e+02   3.15500e+02      916.4       19.0   5.64900e+01   3.39400e-01     0           7.04400e+01   3.21500e+00  
     2022         3         3         3        16        58         69       7100       5362 1646277418.000   1646277418.000    6.30000e+02     180.00      45.00   2.40500e+02   3.15500e+02      940.3       22.4  -7.40100e+01   4.77300e-01     0           5.81100e+01   3.01000e+00  
     2022         3         3         3        19        22         70       7100       5362 1646277562.000   1646277562.000    6.30000e+02     -90.00      45.00   2.40500e+02   3.15500e+02      938.6       14.9  -8.06200e+01   4.24200e-01     0           1.08970e+02   3.88300e+00  
     2022         3         3         3        21        46         71       7100       5362 1646277706.000   1646277706.000    6.30000e+02       0.00      90.00   2.40500e+02   3.15500e+02      901.8       18.7           nan           nan     0           6.91600e+01   3.17500e+00  
     2022         3         3         3        24        46         72       7100       5362 1646277886.000   1646277886.000    6.30000e+02       0.00      45.00   2.40500e+02   3.15500e+02      908.2       25.5   3.10400e+01   2.24200e-01     1           7.17300e+01   4.08400e+00  
     2022         3         3         3        27        10         73       7100       5362 1646278030.000   1646278030.000    6.30000e+02      90.00      45.00   2.40500e+02   3.15500e+02      906.4       17.8   6.03100e+01   3.41700e-01     0           7.61200e+01   3.31400e+00  
     2022         3         3         3        29        34         74       7100       5362 1646278174.000   1646278174.000    6.30000e+02     180.00      45.00   2.40500e+02   3.15500e+02      941.0       23.1  -5.69000e+01   3.64400e-01     0           5.71900e+01   3.03100e+00  
     2022         3         3         3        31        58         75       7100       5362 1646278318.000   1646278318.000    6.30000e+02     -90.00      45.00   2.40500e+02   3.15500e+02      888.6       12.9  -5.84200e+01   2.82500e-01     0           1.22860e+02   4.03300e+00  
     2022         3         3         3        37        58         76       7100       5362 1646278678.000   1646278678.000    6.30000e+02       0.00      90.00   2.40500e+02   3.15500e+02      878.9       17.2           nan           nan     0           7.36900e+01   3.22200e+00  
     2022         3         3         3        40        22         77       7100       5362 1646278822.000   1646278822.000    6.30000e+02       0.00      45.00   2.40500e+02   3.15500e+02      893.9       11.6   6.91600e+01   3.16500e-01     0           1.45720e+02   4.32100e+00  
     2022         3         3         3        42        46         78       7100       5362 1646278966.000   1646278966.000    6.30000e+02      90.00      45.00   2.40500e+02   3.15500e+02      898.6       16.1   4.89400e+01   2.59100e-01     0           8.80200e+01   3.52200e+00  
     2022         3         3         3        45        10         79       7100       5362 1646279110.000   1646279110.000    6.30000e+02     180.00      45.00   2.40500e+02   3.15500e+02      923.1       22.9  -5.61500e+01   3.57000e-01     0           5.34700e+01   2.88200e+00  
     2022         3         3         3        48        10         80       7100       5362 1646279290.000   1646279290.000    6.30000e+02     -90.00      45.00   2.40500e+02   3.15500e+02      891.2       12.0  -7.26400e+01   3.37800e-01     0           1.36370e+02   4.19800e+00  
     2022         3         3         3        50        34         81       7100       5362 1646279434.000   1646279434.000    6.30000e+02       0.00      90.00   2.40500e+02   3.15500e+02      882.9       17.5           nan           nan     0           7.29400e+01   3.21600e+00  
     2022         3         3         3        52        58         82       7100       5362 1646279578.000   1646279578.000    6.30000e+02       0.00      45.00   2.40500e+02   3.15500e+02      888.1       10.8   5.84800e+01   2.60600e-01     0           1.58320e+02   4.44800e+00  
     2022         3         3         3        55        22         83       7100       5362 1646279722.000   1646279722.000    6.30000e+02      90.00      45.00   2.40500e+02   3.15500e+02      895.1       15.3   5.28800e+01   2.71600e-01     0           9.31000e+01   3.57400e+00  
     2022         3         3         3        57        46         84       7100       5362 1646279866.000   1646279866.000    6.30000e+02     180.00      45.00   2.40500e+02   3.15500e+02      955.8       21.2  -3.10500e+01   1.87200e-01     0           6.37600e+01   3.09500e+00  
     2022         3         3         4         0        10         85       7100       5362 1646280010.000   1646280010.000    6.30000e+02     -90.00      45.00   2.40500e+02   3.15500e+02      905.2       12.3  -5.61000e+01   2.58800e-01     0           1.35730e+02   4.19500e+00  
     2022         3         3         4         6        10         86       7100       5362 1646280370.000   1646280370.000    6.30000e+02       0.00      90.00   2.40500e+02   3.15500e+02      905.1       17.3           nan           nan     0           7.64000e+01   3.26300e+00  
     2022         3         3         4         8        34         87       7100       5362 1646280514.000   1646280514.000    6.30000e+02       0.00      45.00   2.40500e+02   3.15500e+02      895.4        9.8   4.07900e+01   1.68300e-01     0           1.92610e+02   4.87400e+00  
     2022         3         3         4        11        34         88       7100       5362 1646280694.000   1646280694.000    6.30000e+02      90.00      45.00   2.40500e+02   3.15500e+02      896.3       14.3   4.65200e+01   2.21700e-01     0           1.03640e+02   3.73300e+00  
     2022         3         3         4        13        58         89       7100       5362 1646280838.000   1646280838.000    6.30000e+02     180.00      45.00   2.40500e+02   3.15500e+02      901.7       17.4  -2.48900e+01   1.29200e-01     0           7.84200e+01   3.35000e+00  
     2022         3         3         4        16        22         90       7100       5362 1646280982.000   1646280982.000    6.30000e+02     -90.00      45.00   2.40500e+02   3.15500e+02      878.6       11.4  -4.37500e+01   1.83200e-01     0           1.45780e+02   4.32900e+00  
     2022         3         3         4        18        46         91       7100       5362 1646281126.000   1646281126.000    6.30000e+02       0.00      90.00   2.40500e+02   3.15500e+02      910.9       15.0           nan           nan     0           9.58200e+01   3.57700e+00  
     2022         3         3         4        21        10         92       7100       5362 1646281270.000   1646281270.000    6.30000e+02       0.00      45.00   2.40500e+02   3.15500e+02      905.8        9.7   3.26300e+01   1.22700e-01     1           2.17130e+02   5.28700e+00  
     2022         3         3         4        23        34         93       7100       5362 1646281414.000   1646281414.000    6.30000e+02      90.00      45.00   2.40500e+02   3.15500e+02      892.1       12.9   4.21200e+01   1.77100e-01     0           1.20160e+02   3.95400e+00  
     2022         3         3         4        25        58         94       7100       5362 1646281558.000   1646281558.000    6.30000e+02     180.00      45.00   2.40500e+02   3.15500e+02      912.8       15.6   6.60000e-01   3.00000e-03     0           9.70500e+01   3.69500e+00  
     2022         3         3         4        28        58         95       7100       5362 1646281738.000   1646281738.000    6.30000e+02     -90.00      45.00   2.40500e+02   3.15500e+02      899.8       10.4  -5.18700e+01   1.88400e-01     0           1.78440e+02   4.73600e+00  
     2022         3         3         4        34        58         96       7100       5362 1646282098.000   1646282098.000    6.30000e+02       0.00      90.00   2.40500e+02   3.15500e+02      900.6       11.9           nan           nan     0           1.36860e+02   4.16800e+00  
     2022         3         3         4        37        22         97       7100       5362 1646282242.000   1646282242.000    6.30000e+02       0.00      45.00   2.40500e+02   3.15500e+02      892.4        6.7   1.45800e+01   4.12000e-02     1           3.65710e+02   6.47300e+00  
     2022         3         3         4        39        46         98       7100       5362 1646282386.000   1646282386.000    6.30000e+02      90.00      45.00   2.40500e+02   3.15500e+02      896.1       10.4   2.80900e+01   9.44000e-02     0           1.70310e+02   4.58800e+00  
     2022         3         3         4        42        10         99       7100       5362 1646282530.000   1646282530.000    6.30000e+02     180.00      45.00   2.40500e+02   3.15500e+02      898.2       12.5   6.22000e+00   2.26000e-02     0           1.34530e+02   4.22300e+00  
     2022         3         3         4        45        10        100       7100       5362 1646282710.000   1646282710.000    6.30000e+02     -90.00      45.00   2.40500e+02   3.15500e+02      889.7        9.0  -4.70300e+01   1.43200e-01     0           2.22590e+02   5.23400e+00  
     2022         3         3         4        47        34        101       7100       5362 1646282854.000   1646282854.000    6.30000e+02       0.00      90.00   2.40500e+02   3.15500e+02      909.3       10.4           nan           nan     1           1.75940e+02   4.65200e+00  
     2022         3         3         4        49        58        102       7100       5362 1646282998.000   1646282998.000    6.30000e+02       0.00      45.00   2.40500e+02   3.15500e+02      888.7        5.8   6.78000e+00   1.66000e-02     1           4.57320e+02   7.17200e+00  
     2022         3         3         4        52        22        103       7100       5362 1646283142.000   1646283142.000    6.30000e+02      90.00      45.00   2.40500e+02   3.15500e+02      871.8        8.7   2.32200e+01   6.71000e-02     0           2.16170e+02   5.06500e+00  
     2022         3         3         4        54        46        104       7100       5362 1646283286.000   1646283286.000    6.30000e+02     180.00      45.00   2.40500e+02   3.15500e+02      882.9       10.6   1.15900e+01   3.64000e-02     0           1.62430e+02   4.50900e+00  
     2022         3         3         4        57        10        105       7100       5362 1646283430.000   1646283430.000    6.30000e+02     -90.00      45.00   2.40500e+02   3.15500e+02      893.2        8.6  -3.42000e+01   9.50000e-02     0           2.43000e+02   5.42600e+00  
     2022         3         3         5         3        46        106       7100       5362 1646283826.000   1646283826.000    6.30000e+02       0.00      90.00   2.39500e+02   3.14500e+02      866.2        8.7           nan           nan     0           2.12600e+02   5.01600e+00  
     2022         3         3         5         8        34        107       7100       5362 1646284114.000   1646284114.000    6.30000e+02      90.00      45.00   2.39500e+02   3.14500e+02      876.4        7.8   2.10000e+01   5.39000e-02     1           2.62390e+02   5.52600e+00  
     2022         3         3         5        10        58        108       7100       5362 1646284258.000   1646284258.000    6.30000e+02     180.00      45.00   2.39500e+02   3.14500e+02      882.4        9.8   2.24500e+01   6.47000e-02     0           1.88730e+02   4.84400e+00  
     2022         3         3         5        13        22        109       7100       5362 1646284402.000   1646284402.000    6.30000e+02     -90.00      45.00   2.39500e+02   3.14500e+02      876.2        7.8  -2.92600e+01   7.42000e-02     1           2.70240e+02   5.65000e+00  
     2022         3         3         5        15        46        110       7100       5362 1646284546.000   1646284546.000    6.30000e+02       0.00      90.00   2.39500e+02   3.14500e+02      869.0        8.3           nan           nan     1           2.32060e+02   5.21600e+00  
     2022         3         3         5        21        10        111       7100       5362 1646284870.000   1646284870.000    6.30000e+02      90.00      45.00   2.39500e+02   3.14500e+02      862.3        7.4   1.91800e+01   4.69000e-02     1           2.81540e+02   5.71800e+00  
     2022         3         3         5        23        34        112       7100       5362 1646285014.000   1646285014.000    6.30000e+02     180.00      45.00   2.39500e+02   3.14500e+02      889.6        9.1   1.75100e+01   4.71000e-02     0           2.16540e+02   5.13700e+00  
     2022         3         3         5        25        58        113       7100       5362 1646285158.000   1646285158.000    6.30000e+02     -90.00      45.00   2.39500e+02   3.14500e+02      887.6        7.7  -2.21800e+01   5.43000e-02     1           2.85290e+02   5.79800e+00  
     2022         3         3         5        31        58        114       7100       5362 1646285518.000   1646285518.000    6.30000e+02       0.00      90.00   2.39500e+02   3.14500e+02      880.7        7.8           nan           nan     1           2.65330e+02   5.54700e+00  
     2022         3         3         5        37        22        115       7100       5362 1646285842.000   1646285842.000    6.30000e+02      90.00      45.00   2.39500e+02   3.14500e+02      854.8        7.1   2.18800e+01   5.16000e-02     1           2.97840e+02   5.87300e+00  
     2022         3         3         5        39        46        116       7100       5362 1646285986.000   1646285986.000    6.30000e+02     180.00      45.00   2.39500e+02   3.14500e+02      868.3        8.5   1.53600e+01   3.97000e-02     0           2.34200e+02   5.35100e+00  
     2022         3         3         5        42        10        117       7100       5362 1646286130.000   1646286130.000    6.30000e+02     -90.00      45.00   2.39500e+02   3.14500e+02      877.0        7.1  -1.23700e+01   2.91000e-02     1           3.20560e+02   6.11400e+00  
     2022         3         3         5        44        34        118       7100       5362 1646286274.000   1646286274.000    6.30000e+02       0.00      90.00   2.39500e+02   3.14500e+02      878.7        7.9           nan           nan     1           2.61160e+02   5.52900e+00  
     2022         3         3         5        49        22        119       7100       5362 1646286562.000   1646286562.000    6.30000e+02      90.00      45.00   2.39500e+02   3.14500e+02      859.3        7.5   1.97100e+01   4.80000e-02     1           2.74720e+02   5.65700e+00  
     2022         3         3         5        52        22        120       7100       5362 1646286742.000   1646286742.000    6.30000e+02     180.00      45.00   2.39500e+02   3.14500e+02      869.2        8.2   2.39300e+01   6.11000e-02     1           2.46930e+02   5.45100e+00  
     2022         3         3         5        54        46        121       7100       5362 1646286886.000   1646286886.000    6.30000e+02     -90.00      45.00   2.39500e+02   3.14500e+02      884.0        6.9   8.60000e-01   2.00000e-03     1           3.38640e+02   6.26000e+00  
     2022         3         3         6         0        46        122       7100       5362 1646287246.000   1646287246.000    6.30000e+02       0.00      90.00   2.38500e+02   3.13500e+02      859.3        8.0           nan           nan     1           2.47450e+02   5.40600e+00  
     2022         3         3         6         3        10        123       7100       5362 1646287390.000   1646287390.000    6.30000e+02       0.00      45.00   2.38500e+02   3.13500e+02      855.2        7.5  -1.26200e+01   3.15000e-02     1           2.79380e+02   5.74200e+00  
     2022         3         3         6         5        34        124       7100       5362 1646287534.000   1646287534.000    6.30000e+02      90.00      45.00   2.38500e+02   3.13500e+02      850.1        8.6   1.29800e+01   3.51000e-02     0           2.17320e+02   5.12300e+00  
     2022         3         3         6         7        58        125       7100       5362 1646287678.000   1646287678.000    6.30000e+02     180.00      45.00   2.38500e+02   3.13500e+02      854.8        7.8   2.40400e+01   6.29000e-02     1           2.60270e+02   5.56000e+00  
     2022         3         3         6        10        22        126       7100       5362 1646287822.000   1646287822.000    6.30000e+02     -90.00      45.00   2.38500e+02   3.13500e+02      855.7        7.6  -1.14600e+01   2.99000e-02     1           2.71430e+02   5.65300e+00  
     2022         3         3         6        12        46        127       7100       5362 1646287966.000   1646287966.000    6.30000e+02       0.00      90.00   2.38500e+02   3.13500e+02      850.6        9.0           nan           nan     0           1.96240e+02   4.85300e+00  
     2022         3         3         6        15        46        128       7100       5362 1646288146.000   1646288146.000    6.30000e+02       0.00      45.00   2.38500e+02   3.13500e+02      844.2        9.3  -1.37000e+01   4.12000e-02     0           1.82790e+02   4.71000e+00  
     2022         3         3         6        18        10        129       7100       5362 1646288290.000   1646288290.000    6.30000e+02      90.00      45.00   2.38500e+02   3.13500e+02      860.1       10.3   1.88500e+01   6.16000e-02     1           1.67720e+02   4.60000e+00  
     2022         3         3         6        20        34        130       7100       5362 1646288434.000   1646288434.000    6.30000e+02     180.00      45.00   2.38500e+02   3.13500e+02      833.5        8.1   2.69000e+01   7.98000e-02     1           2.32160e+02   5.28700e+00  
     2022         3         3         6        22        58        131       7100       5362 1646288578.000   1646288578.000    6.30000e+02     -90.00      45.00   2.38500e+02   3.13500e+02      855.0        9.1  -1.27800e+01   4.06000e-02     0           1.98750e+02   4.93400e+00  
     2022         3         3         6        28        58        132       7100       5362 1646288938.000   1646288938.000    6.30000e+02       0.00      90.00   2.38500e+02   3.13500e+02      824.4       11.4           nan           nan     0           1.21080e+02   3.88300e+00  
     2022         3         3         6        31        58        133       7100       5362 1646289118.000   1646289118.000    6.30000e+02       0.00      45.00   2.38500e+02   3.13500e+02      838.2       12.8  -2.15100e+01   8.79000e-02     0           1.07970e+02   3.75400e+00  
     2022         3         3         6        34        22        134       7100       5362 1646289262.000   1646289262.000    6.30000e+02      90.00      45.00   2.38500e+02   3.13500e+02      826.3       13.0   2.56000e+01   1.08900e-01     0           1.03940e+02   3.70300e+00  
     2022         3         3         6        36        46        135       7100       5362 1646289406.000   1646289406.000    6.30000e+02     180.00      45.00   2.38500e+02   3.13500e+02      826.7        9.9   2.44200e+01   9.40000e-02     0           1.61710e+02   4.47000e+00  
     2022         3         3         6        39        10        136       7100       5362 1646289550.000   1646289550.000    6.30000e+02     -90.00      45.00   2.38500e+02   3.13500e+02      838.2       12.7  -1.14900e+01   5.09000e-02     0           1.14320e+02   3.90800e+00  
     2022         3         3         6        41        34        137       7100       5362 1646289694.000   1646289694.000    6.30000e+02       0.00      90.00   2.38500e+02   3.13500e+02      828.8       14.7           nan           nan     0           8.33700e+01   3.34000e+00  
     2022         3         3         6        43        58        138       7100       5362 1646289838.000   1646289838.000    6.30000e+02       0.00      45.00   2.38500e+02   3.13500e+02      824.7       15.4  -2.48300e+01   1.28100e-01     0           7.93200e+01   3.32500e+00  
     2022         3         3         6        46        22        139       7100       5362 1646289982.000   1646289982.000    6.30000e+02      90.00      45.00   2.38500e+02   3.13500e+02      785.1       15.6   3.26300e+01   1.76200e-01     0           7.40900e+01   3.27100e+00  
     2022         3         3         6        49        22        140       7100       5362 1646290162.000   1646290162.000    6.30000e+02     180.00      45.00   2.38500e+02   3.13500e+02      815.7       12.2   2.70900e+01   1.31600e-01     0           1.14310e+02   3.88900e+00  
     2022         3         3         6        51        46        141       7100       5362 1646290306.000   1646290306.000    6.30000e+02     -90.00      45.00   2.38500e+02   3.13500e+02      846.9       15.5  -2.78400e+01   1.51000e-01     0           8.41700e+01   3.43900e+00  
     2022         3         3         6        57        46        142       7100       5362 1646290666.000   1646290666.000    6.30000e+02       0.00      90.00   2.38500e+02   3.13500e+02      828.7       18.8           nan           nan     0           5.91500e+01   2.96400e+00  
     2022         3         3         7         0        10        143       7100       5362 1646290810.000   1646290810.000    6.30000e+02       0.00      45.00   2.37500e+02   3.12500e+02      831.8       18.6  -2.29700e+01   1.47800e-01     0           6.01800e+01   2.97300e+00  
     2022         3         3         7         2        34        144       7100       5362 1646290954.000   1646290954.000    6.30000e+02      90.00      45.00   2.37500e+02   3.12500e+02      826.6       19.4   2.60700e+01   1.74600e-01     0           5.81700e+01   2.99000e+00  
     2022         3         3         7         4        58        145       7100       5362 1646291098.000   1646291098.000    6.30000e+02     180.00      45.00   2.37500e+02   3.12500e+02      823.9       15.4   3.85800e+01   2.34400e-01     0           8.12700e+01   3.38300e+00  
     2022         3         3         7         7        22        146       7100       5362 1646291242.000   1646291242.000    6.30000e+02     -90.00      45.00   2.37500e+02   3.12500e+02      814.4       18.7  -3.41100e+01   2.35100e-01     0           5.87600e+01   2.97100e+00  
     2022         3         3         7         9        46        147       7100       5362 1646291386.000   1646291386.000    6.30000e+02       0.00      90.00   2.37500e+02   3.12500e+02      831.6       22.4           nan           nan     0           4.65300e+01   2.71800e+00  
     2022         3         3         7        12        10        148       7100       5362 1646291530.000   1646291530.000    6.30000e+02       0.00      45.00   2.37500e+02   3.12500e+02      819.2       21.0  -3.52900e+01   2.64500e-01     0           5.02500e+01   2.80200e+00  
     2022         3         3         7        15        10        149       7100       5362 1646291710.000   1646291710.000    6.30000e+02      90.00      45.00   2.37500e+02   3.12500e+02      803.6       21.2   4.83100e+01   3.70800e-01     0           4.85600e+01   2.78300e+00  
     2022         3         3         7        17        34        150       7100       5362 1646291854.000   1646291854.000    6.30000e+02     180.00      45.00   2.37500e+02   3.12500e+02      817.6       17.8   4.89900e+01   3.48400e-01     0           6.43200e+01   3.08900e+00  
     2022         3         3         7        19        58        151       7100       5362 1646291998.000   1646291998.000    6.30000e+02     -90.00      45.00   2.37500e+02   3.12500e+02      807.2       21.4  -4.17400e+01   3.28300e-01     0           4.77500e+01   2.75300e+00  
     2022         3         3         7        25        58        152       7100       5362 1646292358.000   1646292358.000    6.30000e+02       0.00      90.00   2.37500e+02   3.12500e+02      823.6       25.5           nan           nan     0           3.76000e+01   2.50400e+00  
     2022         3         3         7        28        22        153       7100       5362 1646292502.000   1646292502.000    6.30000e+02       0.00      45.00   2.37500e+02   3.12500e+02      806.7       23.0  -2.73200e+01   2.30000e-01     0           4.37400e+01   2.68400e+00  
     2022         3         3         7        30        46        154       7100       5362 1646292646.000   1646292646.000    6.30000e+02      90.00      45.00   2.37500e+02   3.12500e+02      784.9       23.3   2.34300e+01   2.01800e-01     0           4.26400e+01   2.70900e+00  
     2022         3         3         7        33        10        155       7100       5362 1646292790.000   1646292790.000    6.30000e+02     180.00      45.00   2.37500e+02   3.12500e+02      815.7       20.1   3.42200e+01   2.74000e-01     0           5.26300e+01   2.83600e+00  
     2022         3         3         7        35        34        156       7100       5362 1646292934.000   1646292934.000    6.30000e+02     -90.00      45.00   2.37500e+02   3.12500e+02      814.6       23.2  -3.56500e+01   3.07700e-01     0           4.38500e+01   2.68600e+00  
     2022         3         3         7        38        34        157       7100       5362 1646293114.000   1646293114.000    6.30000e+02       0.00      90.00   2.37500e+02   3.12500e+02      833.5       27.0           nan           nan     0           3.51100e+01   2.43500e+00  
     2022         3         3         7        40        58        158       7100       5362 1646293258.000   1646293258.000    6.30000e+02       0.00      45.00   2.37500e+02   3.12500e+02      839.7       24.5  -3.85700e+01   3.41600e-01     0           4.32600e+01   2.70700e+00  
     2022         3         3         7        43        22        159       7100       5362 1646293402.000   1646293402.000    6.30000e+02      90.00      45.00   2.37500e+02   3.12500e+02      850.4       25.1   3.68100e+01   3.29200e-01     0           4.64200e+01   2.89600e+00  
     2022         3         3         7        45        46        160       7100       5362 1646293546.000   1646293546.000    6.30000e+02     180.00      45.00   2.37500e+02   3.12500e+02      849.4       21.1   4.92700e+01   4.06400e-01     0           5.49900e+01   2.96300e+00  
     2022         3         3         7        48        10        161       7100       5362 1646293690.000   1646293690.000    6.30000e+02     -90.00      45.00   2.37500e+02   3.12500e+02      846.8       24.8  -3.76400e+01   3.36600e-01     0           4.44700e+01   2.77900e+00  
     2022         3         3         7        54        10        162       7100       5362 1646294050.000   1646294050.000    6.30000e+02       0.00      90.00   2.37500e+02   3.12500e+02      832.4       27.3           nan           nan     0           3.86300e+01   2.66900e+00  
     2022         3         3         7        56        34        163       7100       5362 1646294194.000   1646294194.000    6.30000e+02       0.00      45.00   2.37500e+02   3.12500e+02      863.0       26.9  -2.48700e+01   2.37800e-01     0           4.58500e+01   2.98000e+00  
     2022         3         3         7        58        58        164       7100       5362 1646294338.000   1646294338.000    6.30000e+02      90.00      45.00   2.36500e+02   3.11500e+02      866.8       21.6   5.20000e+01   4.61700e-01     1           8.52900e+01   4.34600e+00  
     2022         3         3         8         1        58        165       7100       5362 1646294518.000   1646294518.000    6.30000e+02     180.00      45.00   2.36500e+02   3.11500e+02      878.4       23.4   5.83200e+01   5.48000e-01     1           7.90500e+01   4.27300e+00  
     2022         3         3         8         4        22        166       7100       5362 1646294662.000   1646294662.000    6.30000e+02     -90.00      45.00   2.36500e+02   3.11500e+02      962.0       36.5  -3.13500e+01   3.65400e-01     2           5.29400e+01   3.95800e+00  
     2022         3         3         8         6        46        167       7100       5362 1646294806.000   1646294806.000    6.30000e+02       0.00      90.00   2.36500e+02   3.11500e+02      954.7       34.8           nan           nan     2           6.08400e+01   4.34800e+00  
     2022         3         3         8         9        10        168       7100       5362 1646294950.000   1646294950.000    6.30000e+02       0.00      45.00   2.36500e+02   3.11500e+02     1068.4       38.1  -5.06000e+00   6.06000e-02     2           8.80000e+01   6.01900e+00  
