   YEAR     MONTH      DAY       HOUR      MIN       SEC       RECNO     KINDAT      KINST       UT1_UNIX        UT2_UNIX        WAVLEN        AZM        ELM         ALTB          ALTE         TN         DTN        VNHLU         DVNHLU     FPI_DATAQUAL      RLE           DRLE     
     2022         3        26        21        41        34          0       7100       5362 1648330894.000   1648330894.000    6.30000e+02     180.00      45.00   2.03500e+02   2.78500e+02     1236.2       13.6   1.68500e+01   5.42000e-02     2           5.14890e+02   1.12840e+01  
     2022         3        26        21        46        22          1       7100       5362 1648331182.000   1648331182.000    6.30000e+02       0.00      90.00   2.03500e+02   2.78500e+02     1137.2        9.6           nan           nan     2           5.93150e+02   1.04690e+01  
     2022         3        26        21        48        46          2       7100       5362 1648331326.000   1648331326.000    6.30000e+02       0.00      45.00   2.03500e+02   2.78500e+02     1117.7       12.1  -5.39000e+00   1.63000e-02     2           3.60230e+02   8.13400e+00  
     2022         3        26        21        51        10          3       7100       5362 1648331470.000   1648331470.000    6.30000e+02      90.00      45.00   2.03500e+02   2.78500e+02     1089.5       13.4   1.24300e+01   3.95000e-02     1           2.35550e+02   6.19300e+00  
     2022         3        26        22         2        34          4       7100       5362 1648332154.000   1648332154.000    6.30000e+02       0.00      90.00   2.16500e+02   2.91500e+02     1061.6        7.9           nan           nan     1           4.65740e+02   7.84600e+00  
     2022         3        26        22         4        58          5       7100       5362 1648332298.000   1648332298.000    6.30000e+02       0.00      45.00   2.16500e+02   2.91500e+02     1071.7       10.1  -3.92000e+00   1.00000e-02     1           3.57090e+02   7.36200e+00  
     2022         3        26        22         9        46          6       7100       5362 1648332586.000   1648332586.000    6.30000e+02     180.00      45.00   2.16500e+02   2.91500e+02     1043.8        8.1   1.90600e+01   4.30000e-02     1           4.05840e+02   7.21400e+00  
     2022         3        26        22        12        10          7       7100       5362 1648332730.000   1648332730.000    6.30000e+02     -90.00      45.00   2.16500e+02   2.91500e+02     1071.3       11.9   7.65000e+00   2.18000e-02     1           2.97380e+02   7.04600e+00  
     2022         3        26        22        17        34          8       7100       5362 1648333054.000   1648333054.000    6.30000e+02       0.00      45.00   2.16500e+02   2.91500e+02     1043.1        9.9   9.80000e-01   2.50000e-03     1           3.44840e+02   7.15300e+00  
     2022         3        26        22        22        22          9       7100       5362 1648333342.000   1648333342.000    6.30000e+02     180.00      45.00   2.16500e+02   2.91500e+02     1024.3       11.9   2.28300e+01   6.56000e-02     1           2.27090e+02   5.77500e+00  
     2022         3        26        22        24        46         10       7100       5362 1648333486.000   1648333486.000    6.30000e+02     -90.00      45.00   2.16500e+02   2.91500e+02     1063.0       14.8   1.20800e+01   4.06000e-02     1           2.23080e+02   6.49100e+00  
     2022         3        26        22        30        46         11       7100       5362 1648333846.000   1648333846.000    6.30000e+02       0.00      90.00   2.16500e+02   2.91500e+02     1033.9        8.2           nan           nan     1           3.92810e+02   7.10000e+00  
     2022         3        26        22        38        34         12       7100       5362 1648334314.000   1648334314.000    6.30000e+02     180.00      45.00   2.16500e+02   2.91500e+02     1032.0       10.4   2.62600e+01   7.35000e-02     1           2.74730e+02   6.15500e+00  
     2022         3        26        22        43        22         13       7100       5362 1648334602.000   1648334602.000    6.30000e+02       0.00      90.00   2.16500e+02   2.91500e+02     1025.1        9.9           nan           nan     1           2.95920e+02   6.38800e+00  
     2022         3        26        22        50        34         14       7100       5362 1648335034.000   1648335034.000    6.30000e+02     180.00      45.00   2.16500e+02   2.91500e+02     1001.8        9.2   1.73500e+01   4.78000e-02     1           3.00350e+02   6.26900e+00  
     2022         3        26        23         4        22         15       7100       5362 1648335862.000   1648335862.000    6.30000e+02      90.00      45.00   2.25500e+02   3.00500e+02     1002.4        9.7   3.00400e+01   8.42000e-02     1           2.63720e+02   5.83100e+00  
     2022         3        26        23        21        46         16       7100       5362 1648336906.000   1648336906.000    6.30000e+02     -90.00      45.00   2.25500e+02   3.00500e+02      998.8       12.4  -2.44800e+01   7.89000e-02     1           2.43210e+02   6.41300e+00  
     2022         3        26        23        27        46         17       7100       5362 1648337266.000   1648337266.000    6.30000e+02       0.00      90.00   2.25500e+02   3.00500e+02      987.8        9.2           nan           nan     1           2.98120e+02   6.26400e+00  
     2022         3        26        23        30        10         18       7100       5362 1648337410.000   1648337410.000    6.30000e+02       0.00      45.00   2.25500e+02   3.00500e+02      992.7        9.8   9.95000e+00   2.77000e-02     1           2.94510e+02   6.44700e+00  
     2022         3        26        23        34        58         19       7100       5362 1648337698.000   1648337698.000    6.30000e+02     180.00      45.00   2.25500e+02   3.00500e+02      981.7       13.7   1.92800e+01   6.46000e-02     1           1.59730e+02   4.88800e+00  
     2022         3        26        23        40        22         20       7100       5362 1648338022.000   1648338022.000    6.30000e+02       0.00      90.00   2.25500e+02   3.00500e+02      982.2        8.7           nan           nan     1           3.03690e+02   6.16500e+00  
     2022         3        26        23        42        46         21       7100       5362 1648338166.000   1648338166.000    6.30000e+02       0.00      45.00   2.25500e+02   3.00500e+02      960.1       11.6   1.09800e+01   3.38000e-02     1           2.23950e+02   5.89300e+00  
     2022         3        26        23        47        34         22       7100       5362 1648338454.000   1648338454.000    6.30000e+02     180.00      45.00   2.25500e+02   3.00500e+02      956.9       10.7   1.44600e+01   4.24000e-02     1           2.21110e+02   5.52400e+00  
     2022         3        26        23        49        58         23       7100       5362 1648338598.000   1648338598.000    6.30000e+02     -90.00      45.00   2.25500e+02   3.00500e+02      966.8        8.7  -3.63000e+01   9.58000e-02     1           3.28200e+02   6.63000e+00  
     2022         3        26        23        55        58         24       7100       5362 1648338958.000   1648338958.000    6.30000e+02       0.00      90.00   2.25500e+02   3.00500e+02      954.8        9.4           nan           nan     0           2.45610e+02   5.55100e+00  
     2022         3        26        23        58        58         25       7100       5362 1648339138.000   1648339138.000    6.30000e+02       0.00      45.00   2.33500e+02   3.08500e+02      972.1       11.7  -1.00800e+01   3.21000e-02     1           2.21420e+02   5.80500e+00  
     2022         3        27         0         1        22         26       7100       5362 1648339282.000   1648339282.000    6.30000e+02      90.00      45.00   2.33500e+02   3.08500e+02      953.1       10.5   5.31100e+01   1.59000e-01     1           2.09070e+02   5.24300e+00  
     2022         3        27         0         3        46         27       7100       5362 1648339426.000   1648339426.000    6.30000e+02     180.00      45.00   2.33500e+02   3.08500e+02      941.2        9.6   2.95900e+01   8.51000e-02     1           2.37040e+02   5.51600e+00  
     2022         3        27         0         6        10         28       7100       5362 1648339570.000   1648339570.000    6.30000e+02     -90.00      45.00   2.33500e+02   3.08500e+02      946.1        7.9  -5.79600e+01   1.51500e-01     1           3.63450e+02   6.86600e+00  
     2022         3        27         0         8        34         29       7100       5362 1648339714.000   1648339714.000    6.30000e+02       0.00      90.00   2.33500e+02   3.08500e+02      954.8        9.7           nan           nan     1           2.50120e+02   5.75300e+00  
     2022         3        27         0        10        58         30       7100       5362 1648339858.000   1648339858.000    6.30000e+02       0.00      45.00   2.33500e+02   3.08500e+02      949.9        9.9   1.09000e+01   3.22000e-02     1           2.54800e+02   5.94800e+00  
     2022         3        27         0        13        22         31       7100       5362 1648340002.000   1648340002.000    6.30000e+02      90.00      45.00   2.33500e+02   3.08500e+02      941.1        9.8   5.75900e+01   1.68800e-01     1           2.27900e+02   5.41600e+00  
     2022         3        27         0        16        22         32       7100       5362 1648340182.000   1648340182.000    6.30000e+02     180.00      45.00   2.33500e+02   3.08500e+02      942.5       10.3   2.41400e+01   7.23000e-02     1           2.18620e+02   5.38800e+00  
     2022         3        27         0        18        46         33       7100       5362 1648340326.000   1648340326.000    6.30000e+02     -90.00      45.00   2.33500e+02   3.08500e+02      945.5        9.8  -3.00200e+01   8.78000e-02     1           2.72720e+02   6.27200e+00  
     2022         3        27         0        24        46         34       7100       5362 1648340686.000   1648340686.000    6.30000e+02       0.00      90.00   2.33500e+02   3.08500e+02      927.7        9.2           nan           nan     1           2.50200e+02   5.66700e+00  
     2022         3        27         0        27        10         35       7100       5362 1648340830.000   1648340830.000    6.30000e+02       0.00      45.00   2.33500e+02   3.08500e+02      929.5        8.3   1.88100e+01   5.22000e-02     1           3.04940e+02   6.23700e+00  
     2022         3        27         0        29        34         36       7100       5362 1648340974.000   1648340974.000    6.30000e+02      90.00      45.00   2.33500e+02   3.08500e+02      925.8        9.6   3.34400e+01   1.03300e-01     0           2.26480e+02   5.38100e+00  
     2022         3        27         0        31        58         37       7100       5362 1648341118.000   1648341118.000    6.30000e+02     180.00      45.00   2.33500e+02   3.08500e+02      923.2       10.5   1.86000e+01   6.21000e-02     1           2.04590e+02   5.24900e+00  
     2022         3        27         0        34        22         38       7100       5362 1648341262.000   1648341262.000    6.30000e+02     -90.00      45.00   2.33500e+02   3.08500e+02      922.9       10.9  -3.42700e+01   1.21300e-01     1           2.39820e+02   6.12200e+00  
     2022         3        27         0        37        22         39       7100       5362 1648341442.000   1648341442.000    6.30000e+02       0.00      90.00   2.33500e+02   3.08500e+02      939.1       12.5           nan           nan     1           1.79800e+02   5.21900e+00  
     2022         3        27         0        39        46         40       7100       5362 1648341586.000   1648341586.000    6.30000e+02       0.00      45.00   2.33500e+02   3.08500e+02      934.8       15.6  -4.83000e+00   2.13000e-02     1           1.49990e+02   5.24400e+00  
     2022         3        27         0        42        10         41       7100       5362 1648341730.000   1648341730.000    6.30000e+02      90.00      45.00   2.33500e+02   3.08500e+02      923.7       16.1   8.11000e+00   3.66000e-02     1           1.22010e+02   4.53300e+00  
     2022         3        27         0        44        34         42       7100       5362 1648341874.000   1648341874.000    6.30000e+02     180.00      45.00   2.33500e+02   3.08500e+02      922.0       12.8   2.09700e+01   8.19000e-02     1           1.64220e+02   4.97900e+00  
     2022         3        27         0        46        58         43       7100       5362 1648342018.000   1648342018.000    6.30000e+02     -90.00      45.00   2.33500e+02   3.08500e+02      922.7        8.7  -4.45200e+01   1.44200e-01     1           3.09230e+02   6.50100e+00  
     2022         3        27         0        52        58         44       7100       5362 1648342378.000   1648342378.000    6.30000e+02       0.00      90.00   2.33500e+02   3.08500e+02      927.2       12.0           nan           nan     1           1.85680e+02   5.25700e+00  
     2022         3        27         0        55        22         45       7100       5362 1648342522.000   1648342522.000    6.30000e+02       0.00      45.00   2.33500e+02   3.08500e+02      950.2       21.3   1.94500e+01   1.08200e-01     1           1.04690e+02   4.79600e+00  
     2022         3        27         0        57        46         46       7100       5362 1648342666.000   1648342666.000    6.30000e+02      90.00      45.00   2.33500e+02   3.08500e+02      927.1       15.4   1.63200e+01   7.63000e-02     1           1.26450e+02   4.52100e+00  
     2022         3        27         1         0        46         47       7100       5362 1648342846.000   1648342846.000    6.30000e+02     180.00      45.00   2.42500e+02   3.17500e+02      910.0       15.5   2.17300e+01   1.07000e-01     1           1.25910e+02   4.58700e+00  
     2022         3        27         1         3        10         48       7100       5362 1648342990.000   1648342990.000    6.30000e+02     -90.00      45.00   2.42500e+02   3.17500e+02      927.2       12.7  -6.80000e+00   3.15000e-02     1           1.93900e+02   5.69100e+00  
     2022         3        27         1         5        34         49       7100       5362 1648343134.000   1648343134.000    6.30000e+02       0.00      90.00   2.42500e+02   3.17500e+02      935.6       17.5           nan           nan     1           1.19680e+02   4.69700e+00  
     2022         3        27         1         7        58         50       7100       5362 1648343278.000   1648343278.000    6.30000e+02       0.00      45.00   2.42500e+02   3.17500e+02      914.7       14.4  -6.59000e+00   3.27000e-02     1           1.50190e+02   5.05400e+00  
     2022         3        27         1        10        22         51       7100       5362 1648343422.000   1648343422.000    6.30000e+02      90.00      45.00   2.42500e+02   3.17500e+02      922.8       16.5   3.17200e+01   1.62200e-01     1           1.11250e+02   4.27000e+00  
     2022         3        27         1        12        46         52       7100       5362 1648343566.000   1648343566.000    6.30000e+02     180.00      45.00   2.42500e+02   3.17500e+02      891.2       15.7   2.06300e+01   1.00900e-01     1           1.20400e+02   4.51700e+00  
     2022         3        27         1        15        10         53       7100       5362 1648343710.000   1648343710.000    6.30000e+02     -90.00      45.00   2.42500e+02   3.17500e+02      889.3        8.4  -4.93700e+01   1.71000e-01     1           2.85500e+02   6.13800e+00  
     2022         3        27         1        21        46         54       7100       5362 1648344106.000   1648344106.000    6.30000e+02       0.00      90.00   2.42500e+02   3.17500e+02      887.1       10.8           nan           nan     0           1.72120e+02   4.75200e+00  
     2022         3        27         1        24        10         55       7100       5362 1648344250.000   1648344250.000    6.30000e+02       0.00      45.00   2.42500e+02   3.17500e+02      896.9        9.8   9.26000e+00   3.05000e-02     1           2.18540e+02   5.40000e+00  
     2022         3        27         1        26        34         56       7100       5362 1648344394.000   1648344394.000    6.30000e+02      90.00      45.00   2.42500e+02   3.17500e+02      899.1       13.1   1.39400e+01   5.35000e-02     1           1.41050e+02   4.53000e+00  
     2022         3        27         1        28        58         57       7100       5362 1648344538.000   1648344538.000    6.30000e+02     180.00      45.00   2.42500e+02   3.17500e+02      889.5       14.0   1.45000e+01   5.88000e-02     1           1.27440e+02   4.38000e+00  
     2022         3        27         1        31        22         58       7100       5362 1648344682.000   1648344682.000    6.30000e+02     -90.00      45.00   2.42500e+02   3.17500e+02      911.9       11.1  -3.64500e+01   1.32100e-01     1           2.13070e+02   5.67400e+00  
     2022         3        27         1        33        46         59       7100       5362 1648344826.000   1648344826.000    6.30000e+02       0.00      90.00   2.42500e+02   3.17500e+02      900.5       12.0           nan           nan     0           1.42910e+02   4.32600e+00  
     2022         3        27         1        36        10         60       7100       5362 1648344970.000   1648344970.000    6.30000e+02       0.00      45.00   2.42500e+02   3.17500e+02      896.0       10.7   1.50200e+01   5.42000e-02     1           1.91690e+02   5.13000e+00  
     2022         3        27         1        39        10         61       7100       5362 1648345150.000   1648345150.000    6.30000e+02      90.00      45.00   2.42500e+02   3.17500e+02      894.6       12.9   3.93400e+01   1.56600e-01     0           1.31390e+02   4.25100e+00  
     2022         3        27         1        41        34         62       7100       5362 1648345294.000   1648345294.000    6.30000e+02     180.00      45.00   2.42500e+02   3.17500e+02      908.8       14.3   7.01000e+00   2.98000e-02     0           1.22880e+02   4.26300e+00  
     2022         3        27         1        43        58         63       7100       5362 1648345438.000   1648345438.000    6.30000e+02     -90.00      45.00   2.42500e+02   3.17500e+02      900.4        9.9  -5.92300e+01   2.11400e-01     1           2.21490e+02   5.48100e+00  
     2022         3        27         1        49        58         64       7100       5362 1648345798.000   1648345798.000    6.30000e+02       0.00      90.00   2.42500e+02   3.17500e+02      899.7       13.2           nan           nan     0           1.22090e+02   4.05100e+00  
     2022         3        27         1        52        22         65       7100       5362 1648345942.000   1648345942.000    6.30000e+02       0.00      45.00   2.42500e+02   3.17500e+02      912.3       13.6   2.05000e+01   8.90000e-02     1           1.40990e+02   4.60700e+00  
     2022         3        27         1        54        46         66       7100       5362 1648346086.000   1648346086.000    6.30000e+02      90.00      45.00   2.42500e+02   3.17500e+02      925.3       17.2   7.04500e+01   3.48100e-01     0           8.35200e+01   3.45200e+00  
     2022         3        27         1        57        10         67       7100       5362 1648346230.000   1648346230.000    6.30000e+02     180.00      45.00   2.42500e+02   3.17500e+02      918.7       19.0  -2.36800e+01   1.27600e-01     0           8.08500e+01   3.60500e+00  
     2022         3        27         1        59        34         68       7100       5362 1648346374.000   1648346374.000    6.30000e+02     -90.00      45.00   2.50500e+02   3.25500e+02      900.6       14.2  -3.52400e+01   1.67500e-01     1           1.41770e+02   4.80900e+00  
     2022         3        27         2         2        34         69       7100       5362 1648346554.000   1648346554.000    6.30000e+02       0.00      90.00   2.50500e+02   3.25500e+02      890.3       15.7           nan           nan     0           9.26400e+01   3.63900e+00  
     2022         3        27         2         4        58         70       7100       5362 1648346698.000   1648346698.000    6.30000e+02       0.00      45.00   2.50500e+02   3.25500e+02      908.4       12.6   3.16400e+01   1.50400e-01     1           1.49980e+02   4.61800e+00  
     2022         3        27         2         7        22         71       7100       5362 1648346842.000   1648346842.000    6.30000e+02      90.00      45.00   2.50500e+02   3.25500e+02      911.6       19.6   2.10200e+01   1.29500e-01     0           7.74300e+01   3.56800e+00  
     2022         3        27         2         9        46         72       7100       5362 1648346986.000   1648346986.000    6.30000e+02     180.00      45.00   2.50500e+02   3.25500e+02      932.6       23.3  -3.58400e+01   2.48300e-01     0           5.83600e+01   3.11900e+00  
     2022         3        27         2        12        10         73       7100       5362 1648347130.000   1648347130.000    6.30000e+02     -90.00      45.00   2.50500e+02   3.25500e+02      909.8       15.1  -4.63300e+01   2.73100e-01     1           1.19490e+02   4.31100e+00  
     2022         3        27         2        18        10         74       7100       5362 1648347490.000   1648347490.000    6.30000e+02       0.00      90.00   2.50500e+02   3.25500e+02      946.3       24.9           nan           nan     0           5.30600e+01   2.98800e+00  
     2022         3        27         2        20        34         75       7100       5362 1648347634.000   1648347634.000    6.30000e+02       0.00      45.00   2.50500e+02   3.25500e+02      905.5       15.4   6.95600e+01   4.75800e-01     0           9.90200e+01   3.75200e+00  
     2022         3        27         2        23        34         76       7100       5362 1648347814.000   1648347814.000    6.30000e+02      90.00      45.00   2.50500e+02   3.25500e+02      941.0       27.1   4.65300e+01   4.24200e-01     0           4.68300e+01   2.86200e+00  
     2022         3        27         2        25        58         77       7100       5362 1648347958.000   1648347958.000    6.30000e+02     180.00      45.00   2.50500e+02   3.25500e+02      962.3       34.3  -1.59200e+01   1.70500e-01     0           4.06600e+01   2.97200e+00  
     2022         3        27         2        28        22         78       7100       5362 1648348102.000   1648348102.000    6.30000e+02     -90.00      45.00   2.50500e+02   3.25500e+02      999.1       35.1  -2.80000e+00   3.13000e-02     1           5.55900e+01   3.88300e+00  
     2022         3        27         2        30        46         79       7100       5362 1648348246.000   1648348246.000    6.30000e+02       0.00      90.00   2.50500e+02   3.25500e+02      945.1       36.6           nan           nan     0           2.90900e+01   2.35600e+00  
     2022         3        27         2        33        10         80       7100       5362 1648348390.000   1648348390.000    6.30000e+02       0.00      45.00   2.50500e+02   3.25500e+02      949.2       23.0   8.18100e+01   8.18900e-01     0           6.00400e+01   3.12900e+00  
     2022         3        27         2        35        34         81       7100       5362 1648348534.000   1648348534.000    6.30000e+02      90.00      45.00   2.50500e+02   3.25500e+02      982.4       38.9   5.31100e+01   6.99500e-01     0           3.13300e+01   2.55400e+00  
     2022         3        27         2        38        34         82       7100       5362 1648348714.000   1648348714.000    6.30000e+02     180.00      45.00   2.50500e+02   3.25500e+02      920.3       44.6  -7.75800e+01   1.17630e+00     1           2.41700e+01   2.37600e+00  
     2022         3        27         2        40        58         83       7100       5362 1648348858.000   1648348858.000    6.30000e+02     -90.00      45.00   2.50500e+02   3.25500e+02     1031.4       41.4   2.07400e+01   3.02200e-01     2           4.55800e+01   3.61300e+00  
     2022         3        27         2        46        58         84       7100       5362 1648349218.000   1648349218.000    6.30000e+02       0.00      90.00   2.50500e+02   3.25500e+02     1027.2       53.4           nan           nan     2           2.86500e+01   2.93400e+00  
     2022         3        27         2        49        22         85       7100       5362 1648349362.000   1648349362.000    6.30000e+02       0.00      45.00   2.50500e+02   3.25500e+02     1006.0       39.7   7.76200e+01   1.22250e+00     1           3.85100e+01   3.06500e+00  
     2022         3        27         2        51        46         86       7100       5362 1648349506.000   1648349506.000    6.30000e+02      90.00      45.00   2.50500e+02   3.25500e+02     1037.1       50.4   3.82600e+01   6.56300e-01     1           2.57100e+01   2.51400e+00  
     2022         3        27         2        54        10         87       7100       5362 1648349650.000   1648349650.000    6.30000e+02     180.00      45.00   2.50500e+02   3.25500e+02     1088.0       78.5  -3.92000e+00   8.73000e-02     2           1.93000e+01   2.69000e+00  
     2022         3        27         2        58        58         88       7100       5362 1648349938.000   1648349938.000    6.30000e+02       0.00      90.00   2.54500e+02   3.29500e+02      988.0       54.2           nan           nan     2           2.41600e+01   2.62700e+00  
     2022         3        27         3         1        58         89       7100       5362 1648350118.000   1648350118.000    6.30000e+02       0.00      45.00   2.54500e+02   3.29500e+02     1032.3       42.5   4.28100e+01   7.10900e-01     1           3.37300e+01   2.81200e+00  
     2022         3        27         3         4        22         90       7100       5362 1648350262.000   1648350262.000    6.30000e+02      90.00      45.00   2.54500e+02   3.29500e+02     1037.0       58.2   4.07500e+01   8.12600e-01     1           2.14000e+01   2.39200e+00  
     2022         3        27         3         6        46         91       7100       5362 1648350406.000   1648350406.000    6.30000e+02     180.00      45.00   2.54500e+02   3.29500e+02     1112.3       84.8  -9.27500e+01   2.27940e+00     2           1.63200e+01   2.41300e+00  
     2022         3        27         3        15        10         92       7100       5362 1648350910.000   1648350910.000    6.30000e+02       0.00      90.00   2.54500e+02   3.29500e+02     1082.4       82.9           nan           nan     2           1.69400e+01   2.51000e+00  
     2022         3        27         3        19        58         93       7100       5362 1648351198.000   1648351198.000    6.30000e+02      90.00      45.00   2.54500e+02   3.29500e+02     1087.6       75.9   1.32300e+01   3.65100e-01     2           1.65400e+01   2.26400e+00  
     2022         3        27         3        22        58         94       7100       5362 1648351378.000   1648351378.000    6.30000e+02     180.00      45.00   2.54500e+02   3.29500e+02     1132.3      100.7  -7.82800e+01   2.53630e+00     2           1.36600e+01   2.33500e+00  
     2022         3        27         3        27        46         95       7100       5362 1648351666.000   1648351666.000    6.30000e+02       0.00      90.00   2.54500e+02   3.29500e+02     1342.5      126.6           nan           nan     2           1.50900e+01   2.69300e+00  
     2022         3        27         3        32        34         96       7100       5362 1648351954.000   1648351954.000    6.30000e+02      90.00      45.00   2.54500e+02   3.29500e+02     1371.2      141.6  -3.08800e+01   1.17870e+00     2           1.20900e+01   2.36500e+00  
     2022         3        27         4        17        34         97       7100       5362 1648354654.000   1648354654.000    6.30000e+02      90.00      45.00   2.53500e+02   3.28500e+02     1187.8      116.2  -9.65400e+01   3.19760e+00     2           1.29100e+01   2.40600e+00  
     2022         3        27         4        24        46         98       7100       5362 1648355086.000   1648355086.000    6.30000e+02       0.00      90.00   2.53500e+02   3.28500e+02     1257.3       97.8           nan           nan     2           1.94700e+01   2.88900e+00  
     2022         3        27         4        29        34         99       7100       5362 1648355374.000   1648355374.000    6.30000e+02      90.00      45.00   2.53500e+02   3.28500e+02     1203.7       97.2   2.00000e-01   6.00000e-03     2           1.60800e+01   2.49600e+00  
     2022         3        27         4        31        58        100       7100       5362 1648355518.000   1648355518.000    6.30000e+02     180.00      45.00   2.53500e+02   3.28500e+02     1206.1       87.7  -6.06500e+01   1.74560e+00     2           1.89800e+01   2.66100e+00  
     2022         3        27         4        40        58        101       7100       5362 1648356058.000   1648356058.000    6.30000e+02       0.00      90.00   2.53500e+02   3.28500e+02     1332.0      115.4           nan           nan     2           1.93600e+01   3.16400e+00  
     2022         3        27         4        45        46        102       7100       5362 1648356346.000   1648356346.000    6.30000e+02      90.00      45.00   2.53500e+02   3.28500e+02     1198.6       93.4  -2.34200e+01   6.67700e-01     2           1.74800e+01   2.61900e+00  
     2022         3        27         4        48        10        103       7100       5362 1648356490.000   1648356490.000    6.30000e+02     180.00      45.00   2.53500e+02   3.28500e+02     1185.5       94.5   6.12900e+01   1.79680e+00     2           1.91900e+01   2.91600e+00  
     2022         3        27         4        52        58        104       7100       5362 1648356778.000   1648356778.000    6.30000e+02       0.00      90.00   2.53500e+02   3.28500e+02     1155.5       76.0           nan           nan     2           2.56400e+01   3.23300e+00  
     2022         3        27         4        58        22        105       7100       5362 1648357102.000   1648357102.000    6.30000e+02      90.00      45.00   2.53500e+02   3.28500e+02     1095.7       81.0  -2.55600e+01   6.40500e-01     2           1.87000e+01   2.66900e+00  
     2022         3        27         5         0        46        106       7100       5362 1648357246.000   1648357246.000    6.30000e+02     180.00      45.00   2.49500e+02   3.24500e+02     1061.4       57.0   2.64000e+00   5.56000e-02     2           2.84700e+01   2.99900e+00  
     2022         3        27         5         9        10        107       7100       5362 1648357750.000   1648357750.000    6.30000e+02       0.00      90.00   2.49500e+02   3.24500e+02     1088.5       63.7           nan           nan     2           2.87200e+01   3.25200e+00  
     2022         3        27         5        11        34        108       7100       5362 1648357894.000   1648357894.000    6.30000e+02       0.00      45.00   2.49500e+02   3.24500e+02     1159.2       71.4   4.39000e+00   9.18000e-02     2           3.18000e+01   3.73000e+00  
     2022         3        27         5        13        58        109       7100       5362 1648358038.000   1648358038.000    6.30000e+02      90.00      45.00   2.49500e+02   3.24500e+02     1085.8       61.4   5.74000e+00   1.03300e-01     2           2.55800e+01   2.83400e+00  
     2022         3        27         5        16        22        110       7100       5362 1648358182.000   1648358182.000    6.30000e+02     180.00      45.00   2.49500e+02   3.24500e+02     1032.4       36.6   2.72300e+01   3.56900e-01     1           4.48100e+01   3.22300e+00  
     2022         3        27         5        19        22        111       7100       5362 1648358362.000   1648358362.000    6.30000e+02     -90.00      45.00   2.49500e+02   3.24500e+02      975.0       18.6  -3.26700e+01   2.89000e-01     1           1.02200e+02   4.14900e+00  
     2022         3        27         5        21        46        112       7100       5362 1648358506.000   1648358506.000    6.30000e+02       0.00      90.00   2.49500e+02   3.24500e+02      993.3       29.0           nan           nan     1           6.09400e+01   3.64300e+00  
     2022         3        27         5        24        10        113       7100       5362 1648358650.000   1648358650.000    6.30000e+02       0.00      45.00   2.49500e+02   3.24500e+02     1110.0       40.3   9.22000e+00   9.90000e-02     2           5.60900e+01   4.01500e+00  
     2022         3        27         5        26        34        114       7100       5362 1648358794.000   1648358794.000    6.30000e+02      90.00      45.00   2.49500e+02   3.24500e+02      999.7       29.6   1.33300e+01   1.15900e-01     0           5.50800e+01   3.36000e+00  
     2022         3        27         5        28        58        115       7100       5362 1648358938.000   1648358938.000    6.30000e+02     180.00      45.00   2.49500e+02   3.24500e+02      932.9       20.5   2.11100e+01   1.46000e-01     0           7.49400e+01   3.53600e+00  
     2022         3        27         5        31        22        116       7100       5362 1648359082.000   1648359082.000    6.30000e+02     -90.00      45.00   2.49500e+02   3.24500e+02      990.4       17.7  -1.44100e+01   8.62000e-02     1           1.28280e+02   4.81400e+00  
     2022         3        27         5        37        22        117       7100       5362 1648359442.000   1648359442.000    6.30000e+02       0.00      90.00   2.49500e+02   3.24500e+02      939.7       13.7           nan           nan     0           1.30470e+02   4.25700e+00  
     2022         3        27         5        39        46        118       7100       5362 1648359586.000   1648359586.000    6.30000e+02       0.00      45.00   2.49500e+02   3.24500e+02      982.8       21.6  -2.18000e+00   1.23000e-02     1           9.92600e+01   4.50600e+00  
     2022         3        27         5        42        46        119       7100       5362 1648359766.000   1648359766.000    6.30000e+02      90.00      45.00   2.49500e+02   3.24500e+02      947.0       16.1   1.83700e+01   8.64000e-02     0           1.09650e+02   4.08000e+00  
     2022         3        27         5        45        10        120       7100       5362 1648359910.000   1648359910.000    6.30000e+02     180.00      45.00   2.49500e+02   3.24500e+02      949.3       15.4   2.34700e+01   1.06100e-01     0           1.18650e+02   4.20700e+00  
     2022         3        27         5        47        34        121       7100       5362 1648360054.000   1648360054.000    6.30000e+02     -90.00      45.00   2.49500e+02   3.24500e+02      958.9       13.7  -7.65000e+00   3.23000e-02     1           1.74190e+02   5.35200e+00  
     2022         3        27         5        49        58        122       7100       5362 1648360198.000   1648360198.000    6.30000e+02       0.00      90.00   2.49500e+02   3.24500e+02      927.9       12.4           nan           nan     1           1.59240e+02   4.74000e+00  
     2022         3        27         5        52        22        123       7100       5362 1648360342.000   1648360342.000    6.30000e+02       0.00      45.00   2.49500e+02   3.24500e+02      945.2        9.5  -1.14500e+01   4.03000e-02     1           2.59130e+02   5.86500e+00  
     2022         3        27         5        54        46        124       7100       5362 1648360486.000   1648360486.000    6.30000e+02      90.00      45.00   2.49500e+02   3.24500e+02      941.4       12.8   2.33600e+01   9.46000e-02     1           1.55670e+02   4.69100e+00  
     2022         3        27         5        57        46        125       7100       5362 1648360666.000   1648360666.000    6.30000e+02     180.00      45.00   2.49500e+02   3.24500e+02      939.9       14.1   1.64500e+01   7.16000e-02     1           1.42950e+02   4.68400e+00  
     2022         3        27         6         0        10        126       7100       5362 1648360810.000   1648360810.000    6.30000e+02     -90.00      45.00   2.46500e+02   3.21500e+02      956.3       15.8  -2.80000e+00   1.32000e-02     1           1.53060e+02   5.30700e+00  
     2022         3        27         6         6        10        127       7100       5362 1648361170.000   1648361170.000    6.30000e+02       0.00      90.00   2.46500e+02   3.21500e+02      949.9       13.5           nan           nan     1           1.56770e+02   4.87100e+00  
     2022         3        27         6         8        34        128       7100       5362 1648361314.000   1648361314.000    6.30000e+02       0.00      45.00   2.46500e+02   3.21500e+02      939.8       13.4  -6.80000e-01   3.00000e-03     1           1.72740e+02   5.30000e+00  
     2022         3        27         6        10        58        129       7100       5362 1648361458.000   1648361458.000    6.30000e+02      90.00      45.00   2.46500e+02   3.21500e+02      943.5       16.0   1.97600e+01   9.81000e-02     1           1.19210e+02   4.35600e+00  
     2022         3        27         6        13        22        130       7100       5362 1648361602.000   1648361602.000    6.30000e+02     180.00      45.00   2.46500e+02   3.21500e+02      932.6       19.3   2.95300e+01   1.68500e-01     1           9.46400e+01   4.13300e+00  
     2022         3        27         6        15        46        131       7100       5362 1648361746.000   1648361746.000    6.30000e+02     -90.00      45.00   2.46500e+02   3.21500e+02      982.5       19.4   3.08000e+00   1.78000e-02     1           1.27930e+02   5.18700e+00  
     2022         3        27         6        18        46        132       7100       5362 1648361926.000   1648361926.000    6.30000e+02       0.00      90.00   2.46500e+02   3.21500e+02      948.1       16.6           nan           nan     1           1.23580e+02   4.60400e+00  
     2022         3        27         6        21        10        133       7100       5362 1648362070.000   1648362070.000    6.30000e+02       0.00      45.00   2.46500e+02   3.21500e+02      939.5       16.3  -8.22000e+00   4.81000e-02     1           1.34390e+02   4.91000e+00  
     2022         3        27         6        23        34        134       7100       5362 1648362214.000   1648362214.000    6.30000e+02      90.00      45.00   2.46500e+02   3.21500e+02      942.8       18.7   1.21800e+01   8.02000e-02     1           9.59900e+01   4.04800e+00  
     2022         3        27         6        25        58        135       7100       5362 1648362358.000   1648362358.000    6.30000e+02     180.00      45.00   2.46500e+02   3.21500e+02      952.9       21.2   1.68500e+01   1.25500e-01     1           8.77600e+01   4.07800e+00  
     2022         3        27         6        28        22        136       7100       5362 1648362502.000   1648362502.000    6.30000e+02     -90.00      45.00   2.46500e+02   3.21500e+02      979.0       24.5   8.98000e+00   7.65000e-02     1           9.53900e+01   4.80100e+00  
     2022         3        27         6        34        22        137       7100       5362 1648362862.000   1648362862.000    6.30000e+02       0.00      90.00   2.46500e+02   3.21500e+02     1007.7       32.2           nan           nan     1           5.94800e+01   3.82200e+00  
     2022         3        27         6        36        46        138       7100       5362 1648363006.000   1648363006.000    6.30000e+02       0.00      45.00   2.46500e+02   3.21500e+02      968.2       30.3   1.37000e+00   1.40000e-02     1           6.97700e+01   4.34300e+00  
     2022         3        27         6        39        10        139       7100       5362 1648363150.000   1648363150.000    6.30000e+02      90.00      45.00   2.46500e+02   3.21500e+02      919.6       20.9   2.28000e+01   1.90200e-01     1           7.79900e+01   3.74000e+00  
     2022         3        27         6        42        10        140       7100       5362 1648363330.000   1648363330.000    6.30000e+02     180.00      45.00   2.46500e+02   3.21500e+02      978.4       31.4   2.30100e+01   2.26300e-01     1           5.67700e+01   3.67400e+00  
     2022         3        27         6        44        34        141       7100       5362 1648363474.000   1648363474.000    6.30000e+02     -90.00      45.00   2.46500e+02   3.21500e+02      960.8       29.2  -1.22300e+01   1.14400e-01     1           7.38800e+01   4.46800e+00  
     2022         3        27         6        46        58        142       7100       5362 1648363618.000   1648363618.000    6.30000e+02       0.00      90.00   2.46500e+02   3.21500e+02      981.4       24.6           nan           nan     1           7.71700e+01   3.98700e+00  
     2022         3        27         6        51        46        143       7100       5362 1648363906.000   1648363906.000    6.30000e+02      90.00      45.00   2.46500e+02   3.21500e+02      917.4       29.8   7.26000e+00   6.62000e-02     1           4.98000e+01   3.30600e+00  
     2022         3        27         6        54        10        144       7100       5362 1648364050.000   1648364050.000    6.30000e+02     180.00      45.00   2.46500e+02   3.21500e+02      983.4       31.5   1.70700e+01   1.53400e-01     1           5.55100e+01   3.59400e+00  
     2022         3        27         6        56        34        145       7100       5362 1648364194.000   1648364194.000    6.30000e+02     -90.00      45.00   2.46500e+02   3.21500e+02     1009.0       29.7  -1.06500e+01   9.31000e-02     1           7.89600e+01   4.61500e+00  
     2022         3        27         7         3        10        146       7100       5362 1648364590.000   1648364590.000    6.30000e+02       0.00      90.00   2.44500e+02   3.19500e+02      925.1       21.5           nan           nan     1           7.90200e+01   3.85600e+00  
     2022         3        27         7         5        34        147       7100       5362 1648364734.000   1648364734.000    6.30000e+02       0.00      45.00   2.44500e+02   3.19500e+02      956.4       30.7   1.64700e+01   1.52300e-01     1           6.21800e+01   3.99800e+00  
     2022         3        27         7         7        58        148       7100       5362 1648364878.000   1648364878.000    6.30000e+02      90.00      45.00   2.44500e+02   3.19500e+02      913.2       28.2   3.47600e+01   3.14300e-01     1           5.47200e+01   3.45300e+00  
     2022         3        27         7        10        22        149       7100       5362 1648365022.000   1648365022.000    6.30000e+02     180.00      45.00   2.44500e+02   3.19500e+02      934.3       35.0   1.54900e+01   1.65500e-01     1           4.58500e+01   3.43400e+00  
     2022         3        27         7        12        46        150       7100       5362 1648365166.000   1648365166.000    6.30000e+02     -90.00      45.00   2.44500e+02   3.19500e+02     1069.9       48.3   1.79800e+01   2.33200e-01     2           4.69100e+01   4.10800e+00  
     2022         3        27         7        15        10        151       7100       5362 1648365310.000   1648365310.000    6.30000e+02       0.00      90.00   2.44500e+02   3.19500e+02      948.7       29.3           nan           nan     1           5.75500e+01   3.61900e+00  
     2022         3        27         7        17        34        152       7100       5362 1648365454.000   1648365454.000    6.30000e+02       0.00      45.00   2.44500e+02   3.19500e+02      997.0       39.5   1.57200e+01   1.88000e-01     2           4.90800e+01   3.83200e+00  
     2022         3        27         7        20        34        153       7100       5362 1648365634.000   1648365634.000    6.30000e+02      90.00      45.00   2.44500e+02   3.19500e+02      945.5       35.2   6.19000e+00   7.21000e-02     1           4.49600e+01   3.35800e+00  
     2022         3        27         7        22        58        154       7100       5362 1648365778.000   1648365778.000    6.30000e+02     180.00      45.00   2.44500e+02   3.19500e+02      935.5       40.0   2.34100e+01   2.99300e-01     2           3.84700e+01   3.26500e+00  
     2022         3        27         7        25        22        155       7100       5362 1648365922.000   1648365922.000    6.30000e+02     -90.00      45.00   2.44500e+02   3.19500e+02     1071.7       57.9   3.44000e+01   5.52400e-01     2           3.82300e+01   3.95700e+00  
     2022         3        27         7        31        22        156       7100       5362 1648366282.000   1648366282.000    6.30000e+02       0.00      90.00   2.44500e+02   3.19500e+02      954.3       38.2           nan           nan     1           4.20000e+01   3.35300e+00  
     2022         3        27         7        33        46        157       7100       5362 1648366426.000   1648366426.000    6.30000e+02       0.00      45.00   2.44500e+02   3.19500e+02      938.9       34.7  -8.60000e+00   1.09400e-01     1           4.89000e+01   3.60100e+00  
     2022         3        27         7        36        10        158       7100       5362 1648366570.000   1648366570.000    6.30000e+02      90.00      45.00   2.44500e+02   3.19500e+02      942.0       41.5   3.59700e+01   4.97100e-01     2           3.66300e+01   3.20000e+00  
     2022         3        27         7        38        34        159       7100       5362 1648366714.000   1648366714.000    6.30000e+02     180.00      45.00   2.44500e+02   3.19500e+02     1045.6       51.9   1.57300e+01   2.35500e-01     2           3.35700e+01   3.26000e+00  
     2022         3        27         7        41        34        160       7100       5362 1648366894.000   1648366894.000    6.30000e+02     -90.00      45.00   2.44500e+02   3.19500e+02     1069.9       53.1   2.45200e+01   3.87600e-01     2           4.01700e+01   3.86000e+00  
     2022         3        27         7        43        58        161       7100       5362 1648367038.000   1648367038.000    6.30000e+02       0.00      90.00   2.44500e+02   3.19500e+02      950.3       38.9           nan           nan     1           4.00500e+01   3.27600e+00  
     2022         3        27         7        46        22        162       7100       5362 1648367182.000   1648367182.000    6.30000e+02       0.00      45.00   2.44500e+02   3.19500e+02      903.9       28.1  -1.98200e+01   2.29000e-01     1           5.42000e+01   3.44900e+00  
     2022         3        27         7        48        46        163       7100       5362 1648367326.000   1648367326.000    6.30000e+02      90.00      45.00   2.44500e+02   3.19500e+02      947.1       38.9   3.92000e+01   5.23200e-01     2           4.69500e+01   3.79100e+00  
     2022         3        27         7        51        10        164       7100       5362 1648367470.000   1648367470.000    6.30000e+02     180.00      45.00   2.44500e+02   3.19500e+02      948.5       41.6   3.10300e+01   4.27500e-01     2           3.75300e+01   3.26600e+00  
     2022         3        27         7        53        34        165       7100       5362 1648367614.000   1648367614.000    6.30000e+02     -90.00      45.00   2.44500e+02   3.19500e+02     1024.8       47.7   1.81600e+01   2.57400e-01     2           4.22100e+01   3.81800e+00  
     2022         3        27         7        59        34        166       7100       5362 1648367974.000   1648367974.000    6.30000e+02       0.00      90.00   2.41500e+02   3.16500e+02      890.0       31.4           nan           nan     1           4.63100e+01   3.31100e+00  
     2022         3        27         8         2        34        167       7100       5362 1648368154.000   1648368154.000    6.30000e+02       0.00      45.00   2.41500e+02   3.16500e+02      917.3       26.1   2.46400e+01   2.45900e-01     0           5.47800e+01   3.25700e+00  
     2022         3        27         8         4        58        168       7100       5362 1648368298.000   1648368298.000    6.30000e+02      90.00      45.00   2.41500e+02   3.16500e+02      879.2       25.9   4.58700e+01   4.61300e-01     1           7.06500e+01   4.20100e+00  
     2022         3        27         8         7        22        169       7100       5362 1648368442.000   1648368442.000    6.30000e+02     180.00      45.00   2.41500e+02   3.16500e+02      905.3       27.8   2.55200e+01   2.55800e-01     1           5.91200e+01   3.69000e+00  
     2022         3        27         8         9        46        170       7100       5362 1648368586.000   1648368586.000    6.30000e+02     -90.00      45.00   2.41500e+02   3.16500e+02     1003.4       36.2   1.00500e+01   1.11800e-01     2           6.00900e+01   4.26300e+00  
     2022         3        27         8        12        10        171       7100       5362 1648368730.000   1648368730.000    6.30000e+02       0.00      90.00   2.41500e+02   3.16500e+02      916.6       26.9           nan           nan     1           7.01500e+01   4.15100e+00  
     2022         3        27         8        14        34        172       7100       5362 1648368874.000   1648368874.000    6.30000e+02       0.00      45.00   2.41500e+02   3.16500e+02      929.6       25.7  -2.84000e+00   2.68000e-02     1           8.59200e+01   4.73900e+00  
     2022         3        27         8        16        58        173       7100       5362 1648369018.000   1648369018.000    6.30000e+02      90.00      45.00   2.41500e+02   3.16500e+02     1005.0       33.6   1.28400e+01   1.37000e-01     2           8.72900e+01   5.64800e+00  
     2022         3        27         8        19        58        174       7100       5362 1648369198.000   1648369198.000    6.30000e+02     180.00      45.00   2.41500e+02   3.16500e+02      999.8       28.1   1.85800e+01   1.80200e-01     2           1.13220e+02   6.18700e+00  
     2022         3        27         8        22        22        175       7100       5362 1648369342.000   1648369342.000    6.30000e+02     -90.00      45.00   2.41500e+02   3.16500e+02     1223.6       41.6  -2.89600e+01   3.29400e-01     2           1.04350e+02   6.74600e+00  
