,south,north,east,west
2013-01-01,1.8186196145406162,1.8333598165845688,1.8523076923076922,1.807337261643332
2013-01-03,1.3965591203630532,1.4359166686830072,1.4141488236338788,1.3157180313346146
2013-01-03,1.3965591203630532,1.4359166686830072,1.4141488236338788,1.4582360067462172
2013-01-04,1.2198705901643476,1.153259044420699,1.2042719375149438,1.1198989518415348
2013-01-04,1.2198705901643476,1.153259044420699,1.2042719375149438,1.293970297524318
2013-01-13,1.5640880130007484,1.5434885307857857,1.6216934027408905,1.5547973110613158
2013-01-13,1.285538618101639,1.2862516950264642,1.3258924693824377,1.2712358427714854
2013-01-13,1.9888805064453703,1.9217698189660806,1.9855619146722165,1.981695443333766
2013-01-14,1.373440396210795,1.3718505647263246,1.338745154005164,1.3387962206928732
2013-01-21,1.1962535059053598,1.2584221340851534,1.2834321401095172,1.2081087726526625
2013-01-22,1.5689114005900344,1.5232904422093618,1.4953638220964953,1.5285737678074343
2013-01-24,1.5131130790190732,1.4736902630152289,1.5119131330640543,1.4950175449866303
2013-01-24,1.2399260370512506,1.2239565567395725,1.2706669781888649,1.2539652606127545
2013-01-24,1.2399260370512506,1.2239565567395725,1.1549512185981436,1.2539652606127545
2013-01-25,1.209468716699651,1.1569910057236301,1.1319639426629229,1.1239471742283518
2013-01-25,1.209468716699651,1.172681383259248,1.1319639426629229,1.1239471742283518
2013-01-25,1.209468716699651,1.172681383259248,1.1319639426629229,1.2024282680895084
2013-01-25,1.209468716699651,1.1569910057236301,1.1319639426629229,1.2024282680895084
2013-01-29,1.2366863905325443,1.2064648611649,1.2202547872766603,1.2687695946317583
2013-01-31,1.1939361661657855,1.2771821999108588,1.207228253401127,1.2043909986486223
2013-02-04,1.25314457653036,1.1921064530715069,1.1942257217847765,1.1990526869773694
2013-02-05,1.1413851063311489,1.1765831335462664,1.1221431247658298,1.1194582583853558
2013-02-06,2.2533730506395653,2.183014781139171,2.157471935184867,2.1891405794283494
2013-02-06,1.5660009741841208,1.6602103433919229,1.6508182510704246,1.6321759930414614
2013-02-09,1.2014077438781157,1.1560739632729704,1.1715343351005427,1.150799936638682
2013-02-09,1.2014077438781157,1.258444482937814,1.1715343351005427,1.150799936638682
2013-02-09,1.5802345852444863,1.5721705258602037,1.6247552751794652,1.5339301549765632
2013-02-15,1.466543283489627,1.5403163804953057,1.4942450589091607,1.5225110970196576
2013-02-17,1.2593118833574564,1.2691816511756548,1.3119352988604152,1.2228024369016535
2013-02-22,1.2300516536889985,1.3162074653308085,1.3358253352734157,1.2903969484847215
2013-03-02,1.5998452205607003,1.6742529917039868,1.760751703421496,1.670640801363834
2013-03-02,1.7694728994671005,1.6742529917039868,1.760751703421496,1.8568491708670292
2013-03-02,1.7694728994671005,1.6742529917039868,1.760751703421496,1.670640801363834
2013-03-03,1.2730301449042674,1.264178859115568,1.3181441120792952,1.3563147468580516
2013-03-06,1.9228244368768719,1.8246185792980127,1.9171624905723625,1.8328394291507444
2013-03-06,1.3674029119131679,1.3434056016817788,1.3496652016164714,1.3709677419354838
2013-03-06,1.101332455996052,1.1512565283060068,1.1642197399557266,1.180407322769393
2013-03-08,1.1299316700264421,1.2203832355603015,1.1943264694592681,1.2132490970055538
2013-03-11,1.1364386861172082,1.1369328153655025,1.2109717265402944,1.1532981906254454
2013-03-15,1.1705852318315544,1.1856956070875728,1.156531255306704,1.2183255336148835
2013-03-25,1.2375592076245996,1.1777250895225058,1.1823733399967091,1.192784295157341
2013-03-29,1.367002359360537,1.4163623650066042,1.4342632449098143,1.3770136639567558
2013-03-30,1.1465597635149005,1.1793272013893359,1.164193090106701,1.1618058712347776
2013-03-30,1.3273287750293665,1.4096255862228038,1.4096182703217068,1.3276102468764521
2013-03-31,1.2157629960871994,1.1185453352689985,1.1801039300494756,1.2082569037867175
2013-04-08,1.1390276458210686,1.1506271000775414,1.2166636252248497,1.2343597214184507
2013-04-11,1.6106344772545889,1.6187939889670913,1.5994864212901712,1.6363024563764839
2013-04-14,1.2011288212780389,1.113155957513934,1.106499360143147,1.1611935437400962
2013-04-15,1.292116825362909,1.2601983074610223,1.2994188256269565,1.2449631114831323
2013-04-17,1.5374455629328192,1.5789408161740905,1.5145791875692616,1.5272309194569569
2013-04-21,1.3095661738539672,1.3952801509890644,1.3361729249621355,1.3708669942533525
2013-04-22,1.3352044907778666,1.2786484996455854,1.3504925436787318,1.3337084780402257
2013-04-25,1.419377486543412,1.495234749000834,1.4451505236079025,1.3974352382980915
2013-04-26,1.456536457566748,1.4374472870396406,1.4431546403779967,1.4307302186380457
2013-04-27,1.231332682782218,1.2291850520012872,1.1525623232199014,1.1446677626345654
2013-04-29,1.1226299277042693,1.2138307007208895,1.147733995290515,1.1823890395318966
2013-04-30,1.3625297480646663,1.382223443249926,1.4500836792320682,1.3813819652370027
2013-04-30,1.2105378277881742,1.1679199985338768,1.2395306188042376,1.21324408319388
2013-05-04,1.219044811320755,1.1453267399566798,1.148873919847588,1.238236203773252
2013-05-06,1.3137362360016445,1.2876293975330186,1.3760693421117698,1.325505753305344
2013-05-06,1.3137362360016445,1.2876293975330186,1.2319518843402752,1.325505753305344
2013-05-08,1.5322161401791994,1.547893975595528,1.6291024933940288,1.5368686628266772
2013-05-09,1.2359820866797435,1.2441376752073343,1.1602681038427034,1.220472440944882
2013-05-21,1.3889598773319705,1.3336482767119913,1.3815446255295167,1.4115903712074376
2013-05-24,1.370830120466698,1.3182426736748154,1.3637356337528326,1.308718052328518
2013-05-27,1.273353848607908,1.2536045393941275,1.2806641961424592,1.2847254329533293
2013-05-28,1.3535195289287452,1.3217717185114353,1.4194780394653088,1.3230138611725366
2013-05-28,1.3535195289287452,1.3217717185114353,1.288611052742173,1.3230138611725366
2013-05-28,1.3535195289287452,1.3217717185114353,1.2290502793296092,1.3230138611725366
2013-05-30,2.559911125218219,2.469458987783595,2.561727981116133,2.640012144966739
2013-06-01,1.2128628986707837,1.1299895263586637,1.1039394613843756,1.169535486913464
2013-06-02,1.1872909698996659,1.2756387189636558,1.3573937127030808,1.2658814187400738
2013-06-02,1.1872909698996659,1.2756387189636558,1.1773738174253308,1.1445494794782816
2013-06-02,1.1872909698996659,1.2756387189636558,1.1773738174253308,1.2658814187400738
2013-06-04,1.3525061563520429,1.2775598000358506,1.3370460311215424,1.313140702183035
2013-06-08,1.2049881405879395,1.1714941210209346,1.1816603991900492,1.1855414548026866
2013-06-08,1.3588101799319177,1.338466579292267,1.3517538054268696,1.3401381931012801
2013-06-08,1.6209030262012958,1.5432565168114842,1.592903100019497,1.5389233775712814
2013-06-10,1.1947701731480236,1.2002184506805578,1.109386796409697,1.1415360631148799
2013-06-10,1.695703375300902,1.6183301234847627,1.6866471113378394,1.6010170446075103
2013-06-11,1.2197839876564374,1.1376854295303733,1.2278804016197928,1.243763684578884
2013-06-13,1.4885654423904109,1.472121179217113,1.4674053650495626,1.5530281695807147
2013-06-20,1.45337793779945,1.4871194379391102,1.529743934677533,1.51165447027558
2013-06-26,1.2445197599577131,1.2775540898337745,1.3456375838926176,1.3122997839529165
2013-06-28,1.426538303560491,1.413884519256106,1.3904794428075633,1.3852308848629094
2013-07-04,1.2401614530776994,1.1439075312414906,1.175767825652569,1.2435257735870535
2013-07-15,1.579875368339694,1.6442566546218855,1.6221913595555777,1.5280845692647524
2013-07-15,1.3491605131801496,1.3503304446519993,1.33104065768589,1.3481347438752784
2013-07-26,1.2847814940059326,1.3180981385940589,1.3258962492229054,1.331447712704061
2013-07-27,1.292026897214217,1.3433852619137514,1.299559471365639,1.225837456836709
2013-08-01,2.2324573286372256,2.1848802309134183,2.201814560743527,2.198532730070933
2013-08-02,1.7206863679694946,1.7461786742398548,1.690160073722652,1.7557551005356369
2013-08-05,1.2079471057237308,1.193464765672966,1.2495191691242467,1.2923919828004706
2013-08-06,1.3507449554199908,1.3506023512804723,1.4088828552821069,1.3589624728713203
2013-08-06,1.1503396942751527,1.130871336118241,1.1990335599809523,1.2427021715254627
2013-08-06,1.471123746246726,1.4518696489805636,1.5246825956183803,1.5204271670713592
2013-08-06,2.1743543742032956,2.122568156855922,2.0578383954768955,2.137082076940919
2013-08-06,1.6622753194253954,1.686744385008253,1.7215503424158531,1.6954967270432975
2013-08-08,1.4016754103909292,1.3238746897430738,1.2568358153951444,1.3314335185051585
2013-08-10,1.2798700319436258,1.1932122755293488,1.1908481520153673,1.2249311836413683
2013-08-10,1.1392953466518592,1.1932122755293488,1.1908481520153673,1.2249311836413683
2013-08-11,1.5757496492521337,1.587180048129512,1.6545254964574394,1.625699694280684
2013-08-15,1.363739104637857,1.3441491704595507,1.262493128365445,1.3053502035724223
2013-08-15,1.1664874270454462,1.2527122387943,1.262493128365445,1.2253998148309344
2013-08-17,1.5097379451937607,1.45764813716504,1.4495070610178522,1.5065635649556064
2013-08-17,1.2854160091286506,1.2482438377668872,1.2851405622489958,1.2765613062788923
2013-08-19,1.1788730444413673,1.1491510376206855,1.1332144068541854,1.1875731003011882
2013-08-28,1.2326944614333708,1.1693637774329417,1.1795535365195213,1.206275520501793
2013-08-28,1.1234698383512256,1.1693637774329417,1.1795535365195213,1.206275520501793
2013-08-29,1.5124751600794875,1.5804851112228329,1.5215917277620037,1.500848776900752
2013-09-01,1.1267115588433665,1.1924785426294973,1.2342142744105085,1.1729555525715054
2013-09-01,1.1267115588433665,1.1213209810315417,1.114811744189371,1.1729555525715054
2013-09-01,1.1267115588433665,1.1924785426294973,1.114811744189371,1.1729555525715054
2013-09-02,1.2446769880830555,1.2201898976595413,1.1702127659574473,1.1802374497522672
2013-09-03,1.506692027556772,1.5871828072712602,1.6044156570057044,1.5945035883133225
2013-09-03,1.265414661705402,1.3432336658744506,1.3035435226862921,1.2606895068036355
2013-09-04,1.8007974496656918,1.8361069373174952,1.821991665796543,1.7627968120943225
2013-09-05,1.1542816617698763,1.1761232637912615,1.1397188255450985,1.1008770384981152
2013-09-11,1.5443307107805755,1.596755601788074,1.5906533643387595,1.571968350380384
2013-09-12,1.4484395386253213,1.4935347782949238,1.5463385142454087,1.4580581241743724
2013-09-12,1.2904065434889576,1.2062922256028044,1.1684146411100744,1.2020147018785732
2013-09-20,1.1124665040195176,1.1576725811592663,1.183769035065079,1.203083220546001
2013-09-20,1.1934768084049994,1.1576725811592663,1.183769035065079,1.203083220546001
2013-09-25,1.2943807847825795,1.3613494452180943,1.326938560204337,1.243329276284992
2013-09-27,1.1736034090245753,1.1741027763147993,1.1674687719677717,1.1702843471976474
2013-09-30,1.2264150943396224,1.1614445818947208,1.2059094354277984,1.1701660692076965
2013-10-05,1.1855735219807986,1.2720162645478499,1.192529181912495,1.1555132578256035
2013-10-07,1.1416313964573934,1.1380071490931853,1.1735884274381707,1.1483352814750578
2013-10-21,1.2611806797853307,1.3568712434067962,1.3117044396150266,1.2502483937206064
2013-10-21,1.4397549353301566,1.3568712434067962,1.4268828098615334,1.4370003806623524
2013-10-25,1.271529618627699,1.2852728677239063,1.3294577296445125,1.2446924987315409
2013-10-30,1.2690653109112244,1.2430120464249554,1.3150968227110358,1.2750952331926284
2013-11-06,1.2412196469443053,1.2881248822022902,1.3392780954006314,1.2541512716189596
2013-11-06,1.2412196469443053,1.2881248822022902,1.209261114107404,1.2541512716189596
2013-11-07,1.2662109178646828,1.2893075827192875,1.2570079168223982,1.236014917421417
2013-11-08,1.3019098803456832,1.2077748946604132,1.2689807715793902,1.2379323193658751
2013-11-17,1.6730125871023789,1.650124069478908,1.6755933142487747,1.7354505884249551
2013-11-17,1.6730125871023789,1.650124069478908,1.7332123411978204,1.7354505884249551
2013-11-17,1.2522308149910768,1.2328370314582004,1.2575369048444092,1.2122065199031582
2013-11-17,1.2522308149910768,1.2328370314582004,1.2269254175400621,1.2122065199031582
2013-11-17,1.2522308149910768,1.2328370314582004,1.1977688296257165,1.2122065199031582
2013-11-17,1.2522308149910768,1.2328370314582004,1.1434242863444437,1.2122065199031582
2013-11-17,1.2522308149910768,1.2328370314582004,1.3064295485636102,1.2122065199031582
2013-11-19,1.6262683201803834,1.6347277401261981,1.6106054064977173,1.6147141029892458
2013-11-19,1.3595664467483504,1.3395617322791566,1.3402609513181325,1.329108988106843
2013-11-19,1.158169409875552,1.1755455789498959,1.2043835729347683,1.1082030106967515
2013-11-23,2.3235036861177063,2.3526297211436638,2.292940707258708,2.231833910034602
2013-11-26,1.2071256457802408,1.1222091656874265,1.1048342285608446,1.1304489564944609
2013-12-06,1.3657878193987352,1.3019814490691775,1.3588039867109636,1.3390940513007092
2013-12-06,1.1603468317049415,1.1062819605379313,1.1072008662696264,1.2063653348192336
2013-12-08,1.226001315815706,1.1794967422065241,1.2199677532794122,1.1392770238065375
2013-12-08,1.104455898992439,1.1794967422065241,1.2199677532794122,1.1392770238065375
2013-12-12,1.250671120921076,1.156507081939168,1.1268403171007924,1.193075614599031
2013-12-13,1.4651843962188793,1.4157290337547845,1.4623370448151525,1.5258433281809238
2013-12-13,1.1253706922998266,1.1644881213624652,1.1289730490379026,1.1895617319353777
2013-12-13,1.1253706922998266,1.1098481404019276,1.1289730490379026,1.1895617319353777
2013-12-15,1.3332673411759801,1.3534786234584752,1.3477033464682702,1.4168096850503271
2013-12-17,1.4427993349854131,1.4419632695602174,1.4455867602808425,1.359322033898305
2013-12-18,1.4316315879667854,1.4834990600013587,1.5708181251669189,1.5211339644315502
2013-12-19,1.1284882406496513,1.1848272429383213,1.187386587642459,1.1947762995634956
2013-12-20,1.238645060393305,1.190949070790183,1.2158081881567706,1.2238107991182712
2013-12-20,1.238645060393305,1.190949070790183,1.1513139331464795,1.2238107991182712
2013-12-21,1.184395351806921,1.1562617761587741,1.183466562682784,1.101945407932439
2013-12-22,1.2069526194270106,1.2472406181015452,1.1797248803827751,1.2207089925896253
2013-12-24,1.1771300448430493,1.2031663680367983,1.1545732975384735,1.1150761533367666
2013-12-26,1.2220453065064771,1.2865185236987955,1.2631831490711818,1.2937092099501657
2013-12-26,1.3310397639613056,1.2865185236987955,1.2631831490711818,1.2937092099501657
2013-12-27,1.764436661758268,1.681339047839685,1.7081942550890885,1.695978826944421
2013-12-27,1.2657378593656325,1.3246030297499545,1.2555720653789006,1.3465057954314377
2013-12-30,1.3148721773610468,1.2476759254042478,1.2649630421036566,1.3410797686555724
2013-12-30,1.3148721773610468,1.3466918024811478,1.2649630421036566,1.3410797686555724
