   YEAR     MONTH      DAY       HOUR      MIN       SEC       RECNO     KINDAT      KINST       UT1_UNIX        UT2_UNIX        WAVLEN        AZM        ELM         ALTB          ALTE         TN         DTN        VNHLU         DVNHLU     FPI_DATAQUAL      RLE           DRLE     
     2022         9        29         1        21        10          0       7100       5362 1664414470.000   1664414470.000    6.30000e+02       0.00      90.00   2.46500e+02   3.21500e+02     1142.7       59.0           nan           nan     2           2.97200e+01   3.01400e+00  
     2022         9        29         1        24        10          1       7100       5362 1664414650.000   1664414650.000    6.30000e+02       0.00      45.00   2.46500e+02   3.21500e+02     1112.3       73.5  -6.11900e+01   1.88260e+00     2           2.22900e+01   2.85100e+00  
     2022         9        29         1        26        34          2       7100       5362 1664414794.000   1664414794.000    6.30000e+02      90.00      45.00   2.46500e+02   3.21500e+02     1096.1       62.3   2.42000e+00   6.58000e-02     2           2.41900e+01   2.70300e+00  
     2022         9        29         1        28        58          3       7100       5362 1664414938.000   1664414938.000    6.30000e+02     180.00      45.00   2.46500e+02   3.21500e+02     1085.1       61.2  -1.42200e+01   3.71500e-01     2           2.36600e+01   2.63200e+00  
     2022         9        29         1        31        22          4       7100       5362 1664415082.000   1664415082.000    6.30000e+02     -90.00      45.00   2.46500e+02   3.21500e+02     1134.3       71.7  -2.54800e+01   7.00100e-01     2           2.43400e+01   2.97000e+00  
     2022         9        29         1        33        46          5       7100       5362 1664415226.000   1664415226.000    6.30000e+02       0.00      90.00   2.46500e+02   3.21500e+02     1179.1       54.0           nan           nan     1           3.33300e+01   3.02600e+00  
     2022         9        29         1        36        46          6       7100       5362 1664415406.000   1664415406.000    6.30000e+02       0.00      45.00   2.46500e+02   3.21500e+02     1254.1       79.5   3.65100e+01   1.14420e+00     2           2.82400e+01   3.42600e+00  
     2022         9        29         1        39        10          7       7100       5362 1664415550.000   1664415550.000    6.30000e+02      90.00      45.00   2.46500e+02   3.21500e+02     1128.3       58.9   3.53800e+01   9.95800e-01     2           2.74000e+01   2.82300e+00  
     2022         9        29         1        41        34          8       7100       5362 1664415694.000   1664415694.000    6.30000e+02     180.00      45.00   2.46500e+02   3.21500e+02     1171.6       60.3  -9.02000e+00   2.66400e-01     2           2.79400e+01   2.83700e+00  
     2022         9        29         1        43        58          9       7100       5362 1664415838.000   1664415838.000    6.30000e+02     -90.00      45.00   2.46500e+02   3.21500e+02     1225.3       82.6   3.10300e+01   1.11180e+00     2           2.43200e+01   3.14300e+00  
     2022         9        29         1        49        58         10       7100       5362 1664416198.000   1664416198.000    6.30000e+02       0.00      90.00   2.46500e+02   3.21500e+02     1205.4       95.3           nan           nan     2           1.74700e+01   2.65100e+00  
     2022         9        29         1        55        22         11       7100       5362 1664416522.000   1664416522.000    6.30000e+02      90.00      45.00   2.46500e+02   3.21500e+02     1180.9       95.0  -6.92000e+00   3.37600e-01     2           1.50600e+01   2.34400e+00  
     2022         9        29         1        57        46         12       7100       5362 1664416666.000   1664416666.000    6.30000e+02     180.00      45.00   2.46500e+02   3.21500e+02     1192.4      114.2   5.98900e+01   3.43160e+00     2           1.26500e+01   2.31800e+00  
     2022         9        29         2         2        34         13       7100       5362 1664416954.000   1664416954.000    6.30000e+02       0.00      90.00   2.59500e+02   3.34500e+02     1358.1      134.7           nan           nan     2           1.45000e+01   2.71500e+00  
     2022         9        29         2         7        22         14       7100       5362 1664417242.000   1664417242.000    6.30000e+02      90.00      45.00   2.59500e+02   3.34500e+02     1259.3      114.3   3.17000e+00   1.86300e-01     2           1.51100e+01   2.61100e+00  
     2022         9        29         2         9        46         15       7100       5362 1664417386.000   1664417386.000    6.30000e+02     180.00      45.00   2.59500e+02   3.34500e+02     1181.5       69.8  -3.79300e+01   1.69920e+00     2           2.28400e+01   2.64700e+00  
     2022         9        29         2        12        46         16       7100       5362 1664417566.000   1664417566.000    6.30000e+02     -90.00      45.00   2.59500e+02   3.34500e+02     1235.1      108.5  -2.29200e+01   1.15640e+00     2           1.54700e+01   2.59300e+00  
     2022         9        29         2        18        46         17       7100       5362 1664417926.000   1664417926.000    6.30000e+02       0.00      90.00   2.59500e+02   3.34500e+02     1279.0       73.2           nan           nan     2           2.93800e+01   3.24900e+00  
     2022         9        29         2        21        10         18       7100       5362 1664418070.000   1664418070.000    6.30000e+02       0.00      45.00   2.59500e+02   3.34500e+02     1254.1       70.6   1.10700e+01   4.23400e-01     2           3.61600e+01   3.87800e+00  
     2022         9        29         2        23        34         19       7100       5362 1664418214.000   1664418214.000    6.30000e+02      90.00      45.00   2.59500e+02   3.34500e+02     1161.8       64.2  -2.51000e+01   9.56400e-01     2           2.60200e+01   2.82000e+00  
     2022         9        29         2        25        58         20       7100       5362 1664418358.000   1664418358.000    6.30000e+02     180.00      45.00   2.59500e+02   3.34500e+02     1123.4       64.7   1.89700e+01   7.46900e-01     2           2.23000e+01   2.53600e+00  
     2022         9        29         2        30        46         21       7100       5362 1664418646.000   1664418646.000    6.30000e+02       0.00      90.00   2.59500e+02   3.34500e+02     1147.3      115.2           nan           nan     2           1.27400e+01   2.43600e+00  
     2022         9        29         2        36        10         22       7100       5362 1664418970.000   1664418970.000    6.30000e+02      90.00      45.00   2.59500e+02   3.34500e+02     1200.7      108.3   1.07370e+02   5.67330e+00     2           1.50900e+01   2.59800e+00  
     2022         9        29         2        38        34         23       7100       5362 1664419114.000   1664419114.000    6.30000e+02     180.00      45.00   2.59500e+02   3.34500e+02     1231.9       86.1   2.91900e+01   1.44200e+00     2           2.05000e+01   2.76400e+00  
     2022         9        29         2        40        58         24       7100       5362 1664419258.000   1664419258.000    6.30000e+02     -90.00      45.00   2.59500e+02   3.34500e+02     1226.6       78.2   4.40300e+01   2.17800e+00     2           2.12700e+01   2.63900e+00  
     2022         9        29         2        47        34         25       7100       5362 1664419654.000   1664419654.000    6.30000e+02       0.00      90.00   2.59500e+02   3.34500e+02     1287.9      114.8           nan           nan     2           1.59700e+01   2.70500e+00  
     2022         9        29         2        49        58         26       7100       5362 1664419798.000   1664419798.000    6.30000e+02       0.00      45.00   2.59500e+02   3.34500e+02     1173.0       64.5   6.78000e+00   2.89600e-01     2           3.16600e+01   3.37000e+00  
     2022         9        29         2        52        22         27       7100       5362 1664419942.000   1664419942.000    6.30000e+02      90.00      45.00   2.59500e+02   3.34500e+02     1102.6       38.4  -1.79000e+01   5.90800e-01     0           4.18700e+01   2.99000e+00  
     2022         9        29         2        54        46         28       7100       5362 1664420086.000   1664420086.000    6.30000e+02     180.00      45.00   2.59500e+02   3.34500e+02     1042.5       33.9  -1.20000e+01   3.47600e-01     0           4.23000e+01   2.86400e+00  
     2022         9        29         2        57        10         29       7100       5362 1664420230.000   1664420230.000    6.30000e+02     -90.00      45.00   2.59500e+02   3.34500e+02     1145.5       72.8   2.23700e+01   8.35300e-01     2           2.40500e+01   2.96000e+00  
     2022         9        29         3         0        10         30       7100       5362 1664420410.000   1664420410.000    6.30000e+02       0.00      90.00   2.69500e+02   3.44500e+02     1064.4       48.3           nan           nan     1           3.13300e+01   2.84200e+00  
     2022         9        29         3         2        34         31       7100       5362 1664420554.000   1664420554.000    6.30000e+02       0.00      45.00   2.69500e+02   3.44500e+02     1138.7       77.5  -1.81200e+01   6.37600e-01     2           2.17200e+01   2.85500e+00  
     2022         9        29         3         4        58         32       7100       5362 1664420698.000   1664420698.000    6.30000e+02      90.00      45.00   2.69500e+02   3.44500e+02     1177.7       93.9  -1.86400e+01   7.99000e-01     2           1.54800e+01   2.38600e+00  
     2022         9        29         3         7        22         33       7100       5362 1664420842.000   1664420842.000    6.30000e+02     180.00      45.00   2.69500e+02   3.44500e+02     1153.2       78.5  -1.94000e+01   8.31900e-01     2           1.92600e+01   2.55200e+00  
     2022         9        29         3         9        46         34       7100       5362 1664420986.000   1664420986.000    6.30000e+02     -90.00      45.00   2.69500e+02   3.44500e+02     1084.1       60.5  -3.63100e+01   1.37450e+00     2           2.79200e+01   3.04300e+00  
     2022         9        29         3        15        46         35       7100       5362 1664421346.000   1664421346.000    6.30000e+02       0.00      90.00   2.69500e+02   3.44500e+02     1270.7       90.1           nan           nan     2           1.74000e+01   2.39800e+00  
     2022         9        29         3        18        10         36       7100       5362 1664421490.000   1664421490.000    6.30000e+02       0.00      45.00   2.69500e+02   3.44500e+02     1313.4      113.6  -7.12700e+01   3.67890e+00     2           1.56900e+01   2.58900e+00  
     2022         9        29         3        21        10         37       7100       5362 1664421670.000   1664421670.000    6.30000e+02      90.00      45.00   2.69500e+02   3.44500e+02     1258.4       96.8  -1.82900e+01   8.93600e-01     2           1.67200e+01   2.48100e+00  
     2022         9        29         3        23        34         38       7100       5362 1664421814.000   1664421814.000    6.30000e+02     180.00      45.00   2.69500e+02   3.44500e+02     1177.7       74.5   1.02100e+01   4.53200e-01     2           1.99900e+01   2.48000e+00  
     2022         9        29         3        25        58         39       7100       5362 1664421958.000   1664421958.000    6.30000e+02     -90.00      45.00   2.69500e+02   3.44500e+02     1173.5       85.1   2.90900e+01   1.37660e+00     2           1.89900e+01   2.65900e+00  
     2022         9        29         3        28        22         40       7100       5362 1664422102.000   1664422102.000    6.30000e+02       0.00      90.00   2.69500e+02   3.44500e+02     1160.3       63.8           nan           nan     2           2.49000e+01   2.69800e+00  
     2022         9        29         3        30        46         41       7100       5362 1664422246.000   1664422246.000    6.30000e+02       0.00      45.00   2.69500e+02   3.44500e+02     1258.9       72.6   2.85700e+01   1.22510e+00     2           2.77300e+01   3.09800e+00  
     2022         9        29         3        33        10         42       7100       5362 1664422390.000   1664422390.000    6.30000e+02      90.00      45.00   2.69500e+02   3.44500e+02     1124.8       53.6  -5.35300e+01   1.76510e+00     1           2.81400e+01   2.68200e+00  
     2022         9        29         3        36        10         43       7100       5362 1664422570.000   1664422570.000    6.30000e+02     180.00      45.00   2.69500e+02   3.44500e+02     1141.5       54.6  -4.78600e+01   1.57450e+00     1           2.92200e+01   2.78300e+00  
     2022         9        29         3        38        34         44       7100       5362 1664422714.000   1664422714.000    6.30000e+02     -90.00      45.00   2.69500e+02   3.44500e+02     1094.3       59.1  -4.88500e+01   1.63010e+00     2           2.86100e+01   3.02400e+00  
     2022         9        29         3        44        34         45       7100       5362 1664423074.000   1664423074.000    6.30000e+02       0.00      90.00   2.69500e+02   3.44500e+02     1139.3       52.9           nan           nan     2           3.33000e+01   3.06000e+00  
     2022         9        29         3        46        58         46       7100       5362 1664423218.000   1664423218.000    6.30000e+02       0.00      45.00   2.69500e+02   3.44500e+02     1191.3       58.4   1.77300e+01   5.93600e-01     2           3.45400e+01   3.31100e+00  
     2022         9        29         3        49        22         47       7100       5362 1664423362.000   1664423362.000    6.30000e+02      90.00      45.00   2.69500e+02   3.44500e+02     1138.6       52.3   1.36000e+01   3.93300e-01     1           3.14000e+01   2.87300e+00  
     2022         9        29         3        51        46         48       7100       5362 1664423506.000   1664423506.000    6.30000e+02     180.00      45.00   2.69500e+02   3.44500e+02     1142.5       44.7   2.38400e+01   6.35000e-01     1           3.80700e+01   3.00300e+00  
     2022         9        29         3        54        46         49       7100       5362 1664423686.000   1664423686.000    6.30000e+02     -90.00      45.00   2.69500e+02   3.44500e+02     1150.2       48.4   1.77500e+01   4.71600e-01     2           4.14200e+01   3.43300e+00  
     2022         9        29         3        57        10         50       7100       5362 1664423830.000   1664423830.000    6.30000e+02       0.00      90.00   2.69500e+02   3.44500e+02     1110.3       33.1           nan           nan     0           5.50000e+01   3.37600e+00  
     2022         9        29         3        59        34         51       7100       5362 1664423974.000   1664423974.000    6.30000e+02       0.00      45.00   2.72500e+02   3.47500e+02     1183.4       48.4   1.94100e+01   5.01500e-01     2           4.29000e+01   3.47300e+00  
     2022         9        29         4         1        58         52       7100       5362 1664424118.000   1664424118.000    6.30000e+02      90.00      45.00   2.72500e+02   3.47500e+02     1130.4       42.8  -7.16000e+00   1.70600e-01     0           3.74000e+01   2.88200e+00  
     2022         9        29         4         4        22         53       7100       5362 1664424262.000   1664424262.000    6.30000e+02     180.00      45.00   2.72500e+02   3.47500e+02     1106.5       38.4   2.63400e+01   6.06000e-01     0           4.35400e+01   3.08300e+00  
     2022         9        29         4         6        46         54       7100       5362 1664424406.000   1664424406.000    6.30000e+02     -90.00      45.00   2.72500e+02   3.47500e+02     1176.0       60.9  -1.82600e+01   5.18800e-01     2           3.48600e+01   3.48800e+00  
     2022         9        29         4        15        46         55       7100       5362 1664424946.000   1664424946.000    6.30000e+02       0.00      45.00   2.72500e+02   3.47500e+02     1121.8       32.0  -2.66300e+01   5.43500e-01     1           7.11700e+01   4.09400e+00  
