   YEAR     MONTH      DAY       HOUR      MIN       SEC       RECNO     KINDAT      KINST       UT1_UNIX        UT2_UNIX        WAVLEN        AZM        ELM         ALTB          ALTE         TN         DTN        VNHLU         DVNHLU     FPI_DATAQUAL      RLE           DRLE     
     2022         3         3        23         4        22          0       7100       5362 1646348662.000   1646348662.000    6.30000e+02       0.00      90.00   2.21500e+02   2.96500e+02      975.8        6.0           nan           nan     1           5.31720e+02   7.76800e+00  
     2022         3         3        23        40        22          1       7100       5362 1646350822.000   1646350822.000    6.30000e+02     180.00      45.00   2.21500e+02   2.96500e+02      924.7        6.2   7.66000e+00   1.43000e-02     1           4.39400e+02   7.03900e+00  
     2022         3         3        23        48        46          2       7100       5362 1646351326.000   1646351326.000    6.30000e+02       0.00      90.00   2.21500e+02   2.96500e+02      929.7        6.6           nan           nan     1           4.04960e+02   6.80600e+00  
     2022         3         3        23        53        34          3       7100       5362 1646351614.000   1646351614.000    6.30000e+02      90.00      45.00   2.21500e+02   2.96500e+02      913.3        6.2   1.25160e+02   2.42500e-01     1           4.37880e+02   7.07600e+00  
     2022         3         3        23        55        58          4       7100       5362 1646351758.000   1646351758.000    6.30000e+02     180.00      45.00   2.21500e+02   2.96500e+02      929.4        6.9  -2.84000e+00   5.80000e-03     1           3.73640e+02   6.53600e+00  
     2022         3         4         0         1        22          5       7100       5362 1646352082.000   1646352082.000    6.30000e+02       0.00      90.00   2.29500e+02   3.04500e+02      935.3        7.3           nan           nan     1           3.33240e+02   6.19200e+00  
     2022         3         4         0         6        10          6       7100       5362 1646352370.000   1646352370.000    6.30000e+02      90.00      45.00   2.29500e+02   3.04500e+02      929.5        7.2   1.14880e+02   2.53100e-01     1           3.45430e+02   6.31000e+00  
     2022         3         4         0         8        34          7       7100       5362 1646352514.000   1646352514.000    6.30000e+02     180.00      45.00   2.29500e+02   3.04500e+02      924.3        7.9  -2.07800e+01   4.86000e-02     1           2.85710e+02   5.77300e+00  
     2022         3         4         0        16        58          8       7100       5362 1646353018.000   1646353018.000    6.30000e+02       0.00      90.00   2.29500e+02   3.04500e+02      948.9        8.7           nan           nan     1           2.61560e+02   5.60600e+00  
     2022         3         4         0        22        22          9       7100       5362 1646353342.000   1646353342.000    6.30000e+02      90.00      45.00   2.29500e+02   3.04500e+02      929.5        8.6   1.07970e+02   2.81200e-01     1           2.51020e+02   5.44600e+00  
     2022         3         4         0        24        46         10       7100       5362 1646353486.000   1646353486.000    6.30000e+02     180.00      45.00   2.29500e+02   3.04500e+02      934.2        9.6  -3.32100e+01   9.20000e-02     0           2.10630e+02   5.04700e+00  
     2022         3         4         0        27        10         11       7100       5362 1646353630.000   1646353630.000    6.30000e+02     -90.00      45.00   2.29500e+02   3.04500e+02      932.8        6.4  -1.02470e+02   2.36900e-01     1           4.29440e+02   7.02500e+00  
     2022         3         4         0        29        34         12       7100       5362 1646353774.000   1646353774.000    6.30000e+02       0.00      90.00   2.29500e+02   3.04500e+02      919.4        9.3           nan           nan     0           2.17500e+02   5.14300e+00  
     2022         3         4         0        31        58         13       7100       5362 1646353918.000   1646353918.000    6.30000e+02       0.00      45.00   2.29500e+02   3.04500e+02      927.8        6.4   5.52900e+01   1.31500e-01     1           4.22320e+02   6.95600e+00  
     2022         3         4         0        34        22         14       7100       5362 1646354062.000   1646354062.000    6.30000e+02      90.00      45.00   2.29500e+02   3.04500e+02      920.8        9.7   1.06900e+02   3.10700e-01     0           2.02940e+02   4.97600e+00  
     2022         3         4         0        36        46         15       7100       5362 1646354206.000   1646354206.000    6.30000e+02     180.00      45.00   2.29500e+02   3.04500e+02      942.5       11.1  -5.57700e+01   1.73600e-01     0           1.71090e+02   4.64600e+00  
     2022         3         4         0        39        46         16       7100       5362 1646354386.000   1646354386.000    6.30000e+02     -90.00      45.00   2.29500e+02   3.04500e+02      931.2        7.2  -1.05800e+02   2.70700e-01     1           3.54710e+02   6.43800e+00  
     2022         3         4         0        45        10         17       7100       5362 1646354710.000   1646354710.000    6.30000e+02       0.00      90.00   2.29500e+02   3.04500e+02      939.1       10.6           nan           nan     0           1.80340e+02   4.70800e+00  
     2022         3         4         0        48        10         18       7100       5362 1646354890.000   1646354890.000    6.30000e+02       0.00      45.00   2.29500e+02   3.04500e+02      922.2        7.3   6.75600e+01   1.86200e-01     1           3.38860e+02   6.29400e+00  
     2022         3         4         0        50        34         19       7100       5362 1646355034.000   1646355034.000    6.30000e+02      90.00      45.00   2.29500e+02   3.04500e+02      931.0       11.5   9.69200e+01   3.39400e-01     0           1.59130e+02   4.51500e+00  
     2022         3         4         0        52        58         20       7100       5362 1646355178.000   1646355178.000    6.30000e+02     180.00      45.00   2.29500e+02   3.04500e+02      944.4       13.3  -7.76000e+00   3.02000e-02     0           1.42590e+02   4.47200e+00  
     2022         3         4         0        55        22         21       7100       5362 1646355322.000   1646355322.000    6.30000e+02     -90.00      45.00   2.29500e+02   3.04500e+02      948.4       12.0  -6.28200e+01   2.39200e-01     1           1.92980e+02   5.36000e+00  
     2022         3         4         0        57        46         22       7100       5362 1646355466.000   1646355466.000    6.30000e+02       0.00      90.00   2.29500e+02   3.04500e+02      951.3       14.1           nan           nan     1           1.41800e+02   4.60200e+00  
     2022         3         4         1         0        10         23       7100       5362 1646355610.000   1646355610.000    6.30000e+02       0.00      45.00   2.35500e+02   3.10500e+02      958.9       17.3   1.44700e+01   7.03000e-02     1           1.32760e+02   4.99800e+00  
     2022         3         4         1         3        10         24       7100       5362 1646355790.000   1646355790.000    6.30000e+02      90.00      45.00   2.35500e+02   3.10500e+02      960.5       14.9   6.77400e+01   3.01200e-01     0           1.21090e+02   4.16200e+00  
     2022         3         4         1         5        34         25       7100       5362 1646355934.000   1646355934.000    6.30000e+02     180.00      45.00   2.35500e+02   3.10500e+02      955.0       18.1  -8.80000e+00   4.44000e-02     1           9.84200e+01   4.00700e+00  
     2022         3         4         1         7        58         26       7100       5362 1646356078.000   1646356078.000    6.30000e+02     -90.00      45.00   2.35500e+02   3.10500e+02      958.3       15.9  -5.53700e+01   2.64000e-01     1           1.35150e+02   4.79400e+00  
     2022         3         4         1        13        58         27       7100       5362 1646356438.000   1646356438.000    6.30000e+02       0.00      90.00   2.35500e+02   3.10500e+02      963.2       16.8           nan           nan     0           1.01940e+02   3.90600e+00  
     2022         3         4         1        16        22         28       7100       5362 1646356582.000   1646356582.000    6.30000e+02       0.00      45.00   2.35500e+02   3.10500e+02      970.0       16.0   5.84900e+01   2.93400e-01     1           1.36780e+02   4.80100e+00  
     2022         3         4         1        18        46         29       7100       5362 1646356726.000   1646356726.000    6.30000e+02      90.00      45.00   2.35500e+02   3.10500e+02      967.1       17.9   7.38400e+01   3.94700e-01     0           9.37600e+01   3.77800e+00  
     2022         3         4         1        21        10         30       7100       5362 1646356870.000   1646356870.000    6.30000e+02     180.00      45.00   2.35500e+02   3.10500e+02      977.6       21.2  -4.19400e+01   2.48700e-01     0           7.06000e+01   3.32700e+00  
     2022         3         4         1        23        34         31       7100       5362 1646357014.000   1646357014.000    6.30000e+02     -90.00      45.00   2.35500e+02   3.10500e+02      991.9       18.7  -8.63900e+01   4.90900e-01     0           9.45900e+01   3.86300e+00  
     2022         3         4         1        25        58         32       7100       5362 1646357158.000   1646357158.000    6.30000e+02       0.00      90.00   2.35500e+02   3.10500e+02      997.9       20.1           nan           nan     0           8.03000e+01   3.51400e+00  
     2022         3         4         1        28        58         33       7100       5362 1646357338.000   1646357338.000    6.30000e+02       0.00      45.00   2.35500e+02   3.10500e+02      956.7       15.0   8.75100e+01   4.65600e-01     1           1.32790e+02   4.52900e+00  
     2022         3         4         1        31        22         34       7100       5362 1646357482.000   1646357482.000    6.30000e+02      90.00      45.00   2.35500e+02   3.10500e+02      962.6       20.1   1.02570e+02   6.25100e-01     0           6.96400e+01   3.20200e+00  
     2022         3         4         1        33        46         35       7100       5362 1646357626.000   1646357626.000    6.30000e+02     180.00      45.00   2.35500e+02   3.10500e+02      992.0       25.8  -7.43100e+01   5.18800e-01     0           5.17500e+01   2.90000e+00  
     2022         3         4         1        36        10         36       7100       5362 1646357770.000   1646357770.000    6.30000e+02     -90.00      45.00   2.35500e+02   3.10500e+02     1006.3       19.2  -7.12300e+01   4.28100e-01     0           9.15000e+01   3.78300e+00  
     2022         3         4         1        42        10         37       7100       5362 1646358130.000   1646358130.000    6.30000e+02       0.00      90.00   2.35500e+02   3.10500e+02      973.1       22.7           nan           nan     0           5.91900e+01   3.01100e+00  
     2022         3         4         1        44        34         38       7100       5362 1646358274.000   1646358274.000    6.30000e+02       0.00      45.00   2.35500e+02   3.10500e+02      997.0       22.4   7.86400e+01   5.28100e-01     0           6.82000e+01   3.31100e+00  
     2022         3         4         1        46        58         39       7100       5362 1646358418.000   1646358418.000    6.30000e+02      90.00      45.00   2.35500e+02   3.10500e+02      954.0       20.1   1.05790e+02   6.73600e-01     0           6.92100e+01   3.21000e+00  
     2022         3         4         1        49        22         40       7100       5362 1646358562.000   1646358562.000    6.30000e+02     180.00      45.00   2.35500e+02   3.10500e+02      979.3       25.6  -7.47900e+01   5.35400e-01     0           5.17000e+01   2.90500e+00  
     2022         3         4         1        52        22         41       7100       5362 1646358742.000   1646358742.000    6.30000e+02     -90.00      45.00   2.35500e+02   3.10500e+02     1024.2       20.4  -9.36600e+01   5.85600e-01     0           8.26700e+01   3.58200e+00  
     2022         3         4         1        54        46         42       7100       5362 1646358886.000   1646358886.000    6.30000e+02       0.00      90.00   2.35500e+02   3.10500e+02      960.4       22.1           nan           nan     0           5.88100e+01   2.96500e+00  
     2022         3         4         1        57        10         43       7100       5362 1646359030.000   1646359030.000    6.30000e+02       0.00      45.00   2.35500e+02   3.10500e+02      998.4       27.4   4.64100e+01   3.49100e-01     1           7.05300e+01   3.94600e+00  
     2022         3         4         1        59        34         44       7100       5362 1646359174.000   1646359174.000    6.30000e+02      90.00      45.00   2.40500e+02   3.15500e+02      932.3       18.4   9.89500e+01   5.89900e-01     0           7.51600e+01   3.29300e+00  
     2022         3         4         2         1        58         45       7100       5362 1646359318.000   1646359318.000    6.30000e+02     180.00      45.00   2.40500e+02   3.15500e+02      921.6       21.7  -8.62800e+01   5.58600e-01     0           6.23800e+01   3.16700e+00  
     2022         3         4         2         4        22         46       7100       5362 1646359462.000   1646359462.000    6.30000e+02     -90.00      45.00   2.40500e+02   3.15500e+02     1001.6       20.6  -8.38900e+01   5.12000e-01     0           8.03800e+01   3.57800e+00  
     2022         3         4         2        10        22         47       7100       5362 1646359822.000   1646359822.000    6.30000e+02       0.00      90.00   2.40500e+02   3.15500e+02      932.4       19.1           nan           nan     0           7.29700e+01   3.28600e+00  
     2022         3         4         2        12        46         48       7100       5362 1646359966.000   1646359966.000    6.30000e+02       0.00      45.00   2.40500e+02   3.15500e+02      957.5       13.7   8.90300e+01   4.26700e-01     0           1.26440e+02   4.09800e+00  
     2022         3         4         2        15        46         49       7100       5362 1646360146.000   1646360146.000    6.30000e+02      90.00      45.00   2.40500e+02   3.15500e+02      920.2       16.7   8.35600e+01   4.35200e-01     0           8.45200e+01   3.42200e+00  
     2022         3         4         2        18        10         50       7100       5362 1646360290.000   1646360290.000    6.30000e+02     180.00      45.00   2.40500e+02   3.15500e+02      932.9       16.7  -6.58900e+01   3.34200e-01     0           8.99600e+01   3.58100e+00  
     2022         3         4         2        20        34         51       7100       5362 1646360434.000   1646360434.000    6.30000e+02     -90.00      45.00   2.40500e+02   3.15500e+02      970.0       16.9  -9.34500e+01   4.57100e-01     0           9.84600e+01   3.78100e+00  
     2022         3         4         2        22        58         52       7100       5362 1646360578.000   1646360578.000    6.30000e+02       0.00      90.00   2.40500e+02   3.15500e+02      916.9       15.0           nan           nan     0           9.94200e+01   3.65800e+00  
     2022         3         4         2        25        22         53       7100       5362 1646360722.000   1646360722.000    6.30000e+02       0.00      45.00   2.40500e+02   3.15500e+02      954.4       13.4   9.42800e+01   4.05900e-01     0           1.32640e+02   4.19900e+00  
     2022         3         4         2        27        46         54       7100       5362 1646360866.000   1646360866.000    6.30000e+02      90.00      45.00   2.40500e+02   3.15500e+02      938.0       17.5   7.03500e+01   3.48800e-01     0           8.25500e+01   3.42100e+00  
     2022         3         4         2        30        10         55       7100       5362 1646361010.000   1646361010.000    6.30000e+02     180.00      45.00   2.40500e+02   3.15500e+02      934.2       14.7  -5.87300e+01   2.66500e-01     0           1.08920e+02   3.85900e+00  
     2022         3         4         2        33        10         56       7100       5362 1646361190.000   1646361190.000    6.30000e+02     -90.00      45.00   2.40500e+02   3.15500e+02      963.1       15.3  -9.64200e+01   4.42400e-01     0           1.11810e+02   3.96700e+00  
     2022         3         4         2        39        10         57       7100       5362 1646361550.000   1646361550.000    6.30000e+02       0.00      90.00   2.40500e+02   3.15500e+02      939.4       15.5           nan           nan     0           9.88100e+01   3.66000e+00  
     2022         3         4         2        41        34         58       7100       5362 1646361694.000   1646361694.000    6.30000e+02       0.00      45.00   2.40500e+02   3.15500e+02      985.8       17.7   5.91900e+01   2.92600e-01     0           9.51900e+01   3.75700e+00  
     2022         3         4         2        43        58         59       7100       5362 1646361838.000   1646361838.000    6.30000e+02      90.00      45.00   2.40500e+02   3.15500e+02      936.9       16.8   6.11300e+01   2.96500e-01     0           8.79600e+01   3.51800e+00  
     2022         3         4         2        46        22         60       7100       5362 1646361982.000   1646361982.000    6.30000e+02     180.00      45.00   2.40500e+02   3.15500e+02      895.6       12.9  -5.25800e+01   2.21600e-01     0           1.27380e+02   4.12800e+00  
     2022         3         4         2        48        46         61       7100       5362 1646362126.000   1646362126.000    6.30000e+02     -90.00      45.00   2.40500e+02   3.15500e+02      967.3       15.3  -7.88500e+01   3.54300e-01     0           1.17510e+02   4.10600e+00  
     2022         3         4         2        51        10         62       7100       5362 1646362270.000   1646362270.000    6.30000e+02       0.00      90.00   2.40500e+02   3.15500e+02      921.2       14.3           nan           nan     0           1.11180e+02   3.88000e+00  
     2022         3         4         2        53        34         63       7100       5362 1646362414.000   1646362414.000    6.30000e+02       0.00      45.00   2.40500e+02   3.15500e+02      948.5       16.7   4.99900e+01   2.42700e-01     1           1.10700e+02   4.21400e+00  
     2022         3         4         2        56        34         64       7100       5362 1646362594.000   1646362594.000    6.30000e+02      90.00      45.00   2.40500e+02   3.15500e+02      921.0       22.9   1.36700e+01   8.26000e-02     0           6.51200e+01   3.42100e+00  
     2022         3         4         2        58        58         65       7100       5362 1646362738.000   1646362738.000    6.30000e+02     180.00      45.00   2.42500e+02   3.17500e+02      895.5       14.4  -3.55900e+01   1.67300e-01     0           1.10100e+02   3.94600e+00  
     2022         3         4         3         1        22         66       7100       5362 1646362882.000   1646362882.000    6.30000e+02     -90.00      45.00   2.42500e+02   3.17500e+02      961.3       18.4  -2.99500e+01   1.61900e-01     1           1.08650e+02   4.40000e+00  
     2022         3         4         3         7        22         67       7100       5362 1646363242.000   1646363242.000    6.30000e+02       0.00      90.00   2.42500e+02   3.17500e+02      935.1       17.9           nan           nan     1           9.71100e+01   3.98700e+00  
     2022         3         4         3         9        46         68       7100       5362 1646363386.000   1646363386.000    6.30000e+02       0.00      45.00   2.42500e+02   3.17500e+02      935.7       19.1   2.57300e+01   1.49600e-01     1           1.00190e+02   4.29100e+00  
     2022         3         4         3        12        10         69       7100       5362 1646363530.000   1646363530.000    6.30000e+02      90.00      45.00   2.42500e+02   3.17500e+02      948.6       24.2   9.81000e+00   6.33000e-02     0           6.51800e+01   3.48500e+00  
     2022         3         4         3        14        34         70       7100       5362 1646363674.000   1646363674.000    6.30000e+02     180.00      45.00   2.42500e+02   3.17500e+02      932.0       18.4   2.08100e+01   1.12600e-01     0           8.88100e+01   3.78600e+00  
     2022         3         4         3        16        58         71       7100       5362 1646363818.000   1646363818.000    6.30000e+02     -90.00      45.00   2.42500e+02   3.17500e+02      948.5       13.4  -4.94600e+01   2.19500e-01     0           1.41060e+02   4.44200e+00  
     2022         3         4         3        19        58         72       7100       5362 1646363998.000   1646363998.000    6.30000e+02       0.00      90.00   2.42500e+02   3.17500e+02      933.0       15.3           nan           nan     0           1.09890e+02   3.98100e+00  
     2022         3         4         3        22        22         73       7100       5362 1646364142.000   1646364142.000    6.30000e+02       0.00      45.00   2.42500e+02   3.17500e+02      934.8       14.8   5.55000e+01   2.55100e-01     1           1.32130e+02   4.54700e+00  
     2022         3         4         3        24        46         74       7100       5362 1646364286.000   1646364286.000    6.30000e+02      90.00      45.00   2.42500e+02   3.17500e+02      913.1       15.1   2.37400e+01   1.09800e-01     0           1.09340e+02   3.99800e+00  
     2022         3         4         3        27        10         75       7100       5362 1646364430.000   1646364430.000    6.30000e+02     180.00      45.00   2.42500e+02   3.17500e+02      925.4       14.9  -6.20400e+01   2.79600e-01     0           1.05830e+02   3.81900e+00  
     2022         3         4         3        29        34         76       7100       5362 1646364574.000   1646364574.000    6.30000e+02     -90.00      45.00   2.42500e+02   3.17500e+02      939.0       12.2  -4.76000e+01   1.93900e-01     0           1.56650e+02   4.58900e+00  
     2022         3         4         3        35        34         77       7100       5362 1646364934.000   1646364934.000    6.30000e+02       0.00      90.00   2.42500e+02   3.17500e+02      923.5       14.2           nan           nan     0           1.07650e+02   3.76600e+00  
     2022         3         4         3        38        34         78       7100       5362 1646365114.000   1646365114.000    6.30000e+02       0.00      45.00   2.42500e+02   3.17500e+02      938.3       10.3   6.36600e+01   2.38200e-01     0           1.90970e+02   4.84300e+00  
     2022         3         4         3        40        58         79       7100       5362 1646365258.000   1646365258.000    6.30000e+02      90.00      45.00   2.42500e+02   3.17500e+02      915.8       12.4   5.24400e+01   2.17000e-01     0           1.31930e+02   4.09000e+00  
     2022         3         4         3        43        22         80       7100       5362 1646365402.000   1646365402.000    6.30000e+02     180.00      45.00   2.42500e+02   3.17500e+02      954.3       16.6  -6.05700e+01   2.91100e-01     0           9.41200e+01   3.64600e+00  
     2022         3         4         3        45        46         81       7100       5362 1646365546.000   1646365546.000    6.30000e+02     -90.00      45.00   2.42500e+02   3.17500e+02      957.8       11.8  -4.42300e+01   1.81200e-01     0           1.65200e+02   4.64300e+00  
     2022         3         4         3        48        10         82       7100       5362 1646365690.000   1646365690.000    6.30000e+02       0.00      90.00   2.42500e+02   3.17500e+02      924.5       15.5           nan           nan     0           9.61400e+01   3.62200e+00  
     2022         3         4         3        50        34         83       7100       5362 1646365834.000   1646365834.000    6.30000e+02       0.00      45.00   2.42500e+02   3.17500e+02      924.8       10.3   6.27800e+01   2.49100e-01     0           1.87840e+02   4.83600e+00  
     2022         3         4         3        53        34         84       7100       5362 1646366014.000   1646366014.000    6.30000e+02      90.00      45.00   2.42500e+02   3.17500e+02      925.0       13.2   5.50900e+01   2.44000e-01     0           1.24140e+02   4.03100e+00  
     2022         3         4         3        55        58         85       7100       5362 1646366158.000   1646366158.000    6.30000e+02     180.00      45.00   2.42500e+02   3.17500e+02      948.5       18.1  -6.34700e+01   3.31600e-01     0           8.35500e+01   3.50000e+00  
     2022         3         4         3        58        22         86       7100       5362 1646366302.000   1646366302.000    6.30000e+02     -90.00      45.00   2.42500e+02   3.17500e+02      973.0       12.4  -3.66300e+01   1.58100e-01     0           1.56620e+02   4.52200e+00  
     2022         3         4         4         4        22         87       7100       5362 1646366662.000   1646366662.000    6.30000e+02       0.00      90.00   2.45500e+02   3.20500e+02      984.6       17.4           nan           nan     0           8.67100e+01   3.44400e+00  
     2022         3         4         4         6        46         88       7100       5362 1646366806.000   1646366806.000    6.30000e+02       0.00      45.00   2.45500e+02   3.20500e+02      959.5       11.2   7.37400e+01   3.15400e-01     0           1.73580e+02   4.66000e+00  
     2022         3         4         4         9        10         89       7100       5362 1646366950.000   1646366950.000    6.30000e+02      90.00      45.00   2.45500e+02   3.20500e+02      983.1       17.0   3.58400e+01   1.85200e-01     0           9.31100e+01   3.59500e+00  
     2022         3         4         4        11        34         90       7100       5362 1646367094.000   1646367094.000    6.30000e+02     180.00      45.00   2.45500e+02   3.20500e+02     1011.0       21.5  -7.64200e+01   4.46800e-01     0           6.96800e+01   3.23700e+00  
     2022         3         4         4        13        58         91       7100       5362 1646367238.000   1646367238.000    6.30000e+02     -90.00      45.00   2.45500e+02   3.20500e+02      982.2       14.4  -2.83900e+01   1.38400e-01     0           1.26870e+02   4.16100e+00  
     2022         3         4         4        16        22         92       7100       5362 1646367382.000   1646367382.000    6.30000e+02       0.00      90.00   2.45500e+02   3.20500e+02      985.1       19.0           nan           nan     0           7.65000e+01   3.28800e+00  
     2022         3         4         4        19        22         93       7100       5362 1646367562.000   1646367562.000    6.30000e+02       0.00      45.00   2.45500e+02   3.20500e+02      988.2       11.9   6.67000e+01   3.08900e-01     0           1.67020e+02   4.61200e+00  
     2022         3         4         4        21        46         94       7100       5362 1646367706.000   1646367706.000    6.30000e+02      90.00      45.00   2.45500e+02   3.20500e+02     1043.8       20.2   3.43600e+01   2.01400e-01     0           7.89600e+01   3.37700e+00  
     2022         3         4         4        24        10         95       7100       5362 1646367850.000   1646367850.000    6.30000e+02     180.00      45.00   2.45500e+02   3.20500e+02     1046.1       25.2  -7.58400e+01   5.05600e-01     0           5.90400e+01   3.06900e+00  
     2022         3         4         4        26        34         96       7100       5362 1646367994.000   1646367994.000    6.30000e+02     -90.00      45.00   2.45500e+02   3.20500e+02     1023.4       15.7  -2.01000e+01   1.07600e-01     0           1.16840e+02   4.01400e+00  
     2022         3         4         4        32        34         97       7100       5362 1646368354.000   1646368354.000    6.30000e+02       0.00      90.00   2.45500e+02   3.20500e+02     1017.7       22.3           nan           nan     0           6.33700e+01   3.05800e+00  
     2022         3         4         4        35        34         98       7100       5362 1646368534.000   1646368534.000    6.30000e+02       0.00      45.00   2.45500e+02   3.20500e+02     1005.5       12.2   7.35900e+01   3.71500e-01     0           1.75870e+02   4.82400e+00  
     2022         3         4         4        37        58         99       7100       5362 1646368678.000   1646368678.000    6.30000e+02      90.00      45.00   2.45500e+02   3.20500e+02     1026.0       21.9   3.14900e+01   2.04900e-01     0           6.74500e+01   3.16300e+00  
     2022         3         4         4        40        22        100       7100       5362 1646368822.000   1646368822.000    6.30000e+02     180.00      45.00   2.45500e+02   3.20500e+02     1083.0       28.2  -5.89200e+01   4.29200e-01     0           5.34100e+01   2.97300e+00  
     2022         3         4         4        42        46        101       7100       5362 1646368966.000   1646368966.000    6.30000e+02     -90.00      45.00   2.45500e+02   3.20500e+02     1031.1       19.4   3.56900e+01   2.18300e-01     1           1.08960e+02   4.35200e+00  
     2022         3         4         4        45        10        102       7100       5362 1646369110.000   1646369110.000    6.30000e+02       0.00      90.00   2.45500e+02   3.20500e+02     1057.4       22.8           nan           nan     0           6.54500e+01   3.10500e+00  
     2022         3         4         4        47        34        103       7100       5362 1646369254.000   1646369254.000    6.30000e+02       0.00      45.00   2.45500e+02   3.20500e+02      984.4       18.1   6.05600e+01   3.59800e-01     1           1.18650e+02   4.60100e+00  
     2022         3         4         4        49        58        104       7100       5362 1646369398.000   1646369398.000    6.30000e+02      90.00      45.00   2.45500e+02   3.20500e+02     1022.0       20.0   4.20500e+01   2.49900e-01     0           7.69100e+01   3.32500e+00  
     2022         3         4         4        52        58        105       7100       5362 1646369578.000   1646369578.000    6.30000e+02     180.00      45.00   2.45500e+02   3.20500e+02     1024.2       25.8  -5.64700e+01   3.81600e-01     0           5.56900e+01   3.01100e+00  
     2022         3         4         4        55        22        106       7100       5362 1646369722.000   1646369722.000    6.30000e+02     -90.00      45.00   2.45500e+02   3.20500e+02     1013.8       16.8   1.08200e+01   5.75000e-02     1           1.31440e+02   4.65900e+00  
     2022         3         4         5         1        22        107       7100       5362 1646370082.000   1646370082.000    6.30000e+02       0.00      90.00   2.43500e+02   3.18500e+02      991.6       17.2           nan           nan     0           9.01000e+01   3.50400e+00  
     2022         3         4         5         3        46        108       7100       5362 1646370226.000   1646370226.000    6.30000e+02       0.00      45.00   2.43500e+02   3.18500e+02      983.5        9.6   2.20200e+01   8.47000e-02     0           2.38430e+02   5.38300e+00  
     2022         3         4         5         6        10        109       7100       5362 1646370370.000   1646370370.000    6.30000e+02      90.00      45.00   2.43500e+02   3.18500e+02      998.6       14.8   1.24600e+01   5.62000e-02     0           1.16200e+02   3.91400e+00  
     2022         3         4         5         8        34        110       7100       5362 1646370514.000   1646370514.000    6.30000e+02     180.00      45.00   2.43500e+02   3.18500e+02     1001.7       19.3  -2.59900e+01   1.32700e-01     0           8.19400e+01   3.47600e+00  
     2022         3         4         5        10        58        111       7100       5362 1646370658.000   1646370658.000    6.30000e+02     -90.00      45.00   2.43500e+02   3.18500e+02      998.5       12.2  -1.86500e+01   7.34000e-02     0           1.65190e+02   4.59900e+00  
     2022         3         4         5        13        22        112       7100       5362 1646370802.000   1646370802.000    6.30000e+02       0.00      90.00   2.43500e+02   3.18500e+02      990.6       14.0           nan           nan     0           1.23100e+02   3.97700e+00  
     2022         3         4         5        15        46        113       7100       5362 1646370946.000   1646370946.000    6.30000e+02       0.00      45.00   2.43500e+02   3.18500e+02      970.5        8.3   7.21000e+00   2.31000e-02     0           2.95110e+02   5.92300e+00  
     2022         3         4         5        18        46        114       7100       5362 1646371126.000   1646371126.000    6.30000e+02      90.00      45.00   2.43500e+02   3.18500e+02      978.9       11.5   1.17800e+01   4.20000e-02     0           1.70250e+02   4.60600e+00  
     2022         3         4         5        21        10        115       7100       5362 1646371270.000   1646371270.000    6.30000e+02     180.00      45.00   2.43500e+02   3.18500e+02      981.4       14.2   1.94200e+01   7.58000e-02     0           1.27470e+02   4.14000e+00  
     2022         3         4         5        23        34        116       7100       5362 1646371414.000   1646371414.000    6.30000e+02     -90.00      45.00   2.43500e+02   3.18500e+02      980.1        9.2  -1.44100e+01   4.39000e-02     0           2.53450e+02   5.53100e+00  
     2022         3         4         5        29        34        117       7100       5362 1646371774.000   1646371774.000    6.30000e+02       0.00      90.00   2.43500e+02   3.18500e+02      952.9        9.7           nan           nan     0           2.09050e+02   4.98300e+00  
     2022         3         4         5        31        58        118       7100       5362 1646371918.000   1646371918.000    6.30000e+02       0.00      45.00   2.43500e+02   3.18500e+02      954.1        6.8  -1.10700e+01   2.68000e-02     1           4.00000e+02   6.76100e+00  
     2022         3         4         5        34        58        119       7100       5362 1646372098.000   1646372098.000    6.30000e+02      90.00      45.00   2.43500e+02   3.18500e+02      949.8        8.5   1.28500e+01   3.38000e-02     0           2.66410e+02   5.59200e+00  
     2022         3         4         5        37        22        120       7100       5362 1646372242.000   1646372242.000    6.30000e+02     180.00      45.00   2.43500e+02   3.18500e+02      962.3        9.7   2.46200e+01   6.78000e-02     0           2.25730e+02   5.26200e+00  
     2022         3         4         5        39        46        121       7100       5362 1646372386.000   1646372386.000    6.30000e+02     -90.00      45.00   2.43500e+02   3.18500e+02      958.2        6.8  -1.19600e+01   2.72000e-02     1           4.05620e+02   6.81300e+00  
     2022         3         4         5        42        10        122       7100       5362 1646372530.000   1646372530.000    6.30000e+02       0.00      90.00   2.43500e+02   3.18500e+02      935.3        8.1           nan           nan     1           2.74680e+02   5.63600e+00  
     2022         3         4         5        44        34        123       7100       5362 1646372674.000   1646372674.000    6.30000e+02       0.00      45.00   2.43500e+02   3.18500e+02      932.2        6.6  -1.71500e+01   3.79000e-02     1           4.06530e+02   6.80500e+00  
     2022         3         4         5        46        58        124       7100       5362 1646372818.000   1646372818.000    6.30000e+02      90.00      45.00   2.43500e+02   3.18500e+02      920.9        7.5   4.00000e+00   9.40000e-03     1           3.12050e+02   6.02600e+00  
     2022         3         4         5        49        22        125       7100       5362 1646372962.000   1646372962.000    6.30000e+02     180.00      45.00   2.43500e+02   3.18500e+02      932.8        7.6   4.65800e+01   1.10100e-01     1           3.14130e+02   6.05700e+00  
     2022         3         4         5        52        22        126       7100       5362 1646373142.000   1646373142.000    6.30000e+02     -90.00      45.00   2.43500e+02   3.18500e+02      932.7        6.2  -1.34300e+01   2.86000e-02     1           4.55850e+02   7.19900e+00  
     2022         3         4         5        58        22        127       7100       5362 1646373502.000   1646373502.000    6.30000e+02       0.00      90.00   2.43500e+02   3.18500e+02      903.8        7.7           nan           nan     1           2.87820e+02   5.76500e+00  
     2022         3         4         6         0        46        128       7100       5362 1646373646.000   1646373646.000    6.30000e+02       0.00      45.00   2.42500e+02   3.17500e+02      909.4        6.6  -3.30300e+01   7.32000e-02     1           3.81120e+02   6.59100e+00  
     2022         3         4         6         3        10        129       7100       5362 1646373790.000   1646373790.000    6.30000e+02      90.00      45.00   2.42500e+02   3.17500e+02      907.3        7.3   8.53000e+00   1.99000e-02     1           3.18110e+02   6.04700e+00  
     2022         3         4         6         5        34        130       7100       5362 1646373934.000   1646373934.000    6.30000e+02     180.00      45.00   2.42500e+02   3.17500e+02      907.0        7.0   5.61400e+01   1.29600e-01     1           3.48510e+02   6.33600e+00  
     2022         3         4         6         7        58        131       7100       5362 1646374078.000   1646374078.000    6.30000e+02     -90.00      45.00   2.42500e+02   3.17500e+02      911.8        6.1   5.32000e+00   1.16000e-02     1           4.48060e+02   7.12400e+00  
     2022         3         4         6        10        22        132       7100       5362 1646374222.000   1646374222.000    6.30000e+02       0.00      90.00   2.42500e+02   3.17500e+02      911.1        8.3           nan           nan     1           2.51850e+02   5.42200e+00  
     2022         3         4         6        12        46        133       7100       5362 1646374366.000   1646374366.000    6.30000e+02       0.00      45.00   2.42500e+02   3.17500e+02      906.4        6.8  -2.98100e+01   7.02000e-02     1           3.55840e+02   6.37700e+00  
     2022         3         4         6        15        46        134       7100       5362 1646374546.000   1646374546.000    6.30000e+02      90.00      45.00   2.42500e+02   3.17500e+02      918.7        8.4   1.81600e+01   4.83000e-02     1           2.62370e+02   5.58500e+00  
     2022         3         4         6        18        10        135       7100       5362 1646374690.000   1646374690.000    6.30000e+02     180.00      45.00   2.42500e+02   3.17500e+02      901.4        8.1   6.82000e+01   1.79600e-01     1           2.72890e+02   5.70700e+00  
     2022         3         4         6        20        34        136       7100       5362 1646374834.000   1646374834.000    6.30000e+02     -90.00      45.00   2.42500e+02   3.17500e+02      900.0        6.9  -7.48000e+00   1.86000e-02     1           3.46600e+02   6.32500e+00  
     2022         3         4         6        26        34        137       7100       5362 1646375194.000   1646375194.000    6.30000e+02       0.00      90.00   2.42500e+02   3.17500e+02      892.4        9.6           nan           nan     0           1.87200e+02   4.72600e+00  
     2022         3         4         6        28        58        138       7100       5362 1646375338.000   1646375338.000    6.30000e+02       0.00      45.00   2.42500e+02   3.17500e+02      881.7        8.1  -3.86200e+01   1.09100e-01     1           2.52960e+02   5.45900e+00  
     2022         3         4         6        31        58        139       7100       5362 1646375518.000   1646375518.000    6.30000e+02      90.00      45.00   2.42500e+02   3.17500e+02      873.1        9.3   2.40300e+01   7.42000e-02     0           1.98920e+02   4.93000e+00  
     2022         3         4         6        34        22        140       7100       5362 1646375662.000   1646375662.000    6.30000e+02     180.00      45.00   2.42500e+02   3.17500e+02      870.1        9.4   6.87300e+01   2.16300e-01     0           1.95470e+02   4.88900e+00  
     2022         3         4         6        36        46        141       7100       5362 1646375806.000   1646375806.000    6.30000e+02     -90.00      45.00   2.42500e+02   3.17500e+02      887.4        8.3  -8.60000e+00   2.59000e-02     0           2.48370e+02   5.43500e+00  
     2022         3         4         6        39        10        142       7100       5362 1646375950.000   1646375950.000    6.30000e+02       0.00      90.00   2.42500e+02   3.17500e+02      895.6       11.3           nan           nan     0           1.47040e+02   4.27000e+00  
     2022         3         4         6        41        34        143       7100       5362 1646376094.000   1646376094.000    6.30000e+02       0.00      45.00   2.42500e+02   3.17500e+02      883.9        9.1  -3.91400e+01   1.25800e-01     0           2.08120e+02   4.99300e+00  
     2022         3         4         6        43        58        144       7100       5362 1646376238.000   1646376238.000    6.30000e+02      90.00      45.00   2.42500e+02   3.17500e+02      880.7       11.0   2.65500e+01   9.50000e-02     0           1.55320e+02   4.44700e+00  
     2022         3         4         6        46        58        145       7100       5362 1646376418.000   1646376418.000    6.30000e+02     180.00      45.00   2.42500e+02   3.17500e+02      870.8       11.0   5.89200e+01   2.15000e-01     0           1.48030e+02   4.30700e+00  
     2022         3         4         6        49        22        146       7100       5362 1646376562.000   1646376562.000    6.30000e+02     -90.00      45.00   2.42500e+02   3.17500e+02      887.1        9.5  -2.75300e+01   9.48000e-02     0           1.99140e+02   4.94100e+00  
     2022         3         4         6        55        22        147       7100       5362 1646376922.000   1646376922.000    6.30000e+02       0.00      90.00   2.42500e+02   3.17500e+02      862.8       12.8           nan           nan     0           1.10970e+02   3.77500e+00  
     2022         3         4         6        57        46        148       7100       5362 1646377066.000   1646377066.000    6.30000e+02       0.00      45.00   2.42500e+02   3.17500e+02      866.3        9.8  -4.50600e+01   1.64500e-01     0           1.76710e+02   4.66100e+00  
     2022         3         4         7         0        10        149       7100       5362 1646377210.000   1646377210.000    6.30000e+02      90.00      45.00   2.40500e+02   3.15500e+02      865.0       12.6   3.60300e+01   1.48700e-01     0           1.20750e+02   3.98700e+00  
     2022         3         4         7         2        34        150       7100       5362 1646377354.000   1646377354.000    6.30000e+02     180.00      45.00   2.40500e+02   3.15500e+02      869.4       12.9   4.50300e+01   1.89100e-01     0           1.15630e+02   3.89100e+00  
     2022         3         4         7         4        58        151       7100       5362 1646377498.000   1646377498.000    6.30000e+02     -90.00      45.00   2.40500e+02   3.15500e+02      872.7       10.4  -4.10100e+01   1.56300e-01     0           1.63230e+02   4.49100e+00  
     2022         3         4         7         7        22        152       7100       5362 1646377642.000   1646377642.000    6.30000e+02       0.00      90.00   2.40500e+02   3.15500e+02      863.5       13.6           nan           nan     0           1.00460e+02   3.61500e+00  
     2022         3         4         7         9        46        153       7100       5362 1646377786.000   1646377786.000    6.30000e+02       0.00      45.00   2.40500e+02   3.15500e+02      857.0       10.9  -4.10400e+01   1.65100e-01     0           1.43680e+02   4.22900e+00  
     2022         3         4         7        12        46        154       7100       5362 1646377966.000   1646377966.000    6.30000e+02      90.00      45.00   2.40500e+02   3.15500e+02      873.1       13.5   3.58500e+01   1.60800e-01     0           1.09890e+02   3.83300e+00  
     2022         3         4         7        15        10        155       7100       5362 1646378110.000   1646378110.000    6.30000e+02     180.00      45.00   2.40500e+02   3.15500e+02      842.4       13.4   4.26300e+01   1.96000e-01     0           1.00470e+02   3.64100e+00  
     2022         3         4         7        17        34        156       7100       5362 1646378254.000   1646378254.000    6.30000e+02     -90.00      45.00   2.40500e+02   3.15500e+02      878.6       11.5  -3.49200e+01   1.48700e-01     0           1.40380e+02   4.22500e+00  
     2022         3         4         7        23        34        157       7100       5362 1646378614.000   1646378614.000    6.30000e+02       0.00      90.00   2.40500e+02   3.15500e+02      840.4       15.8           nan           nan     0           7.73600e+01   3.26700e+00  
     2022         3         4         7        25        58        158       7100       5362 1646378758.000   1646378758.000    6.30000e+02       0.00      45.00   2.40500e+02   3.15500e+02      843.4       13.9  -3.41200e+01   1.69700e-01     0           9.58500e+01   3.58100e+00  
     2022         3         4         7        28        58        159       7100       5362 1646378938.000   1646378938.000    6.30000e+02      90.00      45.00   2.40500e+02   3.15500e+02      845.1       15.2   4.85800e+01   2.56000e-01     0           8.48800e+01   3.42900e+00  
     2022         3         4         7        31        22        160       7100       5362 1646379082.000   1646379082.000    6.30000e+02     180.00      45.00   2.40500e+02   3.15500e+02      843.2       15.7   3.92200e+01   2.15000e-01     0           8.09800e+01   3.37600e+00  
     2022         3         4         7        33        46        161       7100       5362 1646379226.000   1646379226.000    6.30000e+02     -90.00      45.00   2.40500e+02   3.15500e+02      851.6       13.5  -2.96800e+01   1.53400e-01     0           1.01260e+02   3.65400e+00  
     2022         3         4         7        36        10        162       7100       5362 1646379370.000   1646379370.000    6.30000e+02       0.00      90.00   2.40500e+02   3.15500e+02      857.0       18.9           nan           nan     0           6.15100e+01   2.99600e+00  
     2022         3         4         7        38        34        163       7100       5362 1646379514.000   1646379514.000    6.30000e+02       0.00      45.00   2.40500e+02   3.15500e+02      843.8       16.0  -1.04700e+01   6.11000e-02     0           7.78200e+01   3.30500e+00  
     2022         3         4         7        40        58        164       7100       5362 1646379658.000   1646379658.000    6.30000e+02      90.00      45.00   2.40500e+02   3.15500e+02      849.9       17.6   5.81600e+01   3.63500e-01     0           7.19200e+01   3.28000e+00  
     2022         3         4         7        43        22        165       7100       5362 1646379802.000   1646379802.000    6.30000e+02     180.00      45.00   2.40500e+02   3.15500e+02      852.4       17.8   4.53600e+01   2.89600e-01     0           6.87900e+01   3.17400e+00  
     2022         3         4         7        46        22        166       7100       5362 1646379982.000   1646379982.000    6.30000e+02     -90.00      45.00   2.40500e+02   3.15500e+02      858.1       17.1  -2.83700e+01   1.80000e-01     0           7.56500e+01   3.32500e+00  
     2022         3         4         7        52        22        167       7100       5362 1646380342.000   1646380342.000    6.30000e+02       0.00      90.00   2.40500e+02   3.15500e+02      863.1       23.4           nan           nan     0           4.71400e+01   2.75800e+00  
     2022         3         4         7        54        46        168       7100       5362 1646380486.000   1646380486.000    6.30000e+02       0.00      45.00   2.40500e+02   3.15500e+02      876.7       19.9  -1.94000e+00   1.47000e-02     0           6.64800e+01   3.26400e+00  
     2022         3         4         7        57        10        169       7100       5362 1646380630.000   1646380630.000    6.30000e+02      90.00      45.00   2.40500e+02   3.15500e+02      876.2       20.7   4.34700e+01   3.51400e-01     1           8.44700e+01   4.12900e+00  
     2022         3         4         7        59        34        170       7100       5362 1646380774.000   1646380774.000    6.30000e+02     180.00      45.00   2.39500e+02   3.14500e+02      907.2       24.0   3.84900e+01   3.49100e-01     1           7.39100e+01   4.00600e+00  
     2022         3         4         8         1        58        171       7100       5362 1646380918.000   1646380918.000    6.30000e+02     -90.00      45.00   2.39500e+02   3.14500e+02      929.0       26.2  -2.71200e+01   2.63400e-01     1           6.95400e+01   3.98700e+00  
     2022         3         4         8         4        22        172       7100       5362 1646381062.000   1646381062.000    6.30000e+02       0.00      90.00   2.39500e+02   3.14500e+02      918.9       32.2           nan           nan     2           5.63100e+01   3.92900e+00  
     2022         3         4         8         6        46        173       7100       5362 1646381206.000   1646381206.000    6.30000e+02       0.00      45.00   2.39500e+02   3.14500e+02     1017.2       30.6   2.03200e+01   2.18400e-01     2           9.02400e+01   5.31400e+00  
