   YEAR     MONTH      DAY       HOUR      MIN       SEC       RECNO     KINDAT      KINST       UT1_UNIX        UT2_UNIX        WAVLEN        AZM        ELM         ALTB          ALTE         TN         DTN        VNHLU         DVNHLU     FPI_DATAQUAL      RLE           DRLE     
     2022         9        30         1        28        58          0       7100       5362 1664501338.000   1664501338.000    6.30000e+02     180.00      45.00   2.47500e+02   3.22500e+02     1007.8       27.4   1.63200e+01   1.93800e-01     0           4.55400e+01   2.67900e+00  
     2022         9        30         1        31        22          1       7100       5362 1664501482.000   1664501482.000    6.30000e+02     -90.00      45.00   2.47500e+02   3.22500e+02     1019.8       34.0   2.37700e+01   3.15600e-01     0           3.92100e+01   2.73100e+00  
     2022         9        30         1        33        46          2       7100       5362 1664501626.000   1664501626.000    6.30000e+02       0.00      90.00   2.47500e+02   3.22500e+02     1022.1       29.2           nan           nan     0           4.63000e+01   2.81400e+00  
     2022         9        30         1        36        10          3       7100       5362 1664501770.000   1664501770.000    6.30000e+02       0.00      45.00   2.47500e+02   3.22500e+02     1029.5       25.8   2.54600e+01   2.95200e-01     0           6.59200e+01   3.47700e+00  
     2022         9        30         1        39        10          4       7100       5362 1664501950.000   1664501950.000    6.30000e+02      90.00      45.00   2.47500e+02   3.22500e+02     1019.2       29.6   1.69800e+01   2.07500e-01     0           4.67100e+01   2.87300e+00  
     2022         9        30         1        41        34          5       7100       5362 1664502094.000   1664502094.000    6.30000e+02     180.00      45.00   2.47500e+02   3.22500e+02     1038.5       28.6   2.04200e+01   2.44700e-01     0           4.81100e+01   2.83100e+00  
     2022         9        30         1        43        58          6       7100       5362 1664502238.000   1664502238.000    6.30000e+02     -90.00      45.00   2.47500e+02   3.22500e+02     1030.4       27.9   1.29000e+01   1.51300e-01     0           5.73600e+01   3.25700e+00  
     2022         9        30         1        49        58          7       7100       5362 1664502598.000   1664502598.000    6.30000e+02       0.00      90.00   2.47500e+02   3.22500e+02     1050.1       24.8           nan           nan     0           6.70100e+01   3.37100e+00  
     2022         9        30         1        52        58          8       7100       5362 1664502778.000   1664502778.000    6.30000e+02       0.00      45.00   2.47500e+02   3.22500e+02     1044.0       22.3   8.27000e+00   8.25000e-02     1           8.68600e+01   3.92300e+00  
     2022         9        30         1        55        22          9       7100       5362 1664502922.000   1664502922.000    6.30000e+02      90.00      45.00   2.47500e+02   3.22500e+02     1034.2       18.4   2.19000e+00   1.90000e-02     0           9.74000e+01   3.80700e+00  
     2022         9        30         1        57        46         10       7100       5362 1664503066.000   1664503066.000    6.30000e+02     180.00      45.00   2.47500e+02   3.22500e+02     1018.8       19.7   6.18000e+00   5.25000e-02     0           8.25000e+01   3.49700e+00  
     2022         9        30         2         0        10         11       7100       5362 1664503210.000   1664503210.000    6.30000e+02     -90.00      45.00   2.60500e+02   3.35500e+02     1028.2       17.7  -1.24000e+00   9.50000e-03     0           1.05480e+02   3.98200e+00  
     2022         9        30         2         2        34         12       7100       5362 1664503354.000   1664503354.000    6.30000e+02       0.00      90.00   2.60500e+02   3.35500e+02     1035.0       14.2           nan           nan     0           1.43100e+02   4.41200e+00  
     2022         9        30         2         4        58         13       7100       5362 1664503498.000   1664503498.000    6.30000e+02       0.00      45.00   2.60500e+02   3.35500e+02     1034.1       12.4   1.49900e+01   9.20000e-02     1           1.88020e+02   5.06000e+00  
     2022         9        30         2         7        58         14       7100       5362 1664503678.000   1664503678.000    6.30000e+02      90.00      45.00   2.60500e+02   3.35500e+02     1030.5       13.8   1.57400e+01   1.02200e-01     0           1.44790e+02   4.39100e+00  
     2022         9        30         2        10        22         15       7100       5362 1664503822.000   1664503822.000    6.30000e+02     180.00      45.00   2.60500e+02   3.35500e+02     1023.0       16.6  -4.18000e+00   2.98000e-02     0           1.04600e+02   3.80300e+00  
     2022         9        30         2        12        46         16       7100       5362 1664503966.000   1664503966.000    6.30000e+02     -90.00      45.00   2.60500e+02   3.35500e+02     1037.5       15.6  -5.00000e+00   3.47000e-02     0           1.29360e+02   4.30500e+00  
     2022         9        30         2        18        46         17       7100       5362 1664504326.000   1664504326.000    6.30000e+02       0.00      90.00   2.60500e+02   3.35500e+02     1018.4       14.2           nan           nan     0           1.37710e+02   4.31800e+00  
     2022         9        30         2        21        10         18       7100       5362 1664504470.000   1664504470.000    6.30000e+02       0.00      45.00   2.60500e+02   3.35500e+02     1036.4       14.2   6.99000e+00   4.76000e-02     0           1.50900e+02   4.61100e+00  
     2022         9        30         2        23        34         19       7100       5362 1664504614.000   1664504614.000    6.30000e+02      90.00      45.00   2.60500e+02   3.35500e+02     1019.0       14.6   1.15300e+01   8.00000e-02     0           1.26970e+02   4.10700e+00  
     2022         9        30         2        25        58         20       7100       5362 1664504758.000   1664504758.000    6.30000e+02     180.00      45.00   2.60500e+02   3.35500e+02     1029.2       16.4   2.81000e+00   2.06000e-02     0           1.07280e+02   3.82700e+00  
     2022         9        30         2        28        58         21       7100       5362 1664504938.000   1664504938.000    6.30000e+02     -90.00      45.00   2.60500e+02   3.35500e+02     1044.0       16.8  -2.13000e+00   1.60000e-02     0           1.14970e+02   4.08300e+00  
     2022         9        30         2        31        22         22       7100       5362 1664505082.000   1664505082.000    6.30000e+02       0.00      90.00   2.60500e+02   3.35500e+02     1036.9       14.7           nan           nan     0           1.27620e+02   4.10500e+00  
     2022         9        30         2        33        46         23       7100       5362 1664505226.000   1664505226.000    6.30000e+02       0.00      45.00   2.60500e+02   3.35500e+02     1041.9       19.5   7.42000e+00   6.16000e-02     0           9.55600e+01   3.87700e+00  
     2022         9        30         2        36        10         24       7100       5362 1664505370.000   1664505370.000    6.30000e+02      90.00      45.00   2.60500e+02   3.35500e+02     1040.3       16.5   1.04100e+01   7.94000e-02     0           1.07150e+02   3.82200e+00  
     2022         9        30         2        38        34         25       7100       5362 1664505514.000   1664505514.000    6.30000e+02     180.00      45.00   2.60500e+02   3.35500e+02     1037.0       17.7   1.08800e+01   8.77000e-02     0           9.30300e+01   3.55800e+00  
     2022         9        30         2        40        58         26       7100       5362 1664505658.000   1664505658.000    6.30000e+02     -90.00      45.00   2.60500e+02   3.35500e+02     1031.7       22.0   1.57600e+01   1.44700e-01     0           7.57900e+01   3.48200e+00  
     2022         9        30         2        47        34         27       7100       5362 1664506054.000   1664506054.000    6.30000e+02       0.00      90.00   2.60500e+02   3.35500e+02     1037.2       16.8           nan           nan     0           1.07790e+02   3.88700e+00  
     2022         9        30         2        49        58         28       7100       5362 1664506198.000   1664506198.000    6.30000e+02       0.00      45.00   2.60500e+02   3.35500e+02     1008.5       20.0  -5.26000e+00   4.70000e-02     1           1.02160e+02   4.26400e+00  
     2022         9        30         2        52        22         29       7100       5362 1664506342.000   1664506342.000    6.30000e+02      90.00      45.00   2.60500e+02   3.35500e+02     1034.8       20.1   1.28000e+01   1.17600e-01     0           8.59600e+01   3.63800e+00  
     2022         9        30         2        54        46         30       7100       5362 1664506486.000   1664506486.000    6.30000e+02     180.00      45.00   2.60500e+02   3.35500e+02     1029.8       22.3   1.43400e+01   1.43400e-01     0           7.05100e+01   3.31000e+00  
     2022         9        30         2        57        10         31       7100       5362 1664506630.000   1664506630.000    6.30000e+02     -90.00      45.00   2.60500e+02   3.35500e+02     1030.1       21.9   7.77000e+00   7.60000e-02     0           8.33000e+01   3.77300e+00  
     2022         9        30         2        59        34         32       7100       5362 1664506774.000   1664506774.000    6.30000e+02       0.00      90.00   2.70500e+02   3.45500e+02     1030.2       18.2           nan           nan     0           9.89300e+01   3.83600e+00  
     2022         9        30         3         1        58         33       7100       5362 1664506918.000   1664506918.000    6.30000e+02       0.00      45.00   2.70500e+02   3.45500e+02     1035.4       21.3  -3.72000e+00   3.70000e-02     1           9.76800e+01   4.23000e+00  
     2022         9        30         3         4        58         34       7100       5362 1664507098.000   1664507098.000    6.30000e+02      90.00      45.00   2.70500e+02   3.45500e+02     1043.1       18.8  -3.70000e-01   3.50000e-03     0           9.42100e+01   3.73400e+00  
     2022         9        30         3         7        22         35       7100       5362 1664507242.000   1664507242.000    6.30000e+02     180.00      45.00   2.70500e+02   3.45500e+02     1037.6       20.2   1.61900e+01   1.61000e-01     0           8.51000e+01   3.60400e+00  
     2022         9        30         3         9        46         36       7100       5362 1664507386.000   1664507386.000    6.30000e+02     -90.00      45.00   2.70500e+02   3.45500e+02     1054.8       20.6   1.99900e+01   2.03900e-01     0           8.99100e+01   3.79100e+00  
     2022         9        30         3        15        46         37       7100       5362 1664507746.000   1664507746.000    6.30000e+02       0.00      90.00   2.70500e+02   3.45500e+02     1074.4       19.6           nan           nan     0           9.44100e+01   3.76200e+00  
     2022         9        30         3        18        10         38       7100       5362 1664507890.000   1664507890.000    6.30000e+02       0.00      45.00   2.70500e+02   3.45500e+02     1080.3       24.7   1.10200e+01   1.27500e-01     1           8.93800e+01   4.22600e+00  
     2022         9        30         3        20        34         39       7100       5362 1664508034.000   1664508034.000    6.30000e+02      90.00      45.00   2.70500e+02   3.45500e+02     1036.0       23.9   1.68300e+01   1.94400e-01     0           6.95600e+01   3.42500e+00  
     2022         9        30         3        23        34         40       7100       5362 1664508214.000   1664508214.000    6.30000e+02     180.00      45.00   2.70500e+02   3.45500e+02     1070.2       27.5   2.08100e+01   2.63200e-01     0           5.56800e+01   3.05300e+00  
     2022         9        30         3        25        58         41       7100       5362 1664508358.000   1664508358.000    6.30000e+02     -90.00      45.00   2.70500e+02   3.45500e+02     1084.6       30.8   2.45200e+01   3.33500e-01     0           5.68200e+01   3.34500e+00  
     2022         9        30         3        28        22         42       7100       5362 1664508502.000   1664508502.000    6.30000e+02       0.00      90.00   2.70500e+02   3.45500e+02     1082.1       23.5           nan           nan     0           7.65500e+01   3.55800e+00  
     2022         9        30         3        30        46         43       7100       5362 1664508646.000   1664508646.000    6.30000e+02       0.00      45.00   2.70500e+02   3.45500e+02     1102.8       23.9   1.78200e+01   2.24600e-01     1           9.54400e+01   4.28500e+00  
     2022         9        30         3        33        10         44       7100       5362 1664508790.000   1664508790.000    6.30000e+02      90.00      45.00   2.70500e+02   3.45500e+02     1095.4       24.3   2.40700e+01   3.16400e-01     0           7.67300e+01   3.62500e+00  
     2022         9        30         3        35        34         45       7100       5362 1664508934.000   1664508934.000    6.30000e+02     180.00      45.00   2.70500e+02   3.45500e+02     1086.3       30.6   2.17700e+01   3.33400e-01     0           5.18400e+01   3.06900e+00  
     2022         9        30         3        38        34         46       7100       5362 1664509114.000   1664509114.000    6.30000e+02     -90.00      45.00   2.70500e+02   3.45500e+02     1110.0       30.6   5.32000e+00   8.15000e-02     1           6.25700e+01   3.55300e+00  
     2022         9        30         3        44        34         47       7100       5362 1664509474.000   1664509474.000    6.30000e+02       0.00      90.00   2.70500e+02   3.45500e+02     1093.9       31.9           nan           nan     0           5.10000e+01   3.10500e+00  
     2022         9        30         3        46        58         48       7100       5362 1664509618.000   1664509618.000    6.30000e+02       0.00      45.00   2.70500e+02   3.45500e+02     1130.7       29.7  -1.86000e+01   3.05100e-01     1           7.06400e+01   3.81600e+00  
     2022         9        30         3        49        22         49       7100       5362 1664509762.000   1664509762.000    6.30000e+02      90.00      45.00   2.70500e+02   3.45500e+02     1126.0       29.9  -7.86000e+00   1.29700e-01     0           5.64000e+01   3.16200e+00  
     2022         9        30         3        51        46         50       7100       5362 1664509906.000   1664509906.000    6.30000e+02     180.00      45.00   2.70500e+02   3.45500e+02     1118.2       35.1  -5.99000e+00   1.09300e-01     0           4.27300e+01   2.81200e+00  
     2022         9        30         3        54        10         51       7100       5362 1664510050.000   1664510050.000    6.30000e+02     -90.00      45.00   2.70500e+02   3.45500e+02     1179.3       46.3  -5.50000e-01   1.18000e-02     1           3.70400e+01   2.93600e+00  
     2022         9        30         3        56        34         52       7100       5362 1664510194.000   1664510194.000    6.30000e+02       0.00      90.00   2.70500e+02   3.45500e+02     1140.9       30.0           nan           nan     0           5.66700e+01   3.14800e+00  
     2022         9        30         3        59        34         53       7100       5362 1664510374.000   1664510374.000    6.30000e+02       0.00      45.00   2.77500e+02   3.52500e+02     1121.7       42.0   2.16600e+01   4.71700e-01     1           4.08300e+01   3.08800e+00  
     2022         9        30         4         2        34         54       7100       5362 1664510554.000   1664510554.000    6.30000e+02      90.00      45.00   2.77500e+02   3.52500e+02     1144.2       36.2  -1.98900e+01   4.18200e-01     0           4.08900e+01   2.72100e+00  
     2022         9        30         4         4        58         55       7100       5362 1664510698.000   1664510698.000    6.30000e+02     180.00      45.00   2.77500e+02   3.52500e+02     1124.8       39.9  -1.74700e+01   4.03000e-01     0           3.57600e+01   2.63600e+00  
     2022         9        30         4         7        22         56       7100       5362 1664510842.000   1664510842.000    6.30000e+02     -90.00      45.00   2.77500e+02   3.52500e+02     1166.2       54.9  -7.68000e+00   2.22500e-01     1           2.82900e+01   2.66500e+00  
     2022         9        30         4        13        22         57       7100       5362 1664511202.000   1664511202.000    6.30000e+02       0.00      90.00   2.77500e+02   3.52500e+02     1184.2       55.1           nan           nan     0           2.49900e+01   2.36100e+00  
     2022         9        30         4        15        46         58       7100       5362 1664511346.000   1664511346.000    6.30000e+02       0.00      45.00   2.77500e+02   3.52500e+02     1178.4       51.5   2.28800e+01   7.49100e-01     1           2.91600e+01   2.58000e+00  
     2022         9        30         4        18        10         59       7100       5362 1664511490.000   1664511490.000    6.30000e+02      90.00      45.00   2.77500e+02   3.52500e+02     1155.7       62.9  -2.98000e+01   9.89800e-01     1           2.03700e+01   2.22800e+00  
     2022         9        30         4        20        34         60       7100       5362 1664511634.000   1664511634.000    6.30000e+02     180.00      45.00   2.77500e+02   3.52500e+02     1171.4       79.3   1.72400e+01   6.69200e-01     2           1.68100e+01   2.23800e+00  
     2022         9        30         4        23        34         61       7100       5362 1664511814.000   1664511814.000    6.30000e+02     -90.00      45.00   2.77500e+02   3.52500e+02     1086.9       71.4  -9.75000e+00   3.48700e-01     2           1.79600e+01   2.32300e+00  
     2022         9        30         4        25        58         62       7100       5362 1664511958.000   1664511958.000    6.30000e+02       0.00      90.00   2.77500e+02   3.52500e+02     1108.5       52.1           nan           nan     1           2.48200e+01   2.37000e+00  
     2022         9        30         4        28        22         63       7100       5362 1664512102.000   1664512102.000    6.30000e+02       0.00      45.00   2.77500e+02   3.52500e+02     1185.8       54.3  -4.90000e+00   1.54500e-01     1           2.76600e+01   2.55600e+00  
     2022         9        30         4        30        46         64       7100       5362 1664512246.000   1664512246.000    6.30000e+02      90.00      45.00   2.77500e+02   3.52500e+02     1124.5       62.0  -6.47000e+00   2.12700e-01     1           1.94800e+01   2.16400e+00  
     2022         9        30         4        33        10         65       7100       5362 1664512390.000   1664512390.000    6.30000e+02     180.00      45.00   2.77500e+02   3.52500e+02     1137.2       58.6   1.13500e+01   3.68400e-01     1           2.29200e+01   2.37100e+00  
