   YEAR     MONTH      DAY       HOUR      MIN       SEC       RECNO     KINDAT      KINST       UT1_UNIX        UT2_UNIX        WAVLEN        AZM        ELM         ALTB          ALTE         TN         DTN        VNHLU         DVNHLU     FPI_DATAQUAL      RLE           DRLE     
     2022         3        10        21        54        10          0       7100       5362 1646949250.000   1646949250.000    6.30000e+02      90.00      45.00   1.98500e+02   2.73500e+02     1126.2        5.9   7.93500e+01   1.30500e-01     1           9.14810e+02   1.08940e+01  
     2022         3        10        21        56        34          1       7100       5362 1646949394.000   1646949394.000    6.30000e+02     180.00      45.00   1.98500e+02   2.73500e+02     1121.5        5.2   1.61900e+01   2.48000e-02     1           1.05755e+03   1.13250e+01  
     2022         3        10        21        58        58          2       7100       5362 1646949538.000   1646949538.000    6.30000e+02     -90.00      45.00   2.16500e+02   2.91500e+02     1130.5        4.8  -6.21300e+01   9.21000e-02     1           1.25011e+03   1.23470e+01  
     2022         3        10        22         1        22          3       7100       5362 1646949682.000   1646949682.000    6.30000e+02       0.00      90.00   2.16500e+02   2.91500e+02     1108.7        6.1           nan           nan     1           7.06960e+02   9.09500e+00  
     2022         3        10        22         4        22          4       7100       5362 1646949862.000   1646949862.000    6.30000e+02       0.00      45.00   2.16500e+02   2.91500e+02     1118.8        6.8   1.36600e+01   2.46000e-02     2           8.38620e+02   1.11150e+01  
     2022         3        10        22         6        46          5       7100       5362 1646950006.000   1646950006.000    6.30000e+02      90.00      45.00   2.16500e+02   2.91500e+02     1102.6        6.0   8.16600e+01   1.37900e-01     1           7.07090e+02   9.02400e+00  
     2022         3        10        22         9        10          6       7100       5362 1646950150.000   1646950150.000    6.30000e+02     180.00      45.00   2.16500e+02   2.91500e+02     1105.7        7.6   1.59000e+01   3.08000e-02     1           5.55320e+02   8.56100e+00  
     2022         3        10        22        11        34          7       7100       5362 1646950294.000   1646950294.000    6.30000e+02     -90.00      45.00   2.16500e+02   2.91500e+02     1121.4        5.3  -7.36700e+01   1.20500e-01     1           9.08330e+02   1.02180e+01  
     2022         3        10        22        17        34          8       7100       5362 1646950654.000   1646950654.000    6.30000e+02       0.00      90.00   2.16500e+02   2.91500e+02     1090.0        6.9           nan           nan     1           5.24520e+02   7.82900e+00  
     2022         3        10        22        19        58          9       7100       5362 1646950798.000   1646950798.000    6.30000e+02       0.00      45.00   2.16500e+02   2.91500e+02     1090.8        7.4   1.57000e+01   3.18000e-02     2           6.51800e+02   9.71700e+00  
     2022         3        10        22        22        22         10       7100       5362 1646950942.000   1646950942.000    6.30000e+02      90.00      45.00   2.16500e+02   2.91500e+02     1071.8        6.5   8.45200e+01   1.59500e-01     1           5.69070e+02   8.11200e+00  
     2022         3        10        22        24        46         11       7100       5362 1646951086.000   1646951086.000    6.30000e+02     180.00      45.00   2.16500e+02   2.91500e+02     1090.1        8.7   6.27000e+00   1.40000e-02     1           4.33230e+02   7.71600e+00  
     2022         3        10        22        27        10         12       7100       5362 1646951230.000   1646951230.000    6.30000e+02     -90.00      45.00   2.16500e+02   2.91500e+02     1090.7        6.0  -7.90600e+01   1.45000e-01     1           6.90810e+02   8.95900e+00  
     2022         3        10        22        30        10         13       7100       5362 1646951410.000   1646951410.000    6.30000e+02       0.00      90.00   2.16500e+02   2.91500e+02     1068.9        7.3           nan           nan     1           4.69820e+02   7.45500e+00  
     2022         3        10        22        32        34         14       7100       5362 1646951554.000   1646951554.000    6.30000e+02       0.00      45.00   2.16500e+02   2.91500e+02     1074.4        7.6   2.37700e+01   5.09000e-02     1           5.69750e+02   8.96000e+00  
     2022         3        10        22        34        58         15       7100       5362 1646951698.000   1646951698.000    6.30000e+02      90.00      45.00   2.16500e+02   2.91500e+02     1077.8        9.4   3.11200e+01   7.49000e-02     1           3.77150e+02   7.27900e+00  
     2022         3        10        22        37        22         16       7100       5362 1646951842.000   1646951842.000    6.30000e+02     180.00      45.00   2.16500e+02   2.91500e+02     1059.5        7.7   1.99400e+01   4.37000e-02     1           4.68540e+02   7.75000e+00  
     2022         3        10        22        39        46         17       7100       5362 1646951986.000   1646951986.000    6.30000e+02     -90.00      45.00   2.16500e+02   2.91500e+02     1082.2        6.5  -8.90900e+01   1.81700e-01     1           6.04110e+02   8.49500e+00  
     2022         3        10        22        45        46         18       7100       5362 1646952346.000   1646952346.000    6.30000e+02       0.00      90.00   2.16500e+02   2.91500e+02     1058.5        8.4           nan           nan     1           4.17730e+02   7.46600e+00  
     2022         3        10        22        48        10         19       7100       5362 1646952490.000   1646952490.000    6.30000e+02       0.00      45.00   2.16500e+02   2.91500e+02     1058.5        8.1   2.93700e+01   7.00000e-02     1           4.96470e+02   8.41200e+00  
     2022         3        10        22        50        34         20       7100       5362 1646952634.000   1646952634.000    6.30000e+02      90.00      45.00   2.16500e+02   2.91500e+02     1057.7        9.8   4.45300e+01   1.17600e-01     1           3.38280e+02   6.92500e+00  
     2022         3        10        22        53        34         21       7100       5362 1646952814.000   1646952814.000    6.30000e+02     180.00      45.00   2.16500e+02   2.91500e+02     1053.7       10.1   1.27300e+01   3.43000e-02     1           3.26160e+02   6.86400e+00  
     2022         3        10        22        55        58         22       7100       5362 1646952958.000   1646952958.000    6.30000e+02     -90.00      45.00   2.16500e+02   2.91500e+02     1057.3        7.2  -7.85800e+01   1.77200e-01     1           5.12470e+02   7.99000e+00  
     2022         3        10        22        58        22         23       7100       5362 1646953102.000   1646953102.000    6.30000e+02       0.00      90.00   2.16500e+02   2.91500e+02     1053.0        8.7           nan           nan     1           3.87790e+02   7.23200e+00  
     2022         3        10        23         0        46         24       7100       5362 1646953246.000   1646953246.000    6.30000e+02       0.00      45.00   2.26500e+02   3.01500e+02     1061.3        8.6   3.46000e+01   8.79000e-02     1           4.98880e+02   8.74300e+00  
     2022         3        10        23         3        10         25       7100       5362 1646953390.000   1646953390.000    6.30000e+02      90.00      45.00   2.26500e+02   3.01500e+02     1010.2        7.4   9.10800e+01   2.21000e-01     1           4.17690e+02   7.12500e+00  
     2022         3        10        23         5        34         26       7100       5362 1646953534.000   1646953534.000    6.30000e+02     180.00      45.00   2.26500e+02   3.01500e+02     1020.2        8.7   1.79300e+01   4.77000e-02     1           3.65160e+02   6.99700e+00  
     2022         3        10        23         8        34         27       7100       5362 1646953714.000   1646953714.000    6.30000e+02     -90.00      45.00   2.26500e+02   3.01500e+02     1070.5       12.3  -1.24700e+01   4.04000e-02     1           3.04790e+02   7.37400e+00  
     2022         3        10        23        13        58         28       7100       5362 1646954038.000   1646954038.000    6.30000e+02       0.00      90.00   2.26500e+02   3.01500e+02     1037.3       10.3           nan           nan     1           3.21380e+02   6.96600e+00  
     2022         3        10        23        16        58         29       7100       5362 1646954218.000   1646954218.000    6.30000e+02       0.00      45.00   2.26500e+02   3.01500e+02     1046.2       12.5   7.20000e+00   2.46000e-02     2           2.95870e+02   7.40400e+00  
     2022         3        10        23        19        22         30       7100       5362 1646954362.000   1646954362.000    6.30000e+02      90.00      45.00   2.26500e+02   3.01500e+02     1003.2        7.7   7.21700e+01   1.91000e-01     1           4.13020e+02   7.22300e+00  
     2022         3        10        23        21        46         31       7100       5362 1646954506.000   1646954506.000    6.30000e+02     180.00      45.00   2.26500e+02   3.01500e+02     1008.8        9.0   1.15400e+01   3.28000e-02     1           3.42870e+02   6.86000e+00  
     2022         3        10        23        24        10         32       7100       5362 1646954650.000   1646954650.000    6.30000e+02     -90.00      45.00   2.26500e+02   3.01500e+02     1072.0       14.8   9.40000e-01   3.50000e-03     1           2.44100e+02   6.94900e+00  
     2022         3        10        23        26        34         33       7100       5362 1646954794.000   1646954794.000    6.30000e+02       0.00      90.00   2.26500e+02   3.01500e+02     1008.8        9.9           nan           nan     1           3.21860e+02   6.92500e+00  
     2022         3        10        23        28        58         34       7100       5362 1646954938.000   1646954938.000    6.30000e+02       0.00      45.00   2.26500e+02   3.01500e+02     1018.5       11.0   1.79600e+01   5.76000e-02     1           3.20840e+02   7.35700e+00  
     2022         3        10        23        31        58         35       7100       5362 1646955118.000   1646955118.000    6.30000e+02      90.00      45.00   2.26500e+02   3.01500e+02      997.8        9.5   4.08400e+01   1.22900e-01     1           3.16880e+02   6.71400e+00  
     2022         3        10        23        34        22         36       7100       5362 1646955262.000   1646955262.000    6.30000e+02     180.00      45.00   2.26500e+02   3.01500e+02      992.0       12.0   3.83800e+01   1.31900e-01     1           2.26050e+02   5.93200e+00  
     2022         3        10        23        36        46         37       7100       5362 1646955406.000   1646955406.000    6.30000e+02     -90.00      45.00   2.26500e+02   3.01500e+02     1029.3       13.6   4.60000e+00   1.72000e-02     1           2.47300e+02   6.82200e+00  
     2022         3        10        23        42        46         38       7100       5362 1646955766.000   1646955766.000    6.30000e+02       0.00      90.00   2.26500e+02   3.01500e+02     1014.6       11.4           nan           nan     1           2.69040e+02   6.54000e+00  
     2022         3        10        23        45        10         39       7100       5362 1646955910.000   1646955910.000    6.30000e+02       0.00      45.00   2.26500e+02   3.01500e+02      992.4       10.9   1.13100e+01   3.77000e-02     1           2.95440e+02   6.97700e+00  
     2022         3        10        23        47        34         40       7100       5362 1646956054.000   1646956054.000    6.30000e+02      90.00      45.00   2.26500e+02   3.01500e+02      976.2        9.5   4.41100e+01   1.31400e-01     1           3.00440e+02   6.48400e+00  
     2022         3        10        23        49        58         41       7100       5362 1646956198.000   1646956198.000    6.30000e+02     180.00      45.00   2.26500e+02   3.01500e+02      989.5       12.3   1.63900e+01   5.46000e-02     1           2.26740e+02   6.05200e+00  
     2022         3        10        23        52        22         42       7100       5362 1646956342.000   1646956342.000    6.30000e+02     -90.00      45.00   2.26500e+02   3.01500e+02      988.7        7.9  -6.83700e+01   1.75200e-01     1           4.41170e+02   7.87800e+00  
     2022         3        10        23        55        22         43       7100       5362 1646956522.000   1646956522.000    6.30000e+02       0.00      90.00   2.26500e+02   3.01500e+02      991.5        8.4           nan           nan     1           3.82210e+02   7.22100e+00  
     2022         3        10        23        57        46         44       7100       5362 1646956666.000   1646956666.000    6.30000e+02       0.00      45.00   2.26500e+02   3.01500e+02      999.1        8.3   2.01200e+01   4.96000e-02     1           4.35120e+02   7.99200e+00  
     2022         3        11         0         0        10         45       7100       5362 1646956810.000   1646956810.000    6.30000e+02      90.00      45.00   2.34500e+02   3.09500e+02      965.0        6.7   1.02280e+02   2.22900e-01     1           4.53280e+02   7.33100e+00  
     2022         3        11         0         2        34         46       7100       5362 1646956954.000   1646956954.000    6.30000e+02     180.00      45.00   2.34500e+02   3.09500e+02      981.9        9.7   1.05100e+01   2.75000e-02     1           2.98960e+02   6.55600e+00  
     2022         3        11         0         4        58         47       7100       5362 1646957098.000   1646957098.000    6.30000e+02     -90.00      45.00   2.34500e+02   3.09500e+02      978.1        5.9  -1.07260e+02   2.11900e-01     1           6.26700e+02   8.73800e+00  
     2022         3        11         0        10        58         48       7100       5362 1646957458.000   1646957458.000    6.30000e+02       0.00      90.00   2.34500e+02   3.09500e+02      968.5        6.7           nan           nan     1           4.75410e+02   7.63800e+00  
     2022         3        11         0        13        58         49       7100       5362 1646957638.000   1646957638.000    6.30000e+02       0.00      45.00   2.34500e+02   3.09500e+02      965.7        4.8   4.06300e+01   7.00000e-02     1           8.34210e+02   9.85600e+00  
     2022         3        11         0        16        22         50       7100       5362 1646957782.000   1646957782.000    6.30000e+02      90.00      45.00   2.34500e+02   3.09500e+02      957.6        6.1   1.12720e+02   2.13100e-01     1           5.03950e+02   7.58400e+00  
     2022         3        11         0        18        46         51       7100       5362 1646957926.000   1646957926.000    6.30000e+02     180.00      45.00   2.34500e+02   3.09500e+02      952.8        6.9  -1.39200e+01   2.79000e-02     1           4.19090e+02   7.10700e+00  
     2022         3        11         0        21        10         52       7100       5362 1646958070.000   1646958070.000    6.30000e+02     -90.00      45.00   2.34500e+02   3.09500e+02      969.9        5.5  -9.65100e+01   1.71100e-01     1           7.09370e+02   9.28900e+00  
     2022         3        11         0        23        34         53       7100       5362 1646958214.000   1646958214.000    6.30000e+02       0.00      90.00   2.34500e+02   3.09500e+02      972.7        6.3           nan           nan     1           4.90850e+02   7.49700e+00  
     2022         3        11         0        28        22         54       7100       5362 1646958502.000   1646958502.000    6.30000e+02      90.00      45.00   2.34500e+02   3.09500e+02      951.2        6.0   1.13070e+02   2.08900e-01     1           5.04940e+02   7.56500e+00  
     2022         3        11         0        31        22         55       7100       5362 1646958682.000   1646958682.000    6.30000e+02     180.00      45.00   2.34500e+02   3.09500e+02      967.2        7.2  -2.22800e+01   4.53000e-02     1           3.93510e+02   6.86400e+00  
     2022         3        11         0        33        46         56       7100       5362 1646958826.000   1646958826.000    6.30000e+02     -90.00      45.00   2.34500e+02   3.09500e+02      973.5        5.2  -9.58700e+01   1.65800e-01     1           7.30370e+02   9.18400e+00  
     2022         3        11         0        39        46         57       7100       5362 1646959186.000   1646959186.000    6.30000e+02       0.00      90.00   2.34500e+02   3.09500e+02      960.4        6.5           nan           nan     1           4.41960e+02   7.10700e+00  
     2022         3        11         0        44        34         58       7100       5362 1646959474.000   1646959474.000    6.30000e+02      90.00      45.00   2.34500e+02   3.09500e+02      950.7        6.3   1.04110e+02   2.02000e-01     1           4.63440e+02   7.25700e+00  
     2022         3        11         0        46        58         59       7100       5362 1646959618.000   1646959618.000    6.30000e+02     180.00      45.00   2.34500e+02   3.09500e+02      963.4        7.4  -3.29400e+01   6.89000e-02     1           3.60890e+02   6.49900e+00  
     2022         3        11         0        49        22         60       7100       5362 1646959762.000   1646959762.000    6.30000e+02     -90.00      45.00   2.34500e+02   3.09500e+02      969.3        5.0  -9.77800e+01   1.70600e-01     1           7.62940e+02   9.35900e+00  
     2022         3        11         0        51        46         61       7100       5362 1646959906.000   1646959906.000    6.30000e+02       0.00      90.00   2.34500e+02   3.09500e+02      947.6        6.6           nan           nan     1           4.19940e+02   6.95900e+00  
     2022         3        11         0        57        10         62       7100       5362 1646960230.000   1646960230.000    6.30000e+02      90.00      45.00   2.34500e+02   3.09500e+02      943.4        6.7   1.05000e+02   2.13600e-01     1           4.15460e+02   6.92400e+00  
     2022         3        11         0        59        34         63       7100       5362 1646960374.000   1646960374.000    6.30000e+02     180.00      45.00   2.43500e+02   3.18500e+02      947.0        7.6  -3.51400e+01   7.68000e-02     1           3.35840e+02   6.32800e+00  
     2022         3        11         1         1        58         64       7100       5362 1646960518.000   1646960518.000    6.30000e+02     -90.00      45.00   2.43500e+02   3.18500e+02      955.0        5.3  -8.60300e+01   1.56200e-01     1           6.70850e+02   8.75500e+00  
     2022         3        11         1         7        58         65       7100       5362 1646960878.000   1646960878.000    6.30000e+02       0.00      90.00   2.43500e+02   3.18500e+02      938.5        6.8           nan           nan     1           3.89980e+02   6.68900e+00  
     2022         3        11         1        10        22         66       7100       5362 1646961022.000   1646961022.000    6.30000e+02       0.00      45.00   2.43500e+02   3.18500e+02      947.3        4.8   5.76800e+01   1.02600e-01     1           7.86990e+02   9.42200e+00  
     2022         3        11         1        12        46         67       7100       5362 1646961166.000   1646961166.000    6.30000e+02      90.00      45.00   2.43500e+02   3.18500e+02      949.1        6.9   1.01460e+02   2.15400e-01     1           3.86770e+02   6.66600e+00  
     2022         3        11         1        15        10         68       7100       5362 1646961310.000   1646961310.000    6.30000e+02     180.00      45.00   2.43500e+02   3.18500e+02      933.1        7.9  -4.05400e+01   9.28000e-02     0           3.10190e+02   6.10700e+00  
     2022         3        11         1        18        10         69       7100       5362 1646961490.000   1646961490.000    6.30000e+02     -90.00      45.00   2.43500e+02   3.18500e+02      951.4        5.6  -8.43200e+01   1.63400e-01     1           5.99110e+02   8.32300e+00  
     2022         3        11         1        20        34         70       7100       5362 1646961634.000   1646961634.000    6.30000e+02       0.00      90.00   2.43500e+02   3.18500e+02      951.1        7.3           nan           nan     1           3.46890e+02   6.32700e+00  
     2022         3        11         1        22        58         71       7100       5362 1646961778.000   1646961778.000    6.30000e+02       0.00      45.00   2.43500e+02   3.18500e+02      947.0        5.0   5.80100e+01   1.09400e-01     1           7.15940e+02   8.94900e+00  
     2022         3        11         1        25        22         72       7100       5362 1646961922.000   1646961922.000    6.30000e+02      90.00      45.00   2.43500e+02   3.18500e+02      952.2        7.8   8.94800e+01   2.08800e-01     1           3.17700e+02   6.09800e+00  
     2022         3        11         1        27        46         73       7100       5362 1646962066.000   1646962066.000    6.30000e+02     180.00      45.00   2.43500e+02   3.18500e+02      964.5        9.2  -6.19000e+01   1.57700e-01     0           2.53080e+02   5.56500e+00  
     2022         3        11         1        30        10         74       7100       5362 1646962210.000   1646962210.000    6.30000e+02     -90.00      45.00   2.43500e+02   3.18500e+02      957.7        5.9  -8.26600e+01   1.72700e-01     1           5.38580e+02   7.86900e+00  
     2022         3        11         1        36        46         75       7100       5362 1646962606.000   1646962606.000    6.30000e+02       0.00      90.00   2.43500e+02   3.18500e+02      967.3        8.3           nan           nan     0           2.88110e+02   5.81800e+00  
     2022         3        11         1        39        10         76       7100       5362 1646962750.000   1646962750.000    6.30000e+02       0.00      45.00   2.43500e+02   3.18500e+02      956.9        5.6   7.02400e+01   1.49700e-01     1           5.90600e+02   8.16800e+00  
     2022         3        11         1        41        34         77       7100       5362 1646962894.000   1646962894.000    6.30000e+02      90.00      45.00   2.43500e+02   3.18500e+02      957.3        8.7   8.26000e+01   2.18000e-01     0           2.63220e+02   5.59700e+00  
     2022         3        11         1        43        58         78       7100       5362 1646963038.000   1646963038.000    6.30000e+02     180.00      45.00   2.43500e+02   3.18500e+02      964.1       10.5  -5.44700e+01   1.60000e-01     0           1.99170e+02   4.99000e+00  
     2022         3        11         1        46        22         79       7100       5362 1646963182.000   1646963182.000    6.30000e+02     -90.00      45.00   2.43500e+02   3.18500e+02      965.4        6.5  -8.23000e+01   1.93600e-01     1           4.66890e+02   7.35900e+00  
     2022         3        11         1        48        46         80       7100       5362 1646963326.000   1646963326.000    6.30000e+02       0.00      90.00   2.43500e+02   3.18500e+02      977.9        9.4           nan           nan     0           2.35450e+02   5.30000e+00  
     2022         3        11         1        51        10         81       7100       5362 1646963470.000   1646963470.000    6.30000e+02       0.00      45.00   2.43500e+02   3.18500e+02      969.3        6.1   7.63800e+01   1.79800e-01     1           5.10040e+02   7.61300e+00  
     2022         3        11         1        54        10         82       7100       5362 1646963650.000   1646963650.000    6.30000e+02      90.00      45.00   2.43500e+02   3.18500e+02      974.2        9.9   7.89600e+01   2.32700e-01     0           2.16810e+02   5.12800e+00  
     2022         3        11         1        56        34         83       7100       5362 1646963794.000   1646963794.000    6.30000e+02     180.00      45.00   2.43500e+02   3.18500e+02      966.7       11.4  -6.28000e+01   2.00800e-01     0           1.76210e+02   4.74000e+00  
     2022         3        11         1        58        58         84       7100       5362 1646963938.000   1646963938.000    6.30000e+02     -90.00      45.00   2.49500e+02   3.24500e+02      981.8        6.7  -7.49000e+01   1.86800e-01     1           4.48920e+02   7.22700e+00  
     2022         3        11         2         4        58         85       7100       5362 1646964298.000   1646964298.000    6.30000e+02       0.00      90.00   2.49500e+02   3.24500e+02      976.0       10.3           nan           nan     0           2.03270e+02   4.97700e+00  
     2022         3        11         2         7        22         86       7100       5362 1646964442.000   1646964442.000    6.30000e+02       0.00      45.00   2.49500e+02   3.24500e+02      979.3        6.9   7.20700e+01   1.87100e-01     1           4.18820e+02   6.94500e+00  
     2022         3        11         2         9        46         87       7100       5362 1646964586.000   1646964586.000    6.30000e+02      90.00      45.00   2.49500e+02   3.24500e+02      986.9       11.3   7.68600e+01   2.51400e-01     0           1.78600e+02   4.70900e+00  
     2022         3        11         2        12        10         88       7100       5362 1646964730.000   1646964730.000    6.30000e+02     180.00      45.00   2.49500e+02   3.24500e+02      971.4       11.8  -5.98100e+01   2.02200e-01     0           1.65440e+02   4.59100e+00  
     2022         3        11         2        14        34         89       7100       5362 1646964874.000   1646964874.000    6.30000e+02     -90.00      45.00   2.49500e+02   3.24500e+02      970.6        6.9  -6.19400e+01   1.64100e-01     1           4.18840e+02   6.99900e+00  
     2022         3        11         2        17        34         90       7100       5362 1646965054.000   1646965054.000    6.30000e+02       0.00      90.00   2.49500e+02   3.24500e+02      961.5       10.8           nan           nan     0           1.83830e+02   4.75700e+00  
     2022         3        11         2        19        58         91       7100       5362 1646965198.000   1646965198.000    6.30000e+02       0.00      45.00   2.49500e+02   3.24500e+02      982.7        7.5   8.05000e+01   2.22800e-01     1           3.62380e+02   6.50200e+00  
     2022         3        11         2        22        22         92       7100       5362 1646965342.000   1646965342.000    6.30000e+02      90.00      45.00   2.49500e+02   3.24500e+02      988.0       11.8   6.67600e+01   2.28700e-01     0           1.66040e+02   4.55300e+00  
     2022         3        11         2        24        46         93       7100       5362 1646965486.000   1646965486.000    6.30000e+02     180.00      45.00   2.49500e+02   3.24500e+02      966.0       12.0  -5.38500e+01   1.87800e-01     0           1.58420e+02   4.49300e+00  
     2022         3        11         2        27        10         94       7100       5362 1646965630.000   1646965630.000    6.30000e+02     -90.00      45.00   2.49500e+02   3.24500e+02      962.2        7.1  -6.07000e+01   1.67400e-01     1           3.79420e+02   6.64200e+00  
     2022         3        11         2        33        10         95       7100       5362 1646965990.000   1646965990.000    6.30000e+02       0.00      90.00   2.49500e+02   3.24500e+02      973.2       11.3           nan           nan     0           1.69050e+02   4.55600e+00  
     2022         3        11         2        35        34         96       7100       5362 1646966134.000   1646966134.000    6.30000e+02       0.00      45.00   2.49500e+02   3.24500e+02      975.6        8.1   7.36200e+01   2.16600e-01     1           3.07770e+02   5.99900e+00  
     2022         3        11         2        37        58         97       7100       5362 1646966278.000   1646966278.000    6.30000e+02      90.00      45.00   2.49500e+02   3.24500e+02      984.8       12.0   6.28800e+01   2.24100e-01     0           1.57670e+02   4.43700e+00  
     2022         3        11         2        40        58         98       7100       5362 1646966458.000   1646966458.000    6.30000e+02     180.00      45.00   2.49500e+02   3.24500e+02      982.8       12.8  -6.76100e+01   2.49500e-01     0           1.45210e+02   4.32300e+00  
     2022         3        11         2        43        22         99       7100       5362 1646966602.000   1646966602.000    6.30000e+02     -90.00      45.00   2.49500e+02   3.24500e+02      966.6        7.9  -6.18600e+01   1.84100e-01     1           3.22730e+02   6.16600e+00  
     2022         3        11         2        45        46        100       7100       5362 1646966746.000   1646966746.000    6.30000e+02       0.00      90.00   2.49500e+02   3.24500e+02      970.2       11.9           nan           nan     0           1.53450e+02   4.34800e+00  
     2022         3        11         2        48        10        101       7100       5362 1646966890.000   1646966890.000    6.30000e+02       0.00      45.00   2.49500e+02   3.24500e+02      972.6        8.5   7.03300e+01   2.18400e-01     1           2.78960e+02   5.71300e+00  
     2022         3        11         2        50        34        102       7100       5362 1646967034.000   1646967034.000    6.30000e+02      90.00      45.00   2.49500e+02   3.24500e+02      970.3       13.0   4.79900e+01   1.83600e-01     0           1.36910e+02   4.19100e+00  
     2022         3        11         2        52        58        103       7100       5362 1646967178.000   1646967178.000    6.30000e+02     180.00      45.00   2.49500e+02   3.24500e+02      969.0       13.9  -5.38900e+01   2.14800e-01     0           1.28180e+02   4.14800e+00  
     2022         3        11         2        55        22        104       7100       5362 1646967322.000   1646967322.000    6.30000e+02     -90.00      45.00   2.49500e+02   3.24500e+02      958.3        8.4  -5.20000e+01   1.63400e-01     0           2.82570e+02   5.80200e+00  
     2022         3        11         3         1        22        105       7100       5362 1646967682.000   1646967682.000    6.30000e+02       0.00      90.00   2.51500e+02   3.26500e+02      986.3       12.6           nan           nan     0           1.44080e+02   4.24400e+00  
     2022         3        11         3         4        22        106       7100       5362 1646967862.000   1646967862.000    6.30000e+02       0.00      45.00   2.51500e+02   3.26500e+02      949.4        8.5   7.30500e+01   2.36000e-01     0           2.70220e+02   5.65700e+00  
     2022         3        11         3         6        46        107       7100       5362 1646968006.000   1646968006.000    6.30000e+02      90.00      45.00   2.51500e+02   3.26500e+02      985.4       14.3   3.61200e+01   1.48100e-01     0           1.20710e+02   3.98100e+00  
     2022         3        11         3         9        10        108       7100       5362 1646968150.000   1646968150.000    6.30000e+02     180.00      45.00   2.51500e+02   3.26500e+02      989.4       15.2  -7.16500e+01   3.05200e-01     0           1.10370e+02   3.82000e+00  
     2022         3        11         3        11        34        109       7100       5362 1646968294.000   1646968294.000    6.30000e+02     -90.00      45.00   2.51500e+02   3.26500e+02      983.0       14.9  -4.75500e+01   2.02300e-01     0           1.15110e+02   3.92900e+00  
     2022         3        11         3        13        58        110       7100       5362 1646968438.000   1646968438.000    6.30000e+02       0.00      90.00   2.51500e+02   3.26500e+02      976.9       13.0           nan           nan     0           1.36510e+02   4.17000e+00  
     2022         3        11         3        16        22        111       7100       5362 1646968582.000   1646968582.000    6.30000e+02       0.00      45.00   2.51500e+02   3.26500e+02      971.5        8.9   6.54300e+01   2.21600e-01     0           2.59190e+02   5.54000e+00  
     2022         3        11         3        18        46        112       7100       5362 1646968726.000   1646968726.000    6.30000e+02      90.00      45.00   2.51500e+02   3.26500e+02      980.4       14.8   2.56600e+01   1.11100e-01     0           1.12250e+02   3.83900e+00  
     2022         3        11         3        21        46        113       7100       5362 1646968906.000   1646968906.000    6.30000e+02     180.00      45.00   2.51500e+02   3.26500e+02      992.0       17.4  -6.91500e+01   3.30900e-01     0           9.29600e+01   3.61900e+00  
     2022         3        11         3        24        10        114       7100       5362 1646969050.000   1646969050.000    6.30000e+02     -90.00      45.00   2.51500e+02   3.26500e+02     1027.5       15.5  -3.51400e+01   1.57800e-01     0           1.16320e+02   3.95700e+00  
     2022         3        11         3        30        10        115       7100       5362 1646969410.000   1646969410.000    6.30000e+02       0.00      90.00   2.51500e+02   3.26500e+02      987.9       14.8           nan           nan     0           1.10680e+02   3.78400e+00  
     2022         3        11         3        32        34        116       7100       5362 1646969554.000   1646969554.000    6.30000e+02       0.00      45.00   2.51500e+02   3.26500e+02      980.3        9.6   6.95400e+01   2.63400e-01     0           2.28390e+02   5.22200e+00  
     2022         3        11         3        34        58        117       7100       5362 1646969698.000   1646969698.000    6.30000e+02      90.00      45.00   2.51500e+02   3.26500e+02     1000.7       18.3   2.54100e+01   1.32100e-01     0           8.48600e+01   3.45400e+00  
     2022         3        11         3        37        22        118       7100       5362 1646969842.000   1646969842.000    6.30000e+02     180.00      45.00   2.51500e+02   3.26500e+02     1050.5       23.1  -6.74700e+01   4.04000e-01     0           6.69400e+01   3.20100e+00  
     2022         3        11         3        39        46        119       7100       5362 1646969986.000   1646969986.000    6.30000e+02     -90.00      45.00   2.51500e+02   3.26500e+02     1012.7       12.9  -1.77800e+01   8.01000e-02     0           1.51920e+02   4.41900e+00  
     2022         3        11         3        42        10        120       7100       5362 1646970130.000   1646970130.000    6.30000e+02       0.00      90.00   2.51500e+02   3.26500e+02      997.6       17.4           nan           nan     0           9.05300e+01   3.52800e+00  
     2022         3        11         3        44        34        121       7100       5362 1646970274.000   1646970274.000    6.30000e+02       0.00      45.00   2.51500e+02   3.26500e+02      989.1       10.7   6.75900e+01   2.96200e-01     0           1.99320e+02   4.96700e+00  
     2022         3        11         3        47        34        122       7100       5362 1646970454.000   1646970454.000    6.30000e+02      90.00      45.00   2.51500e+02   3.26500e+02     1029.9       22.1  -2.16000e+00   1.35000e-02     0           6.52800e+01   3.09200e+00  
     2022         3        11         3        49        58        123       7100       5362 1646970598.000   1646970598.000    6.30000e+02     180.00      45.00   2.51500e+02   3.26500e+02     1071.1       27.6  -1.00270e+02   7.11000e-01     0           5.31600e+01   2.94000e+00  
     2022         3        11         3        52        22        124       7100       5362 1646970742.000   1646970742.000    6.30000e+02     -90.00      45.00   2.51500e+02   3.26500e+02     1014.5       13.5  -1.38800e+01   7.13000e-02     0           1.41790e+02   4.29700e+00  
     2022         3        11         3        58        22        125       7100       5362 1646971102.000   1646971102.000    6.30000e+02       0.00      90.00   2.51500e+02   3.26500e+02     1023.6       22.3           nan           nan     0           6.44500e+01   3.08100e+00  
     2022         3        11         4         0        46        126       7100       5362 1646971246.000   1646971246.000    6.30000e+02       0.00      45.00   2.56500e+02   3.31500e+02     1009.4       12.4   6.88500e+01   3.70900e-01     0           1.57490e+02   4.44700e+00  
     2022         3        11         4         3        46        127       7100       5362 1646971426.000   1646971426.000    6.30000e+02      90.00      45.00   2.56500e+02   3.31500e+02     1042.5       28.6   1.30300e+01   1.04800e-01     0           5.16300e+01   3.00400e+00  
     2022         3        11         4         6        10        128       7100       5362 1646971570.000   1646971570.000    6.30000e+02     180.00      45.00   2.56500e+02   3.31500e+02     1029.2       30.5  -5.93700e+01   5.00300e-01     0           4.58600e+01   2.86000e+00  
     2022         3        11         4         8        34        129       7100       5362 1646971714.000   1646971714.000    6.30000e+02     -90.00      45.00   2.56500e+02   3.31500e+02     1030.9       15.9   7.27000e+00   4.53000e-02     0           1.12020e+02   3.89400e+00  
     2022         3        11         4        10        58        130       7100       5362 1646971858.000   1646971858.000    6.30000e+02       0.00      90.00   2.56500e+02   3.31500e+02     1039.7       26.1           nan           nan     0           5.30700e+01   2.88400e+00  
     2022         3        11         4        13        22        131       7100       5362 1646972002.000   1646972002.000    6.30000e+02       0.00      45.00   2.56500e+02   3.31500e+02     1047.7       14.6   6.07400e+01   3.66600e-01     0           1.31480e+02   4.15500e+00  
     2022         3        11         4        15        46        132       7100       5362 1646972146.000   1646972146.000    6.30000e+02      90.00      45.00   2.56500e+02   3.31500e+02     1075.7       27.2  -1.37700e+01   1.08900e-01     0           5.26100e+01   2.87900e+00  
     2022         3        11         4        18        46        133       7100       5362 1646972326.000   1646972326.000    6.30000e+02     180.00      45.00   2.56500e+02   3.31500e+02     1054.7       29.1  -4.56500e+01   3.74500e-01     0           4.91700e+01   2.89300e+00  
     2022         3        11         4        21        10        134       7100       5362 1646972470.000   1646972470.000    6.30000e+02     -90.00      45.00   2.56500e+02   3.31500e+02     1037.1       17.3   1.92900e+01   1.22600e-01     0           1.00120e+02   3.72500e+00  
     2022         3        11         4        27        10        135       7100       5362 1646972830.000   1646972830.000    6.30000e+02       0.00      90.00   2.56500e+02   3.31500e+02     1043.3       24.1           nan           nan     0           5.91600e+01   2.98600e+00  
     2022         3        11         4        29        34        136       7100       5362 1646972974.000   1646972974.000    6.30000e+02       0.00      45.00   2.56500e+02   3.31500e+02     1051.5       16.4   5.56900e+01   3.34100e-01     0           1.08540e+02   3.81300e+00  
     2022         3        11         4        31        58        137       7100       5362 1646973118.000   1646973118.000    6.30000e+02      90.00      45.00   2.56500e+02   3.31500e+02     1046.6       23.8   1.89100e+01   1.32800e-01     0           6.11800e+01   3.03800e+00  
     2022         3        11         4        34        58        138       7100       5362 1646973298.000   1646973298.000    6.30000e+02     180.00      45.00   2.56500e+02   3.31500e+02     1073.5       25.5  -3.36600e+01   2.40900e-01     0           5.95500e+01   3.06100e+00  
     2022         3        11         4        37        22        139       7100       5362 1646973442.000   1646973442.000    6.30000e+02     -90.00      45.00   2.56500e+02   3.31500e+02     1074.7       16.7   9.28000e+00   5.27000e-02     0           1.11530e+02   3.88800e+00  
     2022         3        11         4        39        46        140       7100       5362 1646973586.000   1646973586.000    6.30000e+02       0.00      90.00   2.56500e+02   3.31500e+02     1043.9       20.7           nan           nan     0           7.28500e+01   3.20800e+00  
     2022         3        11         4        42        10        141       7100       5362 1646973730.000   1646973730.000    6.30000e+02       0.00      45.00   2.56500e+02   3.31500e+02     1032.8       15.7   4.15300e+01   2.23800e-01     0           1.17040e+02   3.98600e+00  
     2022         3        11         4        44        34        142       7100       5362 1646973874.000   1646973874.000    6.30000e+02      90.00      45.00   2.56500e+02   3.31500e+02     1032.0       20.1  -1.00300e+01   5.96000e-02     0           7.56800e+01   3.27200e+00  
     2022         3        11         4        46        58        143       7100       5362 1646974018.000   1646974018.000    6.30000e+02     180.00      45.00   2.56500e+02   3.31500e+02     1009.7       21.3  -2.95400e+01   1.78900e-01     0           7.02900e+01   3.25000e+00  
     2022         3        11         4        49        22        144       7100       5362 1646974162.000   1646974162.000    6.30000e+02     -90.00      45.00   2.56500e+02   3.31500e+02     1025.6       15.1  -4.00000e+00   1.99000e-02     0           1.27180e+02   4.18000e+00  
     2022         3        11         4        55        22        145       7100       5362 1646974522.000   1646974522.000    6.30000e+02       0.00      90.00   2.56500e+02   3.31500e+02     1027.8       16.0           nan           nan     0           1.05680e+02   3.73400e+00  
     2022         3        11         4        57        46        146       7100       5362 1646974666.000   1646974666.000    6.30000e+02       0.00      45.00   2.56500e+02   3.31500e+02     1028.3       12.9   1.38300e+01   5.92000e-02     0           1.51720e+02   4.36400e+00  
     2022         3        11         5         0        46        147       7100       5362 1646974846.000   1646974846.000    6.30000e+02      90.00      45.00   2.53500e+02   3.28500e+02     1030.6       15.6   9.22000e+00   4.23000e-02     0           1.12100e+02   3.84700e+00  
     2022         3        11         5         3        10        148       7100       5362 1646974990.000   1646974990.000    6.30000e+02     180.00      45.00   2.53500e+02   3.28500e+02     1024.3       17.1  -1.17000e+00   5.60000e-03     0           1.01880e+02   3.78200e+00  
     2022         3        11         5         5        34        149       7100       5362 1646975134.000   1646975134.000    6.30000e+02     -90.00      45.00   2.53500e+02   3.28500e+02     1029.4       12.0   8.08000e+00   3.14000e-02     0           1.77730e+02   4.73800e+00  
     2022         3        11         5         7        58        150       7100       5362 1646975278.000   1646975278.000    6.30000e+02       0.00      90.00   2.53500e+02   3.28500e+02      995.8       13.0           nan           nan     0           1.45170e+02   4.31600e+00  
     2022         3        11         5        10        22        151       7100       5362 1646975422.000   1646975422.000    6.30000e+02       0.00      45.00   2.53500e+02   3.28500e+02     1024.5       10.2   2.99400e+01   1.03300e-01     0           2.23360e+02   5.18200e+00  
     2022         3        11         5        12        46        152       7100       5362 1646975566.000   1646975566.000    6.30000e+02      90.00      45.00   2.53500e+02   3.28500e+02      999.3       12.6   9.52000e+00   3.61000e-02     0           1.48510e+02   4.30100e+00  
     2022         3        11         5        15        10        153       7100       5362 1646975710.000   1646975710.000    6.30000e+02     180.00      45.00   2.53500e+02   3.28500e+02      989.3       13.8   1.67700e+01   6.59000e-02     0           1.33320e+02   4.19300e+00  
     2022         3        11         5        18        10        154       7100       5362 1646975890.000   1646975890.000    6.30000e+02     -90.00      45.00   2.53500e+02   3.28500e+02     1009.0       10.1  -4.54000e+00   1.49000e-02     0           2.24860e+02   5.23200e+00  
     2022         3        11         5        24        10        155       7100       5362 1646976250.000   1646976250.000    6.30000e+02       0.00      90.00   2.53500e+02   3.28500e+02     1002.8       10.8           nan           nan     0           1.92980e+02   4.83700e+00  
     2022         3        11         5        26        34        156       7100       5362 1646976394.000   1646976394.000    6.30000e+02       0.00      45.00   2.53500e+02   3.28500e+02     1008.2        7.8   2.04600e+01   5.64000e-02     1           3.43360e+02   6.30200e+00  
     2022         3        11         5        28        58        157       7100       5362 1646976538.000   1646976538.000    6.30000e+02      90.00      45.00   2.53500e+02   3.28500e+02      978.5       10.2   2.31200e+01   7.15000e-02     0           2.09690e+02   5.05300e+00  
     2022         3        11         5        31        22        158       7100       5362 1646976682.000   1646976682.000    6.30000e+02     180.00      45.00   2.53500e+02   3.28500e+02      977.4       10.7   1.09400e+01   3.41000e-02     0           1.93280e+02   4.87700e+00  
     2022         3        11         5        33        46        159       7100       5362 1646976826.000   1646976826.000    6.30000e+02     -90.00      45.00   2.53500e+02   3.28500e+02      993.1        8.0  -9.70000e+00   2.58000e-02     1           3.28070e+02   6.20600e+00  
     2022         3        11         5        36        10        160       7100       5362 1646976970.000   1646976970.000    6.30000e+02       0.00      90.00   2.53500e+02   3.28500e+02      988.0        9.3           nan           nan     0           2.43050e+02   5.35300e+00  
     2022         3        11         5        38        34        161       7100       5362 1646977114.000   1646977114.000    6.30000e+02       0.00      45.00   2.53500e+02   3.28500e+02      986.6        6.9   2.85000e+00   6.90000e-03     1           4.12070e+02   6.85300e+00  
     2022         3        11         5        41        34        162       7100       5362 1646977294.000   1646977294.000    6.30000e+02      90.00      45.00   2.53500e+02   3.28500e+02      969.6        8.8   1.48800e+01   3.97000e-02     1           2.59550e+02   5.52000e+00  
     2022         3        11         5        43        58        163       7100       5362 1646977438.000   1646977438.000    6.30000e+02     180.00      45.00   2.53500e+02   3.28500e+02      971.3        9.0   2.06900e+01   5.53000e-02     0           2.54420e+02   5.51700e+00  
     2022         3        11         5        46        22        164       7100       5362 1646977582.000   1646977582.000    6.30000e+02     -90.00      45.00   2.53500e+02   3.28500e+02      979.6        6.9  -2.26800e+01   5.21000e-02     1           4.12880e+02   6.87200e+00  
     2022         3        11         5        52        22        165       7100       5362 1646977942.000   1646977942.000    6.30000e+02       0.00      90.00   2.53500e+02   3.28500e+02      952.7        7.4           nan           nan     1           3.36610e+02   6.18800e+00  
     2022         3        11         5        54        46        166       7100       5362 1646978086.000   1646978086.000    6.30000e+02       0.00      45.00   2.53500e+02   3.28500e+02      975.7        6.2  -1.08300e+01   2.26000e-02     1           4.87840e+02   7.39100e+00  
     2022         3        11         5        57        46        167       7100       5362 1646978266.000   1646978266.000    6.30000e+02      90.00      45.00   2.53500e+02   3.28500e+02      956.5        7.4   1.46200e+01   3.33000e-02     1           3.46550e+02   6.31600e+00  
     2022         3        11         6         0        10        168       7100       5362 1646978410.000   1646978410.000    6.30000e+02     180.00      45.00   2.52500e+02   3.27500e+02      953.4        7.4   2.74600e+01   6.22000e-02     1           3.46230e+02   6.31500e+00  
     2022         3        11         6         2        34        169       7100       5362 1646978554.000   1646978554.000    6.30000e+02     -90.00      45.00   2.52500e+02   3.27500e+02      960.3        6.3  -2.05400e+01   4.29000e-02     1           4.66900e+02   7.25100e+00  
     2022         3        11         6         4        58        170       7100       5362 1646978698.000   1646978698.000    6.30000e+02       0.00      90.00   2.52500e+02   3.27500e+02      947.0        7.1           nan           nan     1           3.56730e+02   6.38100e+00  
     2022         3        11         6         7        22        171       7100       5362 1646978842.000   1646978842.000    6.30000e+02       0.00      45.00   2.52500e+02   3.27500e+02      956.2        6.2  -2.10300e+01   4.34000e-02     1           4.76610e+02   7.33000e+00  
     2022         3        11         6         9        46        172       7100       5362 1646978986.000   1646978986.000    6.30000e+02      90.00      45.00   2.52500e+02   3.27500e+02      922.2        6.8   1.07800e+01   2.35000e-02     1           3.73210e+02   6.55100e+00  
     2022         3        11         6        12        46        173       7100       5362 1646979166.000   1646979166.000    6.30000e+02     180.00      45.00   2.52500e+02   3.27500e+02      934.6        6.8   4.08100e+01   8.79000e-02     1           3.89350e+02   6.67100e+00  
     2022         3        11         6        15        10        174       7100       5362 1646979310.000   1646979310.000    6.30000e+02     -90.00      45.00   2.52500e+02   3.27500e+02      960.8        6.0  -2.29200e+01   4.59000e-02     1           5.15050e+02   7.61800e+00  
     2022         3        11         6        21        10        175       7100       5362 1646979670.000   1646979670.000    6.30000e+02       0.00      90.00   2.52500e+02   3.27500e+02      933.3        6.7           nan           nan     1           3.79280e+02   6.54000e+00  
     2022         3        11         6        23        34        176       7100       5362 1646979814.000   1646979814.000    6.30000e+02       0.00      45.00   2.52500e+02   3.27500e+02      925.9        5.8  -2.48600e+01   4.96000e-02     1           4.97620e+02   7.45100e+00  
     2022         3        11         6        25        58        177       7100       5362 1646979958.000   1646979958.000    6.30000e+02      90.00      45.00   2.52500e+02   3.27500e+02      928.7        7.4   1.94800e+01   4.42000e-02     1           3.30500e+02   6.18700e+00  
     2022         3        11         6        28        22        178       7100       5362 1646980102.000   1646980102.000    6.30000e+02     180.00      45.00   2.52500e+02   3.27500e+02      904.8        7.0   4.71500e+01   1.06900e-01     1           3.44470e+02   6.30900e+00  
     2022         3        11         6        31        22        179       7100       5362 1646980282.000   1646980282.000    6.30000e+02     -90.00      45.00   2.52500e+02   3.27500e+02      941.0        6.3  -1.92800e+01   4.12000e-02     1           4.44730e+02   7.09300e+00  
     2022         3        11         6        33        46        180       7100       5362 1646980426.000   1646980426.000    6.30000e+02       0.00      90.00   2.52500e+02   3.27500e+02      934.0        7.5           nan           nan     1           3.24290e+02   6.12000e+00  
     2022         3        11         6        36        10        181       7100       5362 1646980570.000   1646980570.000    6.30000e+02       0.00      45.00   2.52500e+02   3.27500e+02      930.2        6.5  -2.67900e+01   5.98000e-02     1           4.06540e+02   6.76100e+00  
     2022         3        11         6        38        34        182       7100       5362 1646980714.000   1646980714.000    6.30000e+02      90.00      45.00   2.52500e+02   3.27500e+02      925.7        8.6   2.47500e+01   6.45000e-02     1           2.52730e+02   5.47200e+00  
     2022         3        11         6        40        58        183       7100       5362 1646980858.000   1646980858.000    6.30000e+02     180.00      45.00   2.52500e+02   3.27500e+02      922.2        8.2   3.51700e+01   9.16000e-02     1           2.74970e+02   5.72200e+00  
     2022         3        11         6        43        22        184       7100       5362 1646981002.000   1646981002.000    6.30000e+02     -90.00      45.00   2.52500e+02   3.27500e+02      934.5        7.1  -2.93400e+01   7.18000e-02     1           3.51350e+02   6.33100e+00  
     2022         3        11         6        49        22        185       7100       5362 1646981362.000   1646981362.000    6.30000e+02       0.00      90.00   2.52500e+02   3.27500e+02      925.0        9.0           nan           nan     0           2.26750e+02   5.19000e+00  
     2022         3        11         6        51        46        186       7100       5362 1646981506.000   1646981506.000    6.30000e+02       0.00      45.00   2.52500e+02   3.27500e+02      923.1        8.4  -2.89000e+01   8.11000e-02     1           2.56110e+02   5.46400e+00  
     2022         3        11         6        54        46        187       7100       5362 1646981686.000   1646981686.000    6.30000e+02      90.00      45.00   2.52500e+02   3.27500e+02      917.4       11.1   2.51700e+01   8.34000e-02     0           1.63920e+02   4.54900e+00  
     2022         3        11         6        57        10        188       7100       5362 1646981830.000   1646981830.000    6.30000e+02     180.00      45.00   2.52500e+02   3.27500e+02      915.5        9.8   3.82600e+01   1.20100e-01     0           1.98400e+02   4.91000e+00  
     2022         3        11         6        59        34        189       7100       5362 1646981974.000   1646981974.000    6.30000e+02     -90.00      45.00   2.49500e+02   3.24500e+02      941.8        9.1  -3.24700e+01   9.84000e-02     0           2.34890e+02   5.28300e+00  
     2022         3        11         7         1        58        190       7100       5362 1646982118.000   1646982118.000    6.30000e+02       0.00      90.00   2.49500e+02   3.24500e+02      903.1       10.2           nan           nan     0           1.71000e+02   4.52200e+00  
     2022         3        11         7         4        22        191       7100       5362 1646982262.000   1646982262.000    6.30000e+02       0.00      45.00   2.49500e+02   3.24500e+02      913.8        9.6  -2.39000e+01   7.85000e-02     0           1.99200e+02   4.89600e+00  
     2022         3        11         7         6        46        192       7100       5362 1646982406.000   1646982406.000    6.30000e+02      90.00      45.00   2.49500e+02   3.24500e+02      903.4       12.8   2.76700e+01   1.08100e-01     0           1.25760e+02   4.06200e+00  
     2022         3        11         7         9        10        193       7100       5362 1646982550.000   1646982550.000    6.30000e+02     180.00      45.00   2.49500e+02   3.24500e+02      906.8       10.8   2.95400e+01   1.07900e-01     0           1.62420e+02   4.48700e+00  
     2022         3        11         7        12        10        194       7100       5362 1646982730.000   1646982730.000    6.30000e+02     -90.00      45.00   2.49500e+02   3.24500e+02      925.7       10.5  -3.97000e+01   1.44600e-01     0           1.75750e+02   4.63400e+00  
     2022         3        11         7        18        10        195       7100       5362 1646983090.000   1646983090.000    6.30000e+02       0.00      90.00   2.49500e+02   3.24500e+02      908.0       13.0           nan           nan     0           1.17590e+02   3.87200e+00  
     2022         3        11         7        20        34        196       7100       5362 1646983234.000   1646983234.000    6.30000e+02       0.00      45.00   2.49500e+02   3.24500e+02      908.0       12.2  -2.74500e+01   1.16100e-01     0           1.34100e+02   4.12900e+00  
     2022         3        11         7        22        58        197       7100       5362 1646983378.000   1646983378.000    6.30000e+02      90.00      45.00   2.49500e+02   3.24500e+02      886.0       15.3   3.01700e+01   1.48000e-01     0           9.01300e+01   3.50400e+00  
     2022         3        11         7        25        22        198       7100       5362 1646983522.000   1646983522.000    6.30000e+02     180.00      45.00   2.49500e+02   3.24500e+02      891.2       13.3   1.73100e+01   8.05000e-02     0           1.13400e+02   3.85500e+00  
     2022         3        11         7        27        46        199       7100       5362 1646983666.000   1646983666.000    6.30000e+02     -90.00      45.00   2.49500e+02   3.24500e+02      914.9       13.2  -4.74600e+01   2.22100e-01     0           1.22460e+02   4.01100e+00  
     2022         3        11         7        30        10        200       7100       5362 1646983810.000   1646983810.000    6.30000e+02       0.00      90.00   2.49500e+02   3.24500e+02      898.8       16.0           nan           nan     0           8.50100e+01   3.40700e+00  
     2022         3        11         7        32        34        201       7100       5362 1646983954.000   1646983954.000    6.30000e+02       0.00      45.00   2.49500e+02   3.24500e+02      892.9       14.6  -1.44700e+01   7.46000e-02     0           9.68400e+01   3.59000e+00  
     2022         3        11         7        35        34        202       7100       5362 1646984134.000   1646984134.000    6.30000e+02      90.00      45.00   2.49500e+02   3.24500e+02      881.7       18.6   4.66600e+01   2.80800e-01     0           6.93600e+01   3.22000e+00  
     2022         3        11         7        37        58        203       7100       5362 1646984278.000   1646984278.000    6.30000e+02     180.00      45.00   2.49500e+02   3.24500e+02      870.9       14.6   2.66100e+01   1.42800e-01     0           9.41400e+01   3.57000e+00  
     2022         3        11         7        40        22        204       7100       5362 1646984422.000   1646984422.000    6.30000e+02     -90.00      45.00   2.49500e+02   3.24500e+02      901.8       15.1  -4.22300e+01   2.31500e-01     0           9.58600e+01   3.60600e+00  
     2022         3        11         7        46        22        205       7100       5362 1646984782.000   1646984782.000    6.30000e+02       0.00      90.00   2.49500e+02   3.24500e+02      885.6       19.0           nan           nan     0           6.58100e+01   3.11200e+00  
     2022         3        11         7        48        46        206       7100       5362 1646984926.000   1646984926.000    6.30000e+02       0.00      45.00   2.49500e+02   3.24500e+02      892.4       17.2   4.16000e+00   2.54000e-02     0           7.64000e+01   3.27800e+00  
     2022         3        11         7        51        46        207       7100       5362 1646985106.000   1646985106.000    6.30000e+02      90.00      45.00   2.49500e+02   3.24500e+02      872.1       17.9   3.96300e+01   2.52700e-01     0           7.18900e+01   3.25700e+00  
     2022         3        11         7        54        10        208       7100       5362 1646985250.000   1646985250.000    6.30000e+02     180.00      45.00   2.49500e+02   3.24500e+02      884.3       16.4   2.18200e+01   1.33800e-01     0           8.36100e+01   3.45200e+00  
     2022         3        11         7        56        34        209       7100       5362 1646985394.000   1646985394.000    6.30000e+02     -90.00      45.00   2.49500e+02   3.24500e+02      908.2       17.8  -4.63600e+01   2.93400e-01     0           7.89800e+01   3.41100e+00  
     2022         3        11         7        58        58        210       7100       5362 1646985538.000   1646985538.000    6.30000e+02       0.00      90.00   2.47500e+02   3.22500e+02      876.8       20.0           nan           nan     0           6.15800e+01   3.07000e+00  
     2022         3        11         8         1        22        211       7100       5362 1646985682.000   1646985682.000    6.30000e+02       0.00      45.00   2.47500e+02   3.22500e+02      898.4       18.1   2.09800e+01   1.37100e-01     0           7.63700e+01   3.38400e+00  
     2022         3        11         8         3        46        212       7100       5362 1646985826.000   1646985826.000    6.30000e+02      90.00      45.00   2.47500e+02   3.22500e+02      905.5       15.0   4.16800e+01   2.54500e-01     1           1.21460e+02   4.35800e+00  
     2022         3        11         8         6        10        213       7100       5362 1646985970.000   1646985970.000    6.30000e+02     180.00      45.00   2.47500e+02   3.22500e+02      930.5       17.5   2.60400e+01   1.71000e-01     1           1.02410e+02   4.11800e+00  
     2022         3        11         8         9        10        214       7100       5362 1646986150.000   1646986150.000    6.30000e+02     -90.00      45.00   2.47500e+02   3.22500e+02      961.3       22.7  -3.26100e+01   2.47600e-01     1           8.03900e+01   3.95500e+00  
     2022         3        11         8        14        34        215       7100       5362 1646986474.000   1646986474.000    6.30000e+02       0.00      90.00   2.47500e+02   3.22500e+02      962.3       22.6           nan           nan     1           1.06170e+02   5.02400e+00  
     2022         3        11         8        17        34        216       7100       5362 1646986654.000   1646986654.000    6.30000e+02       0.00      45.00   2.47500e+02   3.22500e+02     1044.8       22.0   2.84800e+01   2.18300e-01     2           1.67430e+02   6.96000e+00  
