   YEAR     MONTH      DAY       HOUR      MIN       SEC       RECNO     KINDAT      KINST       UT1_UNIX        UT2_UNIX        WAVLEN        AZM        ELM         ALTB          ALTE         TN         DTN        VNHLU         DVNHLU     FPI_DATAQUAL      RLE           DRLE     
     2021        10         7        21        30        10          0       7100       5362 1633642210.000   1633642210.000    6.30000e+02       0.00      90.00   1.79500e+02   2.54500e+02     1113.9       29.9           nan           nan     1           8.53500e+01   4.60400e+00  
     2021        10         7        21        32        34          1       7100       5362 1633642354.000   1633642354.000    6.30000e+02       0.00      45.00   1.79500e+02   2.54500e+02     1095.5       36.3   1.59300e+01   1.76800e-01     2           6.43500e+01   4.22700e+00  
     2021        10         7        21        34        58          2       7100       5362 1633642498.000   1633642498.000    6.30000e+02      90.00      45.00   1.79500e+02   2.54500e+02     1000.1       30.6   1.27200e+01   1.27000e-01     1           5.48400e+01   3.43000e+00  
     2021        10         7        21        37        22          3       7100       5362 1633642642.000   1633642642.000    6.30000e+02     180.00      45.00   1.79500e+02   2.54500e+02     1017.5       29.5   1.35800e+01   1.30200e-01     0           5.40900e+01   3.25900e+00  
     2021        10         7        21        39        46          4       7100       5362 1633642786.000   1633642786.000    6.30000e+02     -90.00      45.00   1.79500e+02   2.54500e+02     1000.7       35.0   1.38000e+00   1.49000e-02     1           4.79900e+01   3.39000e+00  
     2021        10         7        21        42        10          5       7100       5362 1633642930.000   1633642930.000    6.30000e+02       0.00      90.00   1.79500e+02   2.54500e+02     1042.7       27.4           nan           nan     0           6.08000e+01   3.35000e+00  
     2021        10         7        21        45        10          6       7100       5362 1633643110.000   1633643110.000    6.30000e+02       0.00      45.00   1.79500e+02   2.54500e+02     1047.0       36.1   8.08000e+00   8.51000e-02     1           5.65600e+01   3.88900e+00  
     2021        10         7        21        47        34          7       7100       5362 1633643254.000   1633643254.000    6.30000e+02      90.00      45.00   1.79500e+02   2.54500e+02      980.8       27.6   1.42500e+01   1.25300e-01     0           5.47300e+01   3.22000e+00  
     2021        10         7        21        49        58          8       7100       5362 1633643398.000   1633643398.000    6.30000e+02     180.00      45.00   1.79500e+02   2.54500e+02     1004.2       25.0   6.28000e+00   5.02000e-02     0           6.16900e+01   3.26800e+00  
     2021        10         7        21        52        22          9       7100       5362 1633643542.000   1633643542.000    6.30000e+02     -90.00      45.00   1.79500e+02   2.54500e+02     1022.5       24.7   1.30000e-01   1.00000e-03     1           7.87300e+01   3.94600e+00  
     2021        10         7        21        58        22         10       7100       5362 1633643902.000   1633643902.000    6.30000e+02       0.00      90.00   1.79500e+02   2.54500e+02      985.5       17.8           nan           nan     0           1.04090e+02   4.06500e+00  
     2021        10         7        22         0        46         11       7100       5362 1633644046.000   1633644046.000    6.30000e+02       0.00      45.00   1.91500e+02   2.66500e+02      988.0       24.1   1.93400e+01   1.39300e-01     1           9.24600e+01   4.57200e+00  
     2021        10         7        22         3        46         12       7100       5362 1633644226.000   1633644226.000    6.30000e+02      90.00      45.00   1.91500e+02   2.66500e+02      973.6       23.3   2.12300e+01   1.46400e-01     0           7.04200e+01   3.56000e+00  
     2021        10         7        22         6        10         13       7100       5362 1633644370.000   1633644370.000    6.30000e+02     180.00      45.00   1.91500e+02   2.66500e+02      955.1       24.0   2.05100e+01   1.44500e-01     0           6.25300e+01   3.32700e+00  
     2021        10         7        22         8        34         14       7100       5362 1633644514.000   1633644514.000    6.30000e+02     -90.00      45.00   1.91500e+02   2.66500e+02      957.8       24.9   3.96000e+00   2.85000e-02     1           7.00600e+01   3.76800e+00  
     2021        10         7        22        10        58         15       7100       5362 1633644658.000   1633644658.000    6.30000e+02       0.00      90.00   1.91500e+02   2.66500e+02      948.8       16.0           nan           nan     0           1.12410e+02   4.14300e+00  
     2021        10         7        22        13        22         16       7100       5362 1633644802.000   1633644802.000    6.30000e+02       0.00      45.00   1.91500e+02   2.66500e+02      957.0       18.9   1.70100e+01   1.02800e-01     1           1.12880e+02   4.65200e+00  
     2021        10         7        22        18        10         17       7100       5362 1633645090.000   1633645090.000    6.30000e+02     180.00      45.00   1.91500e+02   2.66500e+02      923.8       13.5   2.34500e+01   1.18500e-01     0           1.37050e+02   4.42900e+00  
     2021        10         7        22        26        34         18       7100       5362 1633645594.000   1633645594.000    6.30000e+02       0.00      90.00   1.91500e+02   2.66500e+02      938.3       16.1           nan           nan     0           1.08710e+02   4.08000e+00  
     2021        10         7        22        29        34         19       7100       5362 1633645774.000   1633645774.000    6.30000e+02       0.00      45.00   1.91500e+02   2.66500e+02      928.9       22.5   1.15800e+01   7.81000e-02     1           8.63500e+01   4.28300e+00  
     2021        10         7        22        31        58         20       7100       5362 1633645918.000   1633645918.000    6.30000e+02      90.00      45.00   1.91500e+02   2.66500e+02      901.5       17.0   9.33000e+00   5.29000e-02     0           9.67400e+01   3.93800e+00  
     2021        10         7        22        34        22         21       7100       5362 1633646062.000   1633646062.000    6.30000e+02     180.00      45.00   1.91500e+02   2.66500e+02      884.1       15.2   1.45400e+01   7.82000e-02     0           1.04080e+02   3.94200e+00  
     2021        10         7        22        36        46         22       7100       5362 1633646206.000   1633646206.000    6.30000e+02     -90.00      45.00   1.91500e+02   2.66500e+02      898.4       20.4   1.23500e+01   7.77000e-02     1           8.32700e+01   3.95500e+00  
     2021        10         7        22        39        10         23       7100       5362 1633646350.000   1633646350.000    6.30000e+02       0.00      90.00   1.91500e+02   2.66500e+02      885.0       14.7           nan           nan     0           1.12520e+02   4.11100e+00  
     2021        10         7        22        41        34         24       7100       5362 1633646494.000   1633646494.000    6.30000e+02       0.00      45.00   1.91500e+02   2.66500e+02      893.1       18.9   1.81000e+01   1.09800e-01     1           1.00670e+02   4.44600e+00  
     2021        10         7        22        43        58         25       7100       5362 1633646638.000   1633646638.000    6.30000e+02      90.00      45.00   1.91500e+02   2.66500e+02      872.8       18.1   2.44000e+01   1.44000e-01     0           8.15200e+01   3.64600e+00  
     2021        10         7        22        46        58         26       7100       5362 1633646818.000   1633646818.000    6.30000e+02     180.00      45.00   1.91500e+02   2.66500e+02      888.9       22.3   1.38700e+01   9.19000e-02     0           6.17300e+01   3.29400e+00  
     2021        10         7        22        49        22         27       7100       5362 1633646962.000   1633646962.000    6.30000e+02     -90.00      45.00   1.91500e+02   2.66500e+02      894.4       19.5   1.59000e+00   9.70000e-03     1           8.60400e+01   3.95200e+00  
     2021        10         7        22        55        22         28       7100       5362 1633647322.000   1633647322.000    6.30000e+02       0.00      90.00   1.91500e+02   2.66500e+02      887.7       15.0           nan           nan     0           1.08650e+02   4.03400e+00  
     2021        10         7        22        57        46         29       7100       5362 1633647466.000   1633647466.000    6.30000e+02       0.00      45.00   1.91500e+02   2.66500e+02      877.5       17.9   9.90000e-01   5.90000e-03     1           1.02970e+02   4.40800e+00  
     2021        10         7        23         0        10         30       7100       5362 1633647610.000   1633647610.000    6.30000e+02      90.00      45.00   2.03500e+02   2.78500e+02      876.3       17.5   9.76000e+00   5.74000e-02     0           8.76100e+01   3.76500e+00  
     2021        10         7        23         2        34         31       7100       5362 1633647754.000   1633647754.000    6.30000e+02     180.00      45.00   2.03500e+02   2.78500e+02      850.3       15.7   7.73000e+00   4.42000e-02     0           9.20800e+01   3.73200e+00  
     2021        10         7        23         4        58         32       7100       5362 1633647898.000   1633647898.000    6.30000e+02     -90.00      45.00   2.03500e+02   2.78500e+02      854.5       19.4   9.17000e+00   6.03000e-02     1           7.95200e+01   3.81200e+00  
     2021        10         7        23         7        22         33       7100       5362 1633648042.000   1633648042.000    6.30000e+02       0.00      90.00   2.03500e+02   2.78500e+02      856.7       16.6           nan           nan     0           8.77300e+01   3.70700e+00  
     2021        10         7        23        10        22         34       7100       5362 1633648222.000   1633648222.000    6.30000e+02       0.00      45.00   2.03500e+02   2.78500e+02      872.8       24.1   1.30000e+01   9.95000e-02     1           7.17100e+01   4.03700e+00  
     2021        10         7        23        12        46         35       7100       5362 1633648366.000   1633648366.000    6.30000e+02      90.00      45.00   2.03500e+02   2.78500e+02      828.7       21.2   3.98000e+00   2.82000e-02     0           6.08900e+01   3.29600e+00  
     2021        10         7        23        15        10         36       7100       5362 1633648510.000   1633648510.000    6.30000e+02     180.00      45.00   2.03500e+02   2.78500e+02      831.7       18.5   7.38000e+00   4.91000e-02     0           7.30100e+01   3.48400e+00  
     2021        10         7        23        17        34         37       7100       5362 1633648654.000   1633648654.000    6.30000e+02     -90.00      45.00   2.03500e+02   2.78500e+02      894.3       25.0   7.00000e-01   5.50000e-03     1           6.52600e+01   3.74400e+00  
     2021        10         7        23        23        34         38       7100       5362 1633649014.000   1633649014.000    6.30000e+02       0.00      90.00   2.03500e+02   2.78500e+02      856.7       18.8           nan           nan     0           7.60400e+01   3.57500e+00  
     2021        10         7        23        25        58         39       7100       5362 1633649158.000   1633649158.000    6.30000e+02       0.00      45.00   2.03500e+02   2.78500e+02      869.8       26.7   9.14000e+00   7.98000e-02     1           6.26500e+01   3.88800e+00  
     2021        10         7        23        28        22         40       7100       5362 1633649302.000   1633649302.000    6.30000e+02      90.00      45.00   2.03500e+02   2.78500e+02      855.3       21.1   1.73200e+01   1.31300e-01     0           6.43000e+01   3.36800e+00  
     2021        10         7        23        30        46         41       7100       5362 1633649446.000   1633649446.000    6.30000e+02     180.00      45.00   2.03500e+02   2.78500e+02      842.6       14.7   1.90300e+01   1.23700e-01     0           1.01880e+02   3.90800e+00  
     2021        10         7        23        33        46         42       7100       5362 1633649626.000   1633649626.000    6.30000e+02     -90.00      45.00   2.03500e+02   2.78500e+02      836.9       14.3   4.56000e+00   3.01000e-02     1           1.19850e+02   4.41600e+00  
     2021        10         7        23        38        34         43       7100       5362 1633649914.000   1633649914.000    6.30000e+02       0.00      45.00   2.03500e+02   2.78500e+02      883.8       22.1   1.25900e+01   1.04300e-01     1           8.14200e+01   4.17100e+00  
     2021        10         7        23        40        58         44       7100       5362 1633650058.000   1633650058.000    6.30000e+02      90.00      45.00   2.03500e+02   2.78500e+02      854.5       21.7   3.06900e+01   2.55900e-01     0           6.07700e+01   3.27300e+00  
     2021        10         7        23        43        22         45       7100       5362 1633650202.000   1633650202.000    6.30000e+02     180.00      45.00   2.03500e+02   2.78500e+02      844.2       19.3   8.30000e+00   6.68000e-02     0           6.80600e+01   3.35100e+00  
     2021        10         7        23        45        46         46       7100       5362 1633650346.000   1633650346.000    6.30000e+02     -90.00      45.00   2.03500e+02   2.78500e+02      855.7       24.0   5.51000e+00   5.06000e-02     1           6.09500e+01   3.53600e+00  
     2021        10         7        23        51        46         47       7100       5362 1633650706.000   1633650706.000    6.30000e+02       0.00      90.00   2.03500e+02   2.78500e+02      879.8       26.8           nan           nan     0           4.86600e+01   3.08500e+00  
     2021        10         7        23        54        10         48       7100       5362 1633650850.000   1633650850.000    6.30000e+02       0.00      45.00   2.03500e+02   2.78500e+02      906.1       35.5   5.64000e+00   6.43000e-02     2           4.80600e+01   3.72500e+00  
     2021        10         7        23        57        10         49       7100       5362 1633651030.000   1633651030.000    6.30000e+02      90.00      45.00   2.03500e+02   2.78500e+02      864.7       22.6   1.96300e+01   1.74200e-01     0           5.85300e+01   3.24300e+00  
     2021        10         7        23        59        34         50       7100       5362 1633651174.000   1633651174.000    6.30000e+02     180.00      45.00   2.14500e+02   2.89500e+02      840.5       19.6   1.96700e+01   1.62600e-01     0           6.20100e+01   3.13400e+00  
     2021        10         8         0         1        58         51       7100       5362 1633651318.000   1633651318.000    6.30000e+02     -90.00      45.00   2.14500e+02   2.89500e+02      900.0       27.2   1.93900e+01   1.86000e-01     0           5.19400e+01   3.25300e+00  
     2021        10         8         0         4        22         52       7100       5362 1633651462.000   1633651462.000    6.30000e+02       0.00      90.00   2.14500e+02   2.89500e+02      871.1       24.4           nan           nan     0           5.12500e+01   3.03900e+00  
     2021        10         8         0         6        46         53       7100       5362 1633651606.000   1633651606.000    6.30000e+02       0.00      45.00   2.14500e+02   2.89500e+02      867.7       39.2   1.33300e+01   1.65200e-01     2           3.83300e+01   3.41300e+00  
     2021        10         8         0         9        10         54       7100       5362 1633651750.000   1633651750.000    6.30000e+02      90.00      45.00   2.14500e+02   2.89500e+02      860.6       27.8   2.27100e+01   2.34700e-01     0           4.26300e+01   2.87400e+00  
     2021        10         8         0        11        34         55       7100       5362 1633651894.000   1633651894.000    6.30000e+02     180.00      45.00   2.14500e+02   2.89500e+02      858.9       27.7   3.19400e+01   3.41000e-01     0           4.19900e+01   2.83100e+00  
     2021        10         8         0        13        58         56       7100       5362 1633652038.000   1633652038.000    6.30000e+02     -90.00      45.00   2.14500e+02   2.89500e+02      973.0       62.7   2.78500e+01   4.92600e-01     2           2.34600e+01   2.93200e+00  
     2021        10         8         0        19        58         57       7100       5362 1633652398.000   1633652398.000    6.30000e+02       0.00      90.00   2.14500e+02   2.89500e+02      911.8       37.0           nan           nan     0           3.18500e+01   2.64500e+00  
     2021        10         8         0        22        58         58       7100       5362 1633652578.000   1633652578.000    6.30000e+02       0.00      45.00   2.14500e+02   2.89500e+02      885.0       54.7   2.33500e+01   4.32300e-01     2           2.73900e+01   3.27600e+00  
     2021        10         8         0        25        22         59       7100       5362 1633652722.000   1633652722.000    6.30000e+02      90.00      45.00   2.14500e+02   2.89500e+02      900.0       51.1  -6.37000e+00   1.17100e-01     2           2.18300e+01   2.46600e+00  
     2021        10         8         0        27        46         60       7100       5362 1633652866.000   1633652866.000    6.30000e+02     180.00      45.00   2.14500e+02   2.89500e+02      909.5       46.3   2.24500e+01   3.99800e-01     1           2.35800e+01   2.41800e+00  
     2021        10         8         0        30        10         61       7100       5362 1633653010.000   1633653010.000    6.30000e+02     -90.00      45.00   2.14500e+02   2.89500e+02     1016.5       68.7   2.51400e+01   5.64300e-01     2           2.31700e+01   3.02100e+00  
     2021        10         8         0        32        34         62       7100       5362 1633653154.000   1633653154.000    6.30000e+02       0.00      90.00   2.14500e+02   2.89500e+02      967.0       58.2           nan           nan     2           2.12400e+01   2.52200e+00  
     2021        10         8         0        37        22         63       7100       5362 1633653442.000   1633653442.000    6.30000e+02      90.00      45.00   2.14500e+02   2.89500e+02      956.9       67.7   4.46800e+01   1.08870e+00     2           1.74500e+01   2.41300e+00  
     2021        10         8         0        40        22         64       7100       5362 1633653622.000   1633653622.000    6.30000e+02     180.00      45.00   2.14500e+02   2.89500e+02      926.5       63.1   4.92400e+01   1.17040e+00     2           1.70900e+01   2.29200e+00  
     2021        10         8         0        42        46         65       7100       5362 1633653766.000   1633653766.000    6.30000e+02     -90.00      45.00   2.14500e+02   2.89500e+02     1060.0       82.5   3.04900e+01   8.64800e-01     2           1.96800e+01   2.93300e+00  
     2021        10         8         0        48        46         66       7100       5362 1633654126.000   1633654126.000    6.30000e+02       0.00      90.00   2.14500e+02   2.89500e+02      951.7       73.0           nan           nan     2           1.54300e+01   2.30900e+00  
     2021        10         8         0        53        34         67       7100       5362 1633654414.000   1633654414.000    6.30000e+02      90.00      45.00   2.14500e+02   2.89500e+02      934.4      106.6   1.12870e+02   4.00680e+00     2           1.00500e+01   2.19100e+00  
     2021        10         8         0        55        58         68       7100       5362 1633654558.000   1633654558.000    6.30000e+02     180.00      45.00   2.14500e+02   2.89500e+02      998.4      117.1   2.46200e+01   9.38000e-01     2           9.54000e+00   2.13400e+00  
     2021        10         8         1         0        46         69       7100       5362 1633654846.000   1633654846.000    6.30000e+02       0.00      90.00   2.25500e+02   3.00500e+02      939.3       98.1           nan           nan     2           1.13800e+01   2.27700e+00  
     2021        10         8         1         6        10         70       7100       5362 1633655170.000   1633655170.000    6.30000e+02      90.00      45.00   2.25500e+02   3.00500e+02      988.3       83.6  -4.16800e+01   1.30900e+00     2           1.39800e+01   2.29000e+00  
     2021        10         8         1         8        34         71       7100       5362 1633655314.000   1633655314.000    6.30000e+02     180.00      45.00   2.25500e+02   3.00500e+02      924.8       65.2   4.15300e+01   1.12200e+00     2           1.62500e+01   2.25600e+00  
     2021        10         8         1        10        58         72       7100       5362 1633655458.000   1633655458.000    6.30000e+02     -90.00      45.00   2.25500e+02   3.00500e+02     1137.7       98.0   2.84900e+01   8.60700e-01     2           1.80900e+01   2.96000e+00  
     2021        10         8         1        16        58         73       7100       5362 1633655818.000   1633655818.000    6.30000e+02       0.00      90.00   2.25500e+02   3.00500e+02      902.0       54.7           nan           nan     2           2.01200e+01   2.41800e+00  
     2021        10         8         1        21        46         74       7100       5362 1633656106.000   1633656106.000    6.30000e+02      90.00      45.00   2.25500e+02   3.00500e+02     1078.9      114.5   6.80400e+01   2.39000e+00     2           1.08500e+01   2.20100e+00  
     2021        10         8         1        24        10         75       7100       5362 1633656250.000   1633656250.000    6.30000e+02     180.00      45.00   2.25500e+02   3.00500e+02      993.8       91.7  -3.43000e+00   1.08800e-01     2           1.25500e+01   2.23500e+00  
     2021        10         8         1        29        34         76       7100       5362 1633656574.000   1633656574.000    6.30000e+02       0.00      90.00   2.25500e+02   3.00500e+02     1005.3       95.5           nan           nan     2           1.24000e+01   2.26500e+00  
     2021        10         8         1        36        46         77       7100       5362 1633657006.000   1633657006.000    6.30000e+02     180.00      45.00   2.25500e+02   3.00500e+02      997.2      120.0  -4.69500e+01   1.67230e+00     2           9.86000e+00   2.25500e+00  
     2021        10         8         1        45        10         78       7100       5362 1633657510.000   1633657510.000    6.30000e+02       0.00      90.00   2.25500e+02   3.00500e+02      984.7       76.9           nan           nan     2           1.55000e+01   2.35200e+00  
     2021        10         8         1        50        34         79       7100       5362 1633657834.000   1633657834.000    6.30000e+02      90.00      45.00   2.25500e+02   3.00500e+02     1129.5      112.9   7.83100e+01   2.81610e+00     2           1.24000e+01   2.36500e+00  
     2021        10         8         1        57        46         80       7100       5362 1633658266.000   1633658266.000    6.30000e+02       0.00      90.00   2.25500e+02   3.00500e+02     1060.9      117.7           nan           nan     2           1.11600e+01   2.35400e+00  
     2021        10         8         2         5        34         81       7100       5362 1633658734.000   1633658734.000    6.30000e+02     180.00      45.00   2.34500e+02   3.09500e+02     1008.7       87.8   1.99100e+01   6.99000e-01     2           1.29300e+01   2.18200e+00  
     2021        10         8         2        13        58         82       7100       5362 1633659238.000   1633659238.000    6.30000e+02       0.00      90.00   2.34500e+02   3.09500e+02      938.9      100.3           nan           nan     2           1.10700e+01   2.26300e+00  
     2021        10         8         2        19        22         83       7100       5362 1633659562.000   1633659562.000    6.30000e+02      90.00      45.00   2.34500e+02   3.09500e+02      989.4       84.6   8.70000e+00   2.99800e-01     2           1.41300e+01   2.33600e+00  
     2021        10         8         2        21        46         84       7100       5362 1633659706.000   1633659706.000    6.30000e+02     180.00      45.00   2.34500e+02   3.09500e+02      910.9      113.6  -2.69400e+01   1.10320e+00     2           8.50000e+00   2.02400e+00  
     2021        10         8         2        26        34         85       7100       5362 1633659994.000   1633659994.000    6.30000e+02       0.00      90.00   2.34500e+02   3.09500e+02     1038.2      101.3           nan           nan     2           1.23700e+01   2.31300e+00  
     2021        10         8         2        31        22         86       7100       5362 1633660282.000   1633660282.000    6.30000e+02      90.00      45.00   2.34500e+02   3.09500e+02      981.1      107.4   4.69700e+01   1.73330e+00     2           1.08200e+01   2.26100e+00  
     2021        10         8         2        33        46         87       7100       5362 1633660426.000   1633660426.000    6.30000e+02     180.00      45.00   2.34500e+02   3.09500e+02     1058.4      114.1   2.93000e+00   1.06900e-01     2           1.02900e+01   2.12400e+00  
     2021        10         8         2        42        10         88       7100       5362 1633660930.000   1633660930.000    6.30000e+02       0.00      90.00   2.34500e+02   3.09500e+02      923.4       74.7           nan           nan     2           1.47100e+01   2.31300e+00  
     2021        10         8         2        47        34         89       7100       5362 1633661254.000   1633661254.000    6.30000e+02      90.00      45.00   2.34500e+02   3.09500e+02      987.0      103.6   8.75900e+01   2.88500e+00     2           1.12800e+01   2.26500e+00  
     2021        10         8         2        49        58         90       7100       5362 1633661398.000   1633661398.000    6.30000e+02     180.00      45.00   2.34500e+02   3.09500e+02      945.1       69.9  -1.42900e+01   3.92500e-01     2           1.49600e+01   2.17500e+00  
     2021        10         8         2        52        22         91       7100       5362 1633661542.000   1633661542.000    6.30000e+02     -90.00      45.00   2.34500e+02   3.09500e+02     1033.6       91.1   6.48500e+01   2.00040e+00     2           1.66600e+01   2.80200e+00  
     2021        10         8         2        54        46         92       7100       5362 1633661686.000   1633661686.000    6.30000e+02       0.00      90.00   2.34500e+02   3.09500e+02      906.3       71.7           nan           nan     2           1.49300e+01   2.30100e+00  
     2021        10         8         3         0        10         93       7100       5362 1633662010.000   1633662010.000    6.30000e+02      90.00      45.00   2.38500e+02   3.13500e+02      993.2       82.4   2.68300e+01   7.49300e-01     2           1.50500e+01   2.41200e+00  
     2021        10         8         3         2        34         94       7100       5362 1633662154.000   1633662154.000    6.30000e+02     180.00      45.00   2.38500e+02   3.13500e+02     1026.0       69.3   4.21700e+01   1.01790e+00     2           1.78300e+01   2.36400e+00  
     2021        10         8         3         4        58         95       7100       5362 1633662298.000   1633662298.000    6.30000e+02     -90.00      45.00   2.38500e+02   3.13500e+02      975.7       82.8   6.76400e+01   1.77960e+00     2           1.82400e+01   2.94800e+00  
     2021        10         8         3        10        58         96       7100       5362 1633662658.000   1633662658.000    6.30000e+02       0.00      90.00   2.38500e+02   3.13500e+02      944.5       51.1           nan           nan     1           2.30700e+01   2.49000e+00  
     2021        10         8         3        15        46         97       7100       5362 1633662946.000   1633662946.000    6.30000e+02      90.00      45.00   2.38500e+02   3.13500e+02     1005.2       81.4   4.95300e+01   1.15770e+00     2           1.44700e+01   2.27600e+00  
     2021        10         8         3        18        10         98       7100       5362 1633663090.000   1633663090.000    6.30000e+02     180.00      45.00   2.38500e+02   3.13500e+02      954.0       64.8  -5.02000e+00   1.07300e-01     2           1.71800e+01   2.29700e+00  
     2021        10         8         3        20        34         99       7100       5362 1633663234.000   1633663234.000    6.30000e+02     -90.00      45.00   2.38500e+02   3.13500e+02      935.9       73.3   1.75000e+01   4.00300e-01     2           1.85500e+01   2.79700e+00  
     2021        10         8         3        23        34        100       7100       5362 1633663414.000   1633663414.000    6.30000e+02       0.00      90.00   2.38500e+02   3.13500e+02      940.6       45.5           nan           nan     1           2.57400e+01   2.51000e+00  
     2021        10         8         3        25        58        101       7100       5362 1633663558.000   1633663558.000    6.30000e+02       0.00      45.00   2.38500e+02   3.13500e+02      980.8       69.1   3.15000e+00   6.70000e-02     2           2.36900e+01   3.20100e+00  
     2021        10         8         3        28        22        102       7100       5362 1633663702.000   1633663702.000    6.30000e+02      90.00      45.00   2.38500e+02   3.13500e+02      906.7       49.5   2.20700e+01   3.84200e-01     1           2.31600e+01   2.52100e+00  
     2021        10         8         3        30        46        103       7100       5362 1633663846.000   1633663846.000    6.30000e+02     180.00      45.00   2.38500e+02   3.13500e+02      960.2       55.4  -6.50000e-01   1.17000e-02     1           1.99700e+01   2.30400e+00  
     2021        10         8         3        33        10        104       7100       5362 1633663990.000   1633663990.000    6.30000e+02     -90.00      45.00   2.38500e+02   3.13500e+02      941.0       47.3  -1.08700e+01   1.82400e-01     2           2.96600e+01   2.95200e+00  
     2021        10         8         3        39        10        105       7100       5362 1633664350.000   1633664350.000    6.30000e+02       0.00      90.00   2.38500e+02   3.13500e+02      951.4       44.2           nan           nan     1           2.99800e+01   2.79200e+00  
     2021        10         8         3        41        34        106       7100       5362 1633664494.000   1633664494.000    6.30000e+02       0.00      45.00   2.38500e+02   3.13500e+02      988.0       56.7   4.58000e+00   8.40000e-02     2           2.92000e+01   3.25600e+00  
     2021        10         8         3        43        58        107       7100       5362 1633664638.000   1633664638.000    6.30000e+02      90.00      45.00   2.38500e+02   3.13500e+02      924.1       45.3   2.54100e+01   3.96100e-01     1           2.67900e+01   2.63400e+00  
     2021        10         8         3        46        58        108       7100       5362 1633664818.000   1633664818.000    6.30000e+02     180.00      45.00   2.38500e+02   3.13500e+02      935.9       45.1   2.83900e+01   4.29700e-01     1           2.60100e+01   2.52900e+00  
     2021        10         8         3        49        22        109       7100       5362 1633664962.000   1633664962.000    6.30000e+02     -90.00      45.00   2.38500e+02   3.13500e+02     1007.8       46.3   2.20000e+00   3.25000e-02     2           3.45600e+01   3.14200e+00  
     2021        10         8         3        51        46        110       7100       5362 1633665106.000   1633665106.000    6.30000e+02       0.00      90.00   2.38500e+02   3.13500e+02      929.1       33.8           nan           nan     0           3.71100e+01   2.78600e+00  
     2021        10         8         3        54        10        111       7100       5362 1633665250.000   1633665250.000    6.30000e+02       0.00      45.00   2.38500e+02   3.13500e+02     1038.9       49.2   2.17100e+01   3.15100e-01     2           4.01900e+01   3.70600e+00  
     2021        10         8         3        56        34        112       7100       5362 1633665394.000   1633665394.000    6.30000e+02      90.00      45.00   2.38500e+02   3.13500e+02      925.8       32.6   2.90200e+01   3.28100e-01     0           3.80400e+01   2.77700e+00  
     2021        10         8         3        58        58        113       7100       5362 1633665538.000   1633665538.000    6.30000e+02     180.00      45.00   2.41500e+02   3.16500e+02      904.9       23.5   2.20600e+01   2.04000e-01     0           5.50800e+01   3.05500e+00  
     2021        10         8         4         1        22        114       7100       5362 1633665682.000   1633665682.000    6.30000e+02     -90.00      45.00   2.41500e+02   3.16500e+02      942.4       30.2   8.70000e+00   8.98000e-02     1           5.46800e+01   3.55800e+00  
     2021        10         8         4         7        22        115       7100       5362 1633666042.000   1633666042.000    6.30000e+02       0.00      90.00   2.41500e+02   3.16500e+02      937.9       22.4           nan           nan     0           6.50200e+01   3.31600e+00  
     2021        10         8         4         9        46        116       7100       5362 1633666186.000   1633666186.000    6.30000e+02       0.00      45.00   2.41500e+02   3.16500e+02      934.5       25.0   1.44300e+01   1.20500e-01     1           7.06600e+01   3.88300e+00  
     2021        10         8         4        12        46        117       7100       5362 1633666366.000   1633666366.000    6.30000e+02      90.00      45.00   2.41500e+02   3.16500e+02      928.4       22.8   1.53500e+01   1.17000e-01     0           6.17200e+01   3.23500e+00  
     2021        10         8         4        15        10        118       7100       5362 1633666510.000   1633666510.000    6.30000e+02     180.00      45.00   2.41500e+02   3.16500e+02      933.5       27.7   2.44500e+01   2.05500e-01     0           4.78100e+01   2.97600e+00  
     2021        10         8         4        17        34        119       7100       5362 1633666654.000   1633666654.000    6.30000e+02     -90.00      45.00   2.41500e+02   3.16500e+02      950.9       30.6  -1.74900e+01   1.56000e-01     1           5.36000e+01   3.50200e+00  
     2021        10         8         4        19        58        120       7100       5362 1633666798.000   1633666798.000    6.30000e+02       0.00      90.00   2.41500e+02   3.16500e+02      926.4       18.8           nan           nan     0           7.78200e+01   3.44900e+00  
     2021        10         8         4        22        22        121       7100       5362 1633666942.000   1633666942.000    6.30000e+02       0.00      45.00   2.41500e+02   3.16500e+02      952.9       27.9  -1.11700e+01   9.47000e-02     1           6.31200e+01   3.76500e+00  
     2021        10         8         4        24        46        122       7100       5362 1633667086.000   1633667086.000    6.30000e+02      90.00      45.00   2.41500e+02   3.16500e+02      907.9       22.8   1.50000e+01   1.14800e-01     0           6.09100e+01   3.24900e+00  
     2021        10         8         4        27        10        123       7100       5362 1633667230.000   1633667230.000    6.30000e+02     180.00      45.00   2.41500e+02   3.16500e+02      895.0       20.3   1.49700e+01   1.09800e-01     0           6.51500e+01   3.20300e+00  
     2021        10         8         4        30        10        124       7100       5362 1633667410.000   1633667410.000    6.30000e+02     -90.00      45.00   2.41500e+02   3.16500e+02      944.5       33.4   4.41000e+00   4.42000e-02     1           4.83900e+01   3.44700e+00  
     2021        10         8         4        36        10        125       7100       5362 1633667770.000   1633667770.000    6.30000e+02       0.00      90.00   2.41500e+02   3.16500e+02      904.0       23.1           nan           nan     0           6.08100e+01   3.29400e+00  
     2021        10         8         4        38        34        126       7100       5362 1633667914.000   1633667914.000    6.30000e+02       0.00      45.00   2.41500e+02   3.16500e+02      922.5       31.2   2.31400e+01   2.31900e-01     1           5.04900e+01   3.45800e+00  
     2021        10         8         4        40        58        127       7100       5362 1633668058.000   1633668058.000    6.30000e+02      90.00      45.00   2.41500e+02   3.16500e+02      903.8       27.4   9.59000e+00   8.63000e-02     0           4.78700e+01   3.03400e+00  
     2021        10         8         4        43        22        128       7100       5362 1633668202.000   1633668202.000    6.30000e+02     180.00      45.00   2.41500e+02   3.16500e+02      903.2       20.1   8.87000e+00   6.67000e-02     0           7.01100e+01   3.37200e+00  
     2021        10         8         4        45        46        129       7100       5362 1633668346.000   1633668346.000    6.30000e+02     -90.00      45.00   2.41500e+02   3.16500e+02      940.3       27.9   1.37000e+00   1.21000e-02     1           5.79500e+01   3.52600e+00  
     2021        10         8         4        48        10        130       7100       5362 1633668490.000   1633668490.000    6.30000e+02       0.00      90.00   2.41500e+02   3.16500e+02      890.1       20.2           nan           nan     0           6.90800e+01   3.36800e+00  
     2021        10         8         4        50        34        131       7100       5362 1633668634.000   1633668634.000    6.30000e+02       0.00      45.00   2.41500e+02   3.16500e+02      892.8       28.5  -1.37100e+01   1.24900e-01     1           5.20200e+01   3.39900e+00  
     2021        10         8         4        53        34        132       7100       5362 1633668814.000   1633668814.000    6.30000e+02      90.00      45.00   2.41500e+02   3.16500e+02      907.7       24.9   2.31300e+01   1.90100e-01     0           5.21900e+01   3.03700e+00  
     2021        10         8         4        55        58        133       7100       5362 1633668958.000   1633668958.000    6.30000e+02     180.00      45.00   2.41500e+02   3.16500e+02      884.2       23.4   1.51500e+01   1.22900e-01     0           5.53800e+01   3.11600e+00  
     2021        10         8         4        58        22        134       7100       5362 1633669102.000   1633669102.000    6.30000e+02     -90.00      45.00   2.41500e+02   3.16500e+02      896.9       26.9   8.61000e+00   7.66000e-02     0           5.28700e+01   3.27900e+00  
     2021        10         8         5         4        22        135       7100       5362 1633669462.000   1633669462.000    6.30000e+02       0.00      90.00   2.39500e+02   3.14500e+02      884.0       21.7           nan           nan     0           5.93000e+01   3.13400e+00  
     2021        10         8         5         6        46        136       7100       5362 1633669606.000   1633669606.000    6.30000e+02       0.00      45.00   2.39500e+02   3.14500e+02      903.9       28.5  -3.70000e+00   3.42000e-02     1           5.17000e+01   3.34700e+00  
     2021        10         8         5         9        10        137       7100       5362 1633669750.000   1633669750.000    6.30000e+02      90.00      45.00   2.39500e+02   3.14500e+02      862.7       25.7  -2.03000e+00   1.76000e-02     0           4.57900e+01   2.87900e+00  
     2021        10         8         5        11        34        138       7100       5362 1633669894.000   1633669894.000    6.30000e+02     180.00      45.00   2.39500e+02   3.14500e+02      875.0       21.4   1.60300e+01   1.26000e-01     0           5.91200e+01   3.10900e+00  
     2021        10         8         5        13        58        139       7100       5362 1633670038.000   1633670038.000    6.30000e+02     -90.00      45.00   2.39500e+02   3.14500e+02      891.7       26.3  -6.60000e-01   5.90000e-03     1           5.42400e+01   3.31900e+00  
     2021        10         8         5        16        58        140       7100       5362 1633670218.000   1633670218.000    6.30000e+02       0.00      90.00   2.39500e+02   3.14500e+02      869.0       21.7           nan           nan     0           5.80700e+01   3.11100e+00  
     2021        10         8         5        19        22        141       7100       5362 1633670362.000   1633670362.000    6.30000e+02       0.00      45.00   2.39500e+02   3.14500e+02      884.2       26.6   8.91000e+00   8.12000e-02     1           5.39700e+01   3.35400e+00  
     2021        10         8         5        21        46        142       7100       5362 1633670506.000   1633670506.000    6.30000e+02      90.00      45.00   2.39500e+02   3.14500e+02      866.4       28.0   1.22900e+01   1.19200e-01     0           4.07000e+01   2.76000e+00  
     2021        10         8         5        24        10        143       7100       5362 1633670650.000   1633670650.000    6.30000e+02     180.00      45.00   2.39500e+02   3.14500e+02      858.9       27.5   2.34200e+01   2.32400e-01     0           3.98800e+01   2.69400e+00  
     2021        10         8         5        26        34        144       7100       5362 1633670794.000   1633670794.000    6.30000e+02     -90.00      45.00   2.39500e+02   3.14500e+02      903.4       38.6   2.67800e+01   3.33100e-01     1           3.36000e+01   2.89100e+00  
     2021        10         8         5        32        34        145       7100       5362 1633671154.000   1633671154.000    6.30000e+02       0.00      90.00   2.39500e+02   3.14500e+02      897.4       29.7           nan           nan     0           3.90600e+01   2.70800e+00  
     2021        10         8         5        34        58        146       7100       5362 1633671298.000   1633671298.000    6.30000e+02       0.00      45.00   2.39500e+02   3.14500e+02      856.1       32.4  -7.27000e+00   8.80000e-02     0           3.52000e+01   2.74400e+00  
     2021        10         8         5        37        22        147       7100       5362 1633671442.000   1633671442.000    6.30000e+02      90.00      45.00   2.39500e+02   3.14500e+02      873.7       33.5   2.76600e+01   3.41000e-01     0           3.23500e+01   2.56800e+00  
     2021        10         8         5        39        46        148       7100       5362 1633671586.000   1633671586.000    6.30000e+02     180.00      45.00   2.39500e+02   3.14500e+02      842.7       32.8   1.30000e+01   1.64100e-01     0           3.14900e+01   2.53700e+00  
     2021        10         8         5        42        46        149       7100       5362 1633671766.000   1633671766.000    6.30000e+02     -90.00      45.00   2.39500e+02   3.14500e+02      891.2       42.3   1.50800e+01   2.20600e-01     1           2.87600e+01   2.74000e+00  
     2021        10         8         5        45        10        150       7100       5362 1633671910.000   1633671910.000    6.30000e+02       0.00      90.00   2.39500e+02   3.14500e+02      840.9       34.7           nan           nan     0           2.92100e+01   2.48300e+00  
     2021        10         8         5        47        34        151       7100       5362 1633672054.000   1633672054.000    6.30000e+02       0.00      45.00   2.39500e+02   3.14500e+02      889.0       41.8   1.69600e+01   2.51300e-01     1           2.77600e+01   2.63000e+00  
     2021        10         8         5        49        58        152       7100       5362 1633672198.000   1633672198.000    6.30000e+02      90.00      45.00   2.39500e+02   3.14500e+02      818.4       38.1   7.27000e+00   1.04900e-01     0           2.36200e+01   2.26200e+00  
     2021        10         8         5        52        22        153       7100       5362 1633672342.000   1633672342.000    6.30000e+02     180.00      45.00   2.39500e+02   3.14500e+02      836.7       37.0   3.07900e+01   4.34900e-01     0           2.60200e+01   2.36600e+00  
     2021        10         8         5        54        46        154       7100       5362 1633672486.000   1633672486.000    6.30000e+02     -90.00      45.00   2.39500e+02   3.14500e+02      858.4       42.2  -6.65000e+00   1.01000e-01     1           2.72000e+01   2.67900e+00  
     2021        10         8         6         1        22        155       7100       5362 1633672882.000   1633672882.000    6.30000e+02       0.00      90.00   2.35500e+02   3.10500e+02      853.9       35.6           nan           nan     0           2.89900e+01   2.48900e+00  
     2021        10         8         6         3        46        156       7100       5362 1633673026.000   1633673026.000    6.30000e+02       0.00      45.00   2.35500e+02   3.10500e+02      832.3       42.1   3.31400e+01   5.04700e-01     1           2.59400e+01   2.62600e+00  
     2021        10         8         6         6        10        157       7100       5362 1633673170.000   1633673170.000    6.30000e+02      90.00      45.00   2.35500e+02   3.10500e+02      863.7       37.7   1.55000e+00   2.11000e-02     0           2.68400e+01   2.40600e+00  
     2021        10         8         6         8        34        158       7100       5362 1633673314.000   1633673314.000    6.30000e+02     180.00      45.00   2.35500e+02   3.10500e+02      821.7       36.1   3.46200e+01   4.59400e-01     0           2.66300e+01   2.40600e+00  
     2021        10         8         6        10        58        159       7100       5362 1633673458.000   1633673458.000    6.30000e+02     -90.00      45.00   2.35500e+02   3.10500e+02      866.5       45.5   3.35800e+01   4.98000e-01     2           2.70100e+01   2.81000e+00  
     2021        10         8         6        13        22        160       7100       5362 1633673602.000   1633673602.000    6.30000e+02       0.00      90.00   2.35500e+02   3.10500e+02      810.4       28.4           nan           nan     0           3.48600e+01   2.56600e+00  
     2021        10         8         6        16        22        161       7100       5362 1633673782.000   1633673782.000    6.30000e+02       0.00      45.00   2.35500e+02   3.10500e+02      906.8       42.8   4.13000e+00   5.82000e-02     1           3.04000e+01   2.86300e+00  
     2021        10         8         6        18        46        162       7100       5362 1633673926.000   1633673926.000    6.30000e+02      90.00      45.00   2.35500e+02   3.10500e+02      840.3       33.9  -3.64000e+00   4.59000e-02     0           3.01700e+01   2.51500e+00  
     2021        10         8         6        21        10        163       7100       5362 1633674070.000   1633674070.000    6.30000e+02     180.00      45.00   2.35500e+02   3.10500e+02      836.4       38.8   3.63000e+01   5.05100e-01     1           2.56300e+01   2.42600e+00  
     2021        10         8         6        23        34        164       7100       5362 1633674214.000   1633674214.000    6.30000e+02     -90.00      45.00   2.35500e+02   3.10500e+02      858.6       37.1   5.46000e+00   7.52000e-02     1           3.25700e+01   2.83800e+00  
     2021        10         8         6        29        34        165       7100       5362 1633674574.000   1633674574.000    6.30000e+02       0.00      90.00   2.35500e+02   3.10500e+02      818.8       35.4           nan           nan     0           2.82500e+01   2.50000e+00  
     2021        10         8         6        31        58        166       7100       5362 1633674718.000   1633674718.000    6.30000e+02       0.00      45.00   2.35500e+02   3.10500e+02      840.1       29.6  -1.00400e+01   1.27900e-01     1           4.65600e+01   3.32700e+00  
     2021        10         8         6        34        22        167       7100       5362 1633674862.000   1633674862.000    6.30000e+02      90.00      45.00   2.35500e+02   3.10500e+02      853.3       34.0  -3.50000e-01   4.60000e-03     0           3.13500e+01   2.57100e+00  
     2021        10         8         6        36        46        168       7100       5362 1633675006.000   1633675006.000    6.30000e+02     180.00      45.00   2.35500e+02   3.10500e+02      792.1       34.8   1.92300e+01   2.60200e-01     0           2.52100e+01   2.29200e+00  
     2021        10         8         6        39        46        169       7100       5362 1633675186.000   1633675186.000    6.30000e+02     -90.00      45.00   2.35500e+02   3.10500e+02      853.5       48.2   1.55300e+01   2.48300e-01     2           2.41200e+01   2.69400e+00  
     2021        10         8         6        42        10        170       7100       5362 1633675330.000   1633675330.000    6.30000e+02       0.00      90.00   2.35500e+02   3.10500e+02      820.6       31.8           nan           nan     0           3.29500e+01   2.63700e+00  
     2021        10         8         6        44        34        171       7100       5362 1633675474.000   1633675474.000    6.30000e+02       0.00      45.00   2.35500e+02   3.10500e+02      816.8       40.4  -3.65300e+01   5.44800e-01     2           2.84100e+01   2.80700e+00  
     2021        10         8         6        46        58        172       7100       5362 1633675618.000   1633675618.000    6.30000e+02      90.00      45.00   2.35500e+02   3.10500e+02      800.5       38.8   2.93800e+01   4.47200e-01     1           2.28100e+01   2.26000e+00  
     2021        10         8         6        49        22        173       7100       5362 1633675762.000   1633675762.000    6.30000e+02     180.00      45.00   2.35500e+02   3.10500e+02      808.2       35.8   3.21800e+01   4.77300e-01     0           2.43900e+01   2.23600e+00  
     2021        10         8         6        51        46        174       7100       5362 1633675906.000   1633675906.000    6.30000e+02     -90.00      45.00   2.35500e+02   3.10500e+02      815.4       49.4   3.57700e+01   6.66100e-01     2           2.25900e+01   2.69400e+00  
     2021        10         8         6        57        46        175       7100       5362 1633676266.000   1633676266.000    6.30000e+02       0.00      90.00   2.35500e+02   3.10500e+02      771.1       45.7           nan           nan     1           1.70600e+01   2.04800e+00  
     2021        10         8         7         0        10        176       7100       5362 1633676410.000   1633676410.000    6.30000e+02       0.00      45.00   2.28500e+02   3.03500e+02      851.6       61.0   3.46800e+01   7.53600e-01     2           1.54200e+01   2.18000e+00  
     2021        10         8         7         3        10        177       7100       5362 1633676590.000   1633676590.000    6.30000e+02      90.00      45.00   2.28500e+02   3.03500e+02      804.5       53.7   2.43500e+01   4.90500e-01     1           1.51700e+01   2.02500e+00  
     2021        10         8         7         5        34        178       7100       5362 1633676734.000   1633676734.000    6.30000e+02     180.00      45.00   2.28500e+02   3.03500e+02      827.2       56.2   5.48600e+01   1.11230e+00     1           1.44700e+01   1.97000e+00  
     2021        10         8         7         7        58        179       7100       5362 1633676878.000   1633676878.000    6.30000e+02     -90.00      45.00   2.28500e+02   3.03500e+02      855.7       66.5   3.85300e+01   8.23900e-01     2           1.41900e+01   2.16200e+00  
     2021        10         8         7        10        22        180       7100       5362 1633677022.000   1633677022.000    6.30000e+02       0.00      90.00   2.28500e+02   3.03500e+02      764.2       37.7           nan           nan     0           2.14400e+01   2.17100e+00  
     2021        10         8         7        12        46        181       7100       5362 1633677166.000   1633677166.000    6.30000e+02       0.00      45.00   2.28500e+02   3.03500e+02      824.4       60.4   3.06600e+01   6.29900e-01     2           1.58100e+01   2.27500e+00  
     2021        10         8         7        15        10        182       7100       5362 1633677310.000   1633677310.000    6.30000e+02      90.00      45.00   2.28500e+02   3.03500e+02      808.7       54.2   1.55400e+01   3.12300e-01     1           1.46900e+01   1.97400e+00  
     2021        10         8         7        17        34        183       7100       5362 1633677454.000   1633677454.000    6.30000e+02     180.00      45.00   2.28500e+02   3.03500e+02      718.9       47.6   2.36800e+01   4.76100e-01     1           1.39000e+01   1.86000e+00  
     2021        10         8         7        20        34        184       7100       5362 1633677634.000   1633677634.000    6.30000e+02     -90.00      45.00   2.28500e+02   3.03500e+02      774.7       64.2  -3.57000e+00   8.82000e-02     2           1.23600e+01   2.01500e+00  
     2021        10         8         7        26        34        185       7100       5362 1633677994.000   1633677994.000    6.30000e+02       0.00      90.00   2.28500e+02   3.03500e+02      751.2       59.3           nan           nan     2           1.13600e+01   1.78800e+00  
     2021        10         8         7        28        58        186       7100       5362 1633678138.000   1633678138.000    6.30000e+02       0.00      45.00   2.28500e+02   3.03500e+02      807.7       64.6  -8.24000e+00   2.10600e-01     2           1.22200e+01   1.93300e+00  
     2021        10         8         7        31        22        187       7100       5362 1633678282.000   1633678282.000    6.30000e+02      90.00      45.00   2.28500e+02   3.03500e+02      805.4       67.5  -6.30000e-01   1.56000e-02     2           1.00700e+01   1.68200e+00  
     2021        10         8         7        33        46        188       7100       5362 1633678426.000   1633678426.000    6.30000e+02     180.00      45.00   2.28500e+02   3.03500e+02      794.2       63.8   1.02000e+00   2.38000e-02     1           1.07600e+01   1.72500e+00  
     2021        10         8         7        36        10        189       7100       5362 1633678570.000   1633678570.000    6.30000e+02     -90.00      45.00   2.28500e+02   3.03500e+02      801.5       66.2   1.89300e+01   4.32600e-01     2           1.13900e+01   1.86200e+00  
     2021        10         8         7        38        34        190       7100       5362 1633678714.000   1633678714.000    6.30000e+02       0.00      90.00   2.28500e+02   3.03500e+02      793.5       42.6           nan           nan     0           1.80000e+01   1.98500e+00  
     2021        10         8         7        40        58        191       7100       5362 1633678858.000   1633678858.000    6.30000e+02       0.00      45.00   2.28500e+02   3.03500e+02      820.5       51.9   2.36100e+01   4.37400e-01     1           1.73200e+01   2.18600e+00  
     2021        10         8         7        43        58        192       7100       5362 1633679038.000   1633679038.000    6.30000e+02      90.00      45.00   2.28500e+02   3.03500e+02      827.9       41.8   2.23300e+01   3.58400e-01     1           2.14000e+01   2.20800e+00  
     2021        10         8         7        46        22        193       7100       5362 1633679182.000   1633679182.000    6.30000e+02     180.00      45.00   2.28500e+02   3.03500e+02      823.9       38.7   1.48100e+01   2.25100e-01     0           2.37000e+01   2.28200e+00  
     2021        10         8         7        48        46        194       7100       5362 1633679326.000   1633679326.000    6.30000e+02     -90.00      45.00   2.28500e+02   3.03500e+02      807.0       40.2   3.95000e+00   6.04000e-02     1           2.42000e+01   2.43700e+00  
     2021        10         8         7        54        46        195       7100       5362 1633679686.000   1633679686.000    6.30000e+02       0.00      90.00   2.28500e+02   3.03500e+02      884.1       33.1           nan           nan     1           4.88200e+01   3.64100e+00  
     2021        10         8         7        57        10        196       7100       5362 1633679830.000   1633679830.000    6.30000e+02       0.00      45.00   2.28500e+02   3.03500e+02      901.8       35.7   1.92200e+01   2.57800e-01     2           5.57400e+01   4.31100e+00  
     2021        10         8         7        59        34        197       7100       5362 1633679974.000   1633679974.000    6.30000e+02      90.00      45.00   2.22500e+02   2.97500e+02     1001.9       28.4   2.59500e+01   3.01300e-01     2           1.24850e+02   6.83000e+00  
