   YEAR     MONTH      DAY       HOUR      MIN       SEC       RECNO     KINDAT      KINST       UT1_UNIX        UT2_UNIX        WAVLEN        AZM        ELM         ALTB          ALTE         TN         DTN        VNHLU         DVNHLU     FPI_DATAQUAL      RLE           DRLE     
     2022         9        25        23        14        34          0       7100       5362 1664147674.000   1664147674.000    6.30000e+02      90.00      45.00   2.27500e+02   3.02500e+02     1085.4        9.3   8.99100e+01   5.45700e-01     1           2.96990e+02   5.94500e+00  
     2022         9        25        23        30        10          1       7100       5362 1664148610.000   1664148610.000    6.30000e+02      90.00      45.00   2.27500e+02   3.02500e+02     1079.5        9.9   7.92500e+01   5.07600e-01     0           2.61050e+02   5.59700e+00  
     2022         9        25        23        40        22          2       7100       5362 1664149222.000   1664149222.000    6.30000e+02       0.00      45.00   2.27500e+02   3.02500e+02     1079.9        7.0   2.80100e+01   1.52500e-01     1           4.90040e+02   7.49600e+00  
     2022         9        25        23        42        46          3       7100       5362 1664149366.000   1664149366.000    6.30000e+02      90.00      45.00   2.27500e+02   3.02500e+02     1082.3       10.7   7.48600e+01   5.06000e-01     0           2.35030e+02   5.37800e+00  
     2022         9        25        23        54        10          4       7100       5362 1664150050.000   1664150050.000    6.30000e+02       0.00      90.00   2.27500e+02   3.02500e+02     1063.3       10.3           nan           nan     0           2.37130e+02   5.34600e+00  
     2022         9        25        23        56        34          5       7100       5362 1664150194.000   1664150194.000    6.30000e+02       0.00      45.00   2.27500e+02   3.02500e+02     1065.8        7.3   3.52200e+01   2.02300e-01     1           4.45680e+02   7.18400e+00  
     2022         9        25        23        58        58          6       7100       5362 1664150338.000   1664150338.000    6.30000e+02      90.00      45.00   2.38500e+02   3.13500e+02     1077.2       11.4   7.31400e+01   5.42000e-01     0           2.06210e+02   5.03500e+00  
     2022         9        26         0         1        22          7       7100       5362 1664150482.000   1664150482.000    6.30000e+02     180.00      45.00   2.38500e+02   3.13500e+02     1092.3       12.0  -1.50500e+01   1.10000e-01     0           1.98010e+02   4.98900e+00  
     2022         9        26         0         3        46          8       7100       5362 1664150626.000   1664150626.000    6.30000e+02     -90.00      45.00   2.38500e+02   3.13500e+02     1071.4        7.3  -6.96000e+01   4.05700e-01     1           4.54310e+02   7.28800e+00  
     2022         9        26         0         6        46          9       7100       5362 1664150806.000   1664150806.000    6.30000e+02       0.00      90.00   2.38500e+02   3.13500e+02     1078.6       10.9           nan           nan     0           2.17320e+02   5.11300e+00  
     2022         9        26         0         9        10         10       7100       5362 1664150950.000   1664150950.000    6.30000e+02       0.00      45.00   2.38500e+02   3.13500e+02     1058.5        7.6   3.85900e+01   2.51200e-01     1           4.03250e+02   6.84500e+00  
     2022         9        26         0        11        34         11       7100       5362 1664151094.000   1664151094.000    6.30000e+02      90.00      45.00   2.38500e+02   3.13500e+02     1078.4       12.4   6.76000e+01   5.74300e-01     0           1.77860e+02   4.71600e+00  
     2022         9        26         0        13        58         12       7100       5362 1664151238.000   1664151238.000    6.30000e+02     180.00      45.00   2.38500e+02   3.13500e+02     1070.9       12.7  -3.38200e+01   2.71000e-01     0           1.71660e+02   4.67200e+00  
     2022         9        26         0        16        22         13       7100       5362 1664151382.000   1664151382.000    6.30000e+02     -90.00      45.00   2.38500e+02   3.13500e+02     1065.8        7.5  -7.57400e+01   4.81700e-01     1           4.28390e+02   7.09900e+00  
     2022         9        26         0        22        22         14       7100       5362 1664151742.000   1664151742.000    6.30000e+02       0.00      90.00   2.38500e+02   3.13500e+02     1064.3       11.9           nan           nan     0           1.87420e+02   4.82500e+00  
     2022         9        26         0        25        22         15       7100       5362 1664151922.000   1664151922.000    6.30000e+02       0.00      45.00   2.38500e+02   3.13500e+02     1071.7        8.2   4.50600e+01   3.31300e-01     1           3.66820e+02   6.56900e+00  
     2022         9        26         0        27        46         16       7100       5362 1664152066.000   1664152066.000    6.30000e+02      90.00      45.00   2.38500e+02   3.13500e+02     1069.1       13.6   7.09200e+01   6.87800e-01     0           1.50430e+02   4.38600e+00  
     2022         9        26         0        30        10         17       7100       5362 1664152210.000   1664152210.000    6.30000e+02     180.00      45.00   2.38500e+02   3.13500e+02     1086.6       13.4  -1.03200e+01   9.43000e-02     0           1.69510e+02   4.73400e+00  
     2022         9        26         0        32        34         18       7100       5362 1664152354.000   1664152354.000    6.30000e+02     -90.00      45.00   2.38500e+02   3.13500e+02     1065.6        8.4  -5.70800e+01   4.17300e-01     1           3.67950e+02   6.71400e+00  
     2022         9        26         0        34        58         19       7100       5362 1664152498.000   1664152498.000    6.30000e+02       0.00      90.00   2.38500e+02   3.13500e+02     1054.6       12.2           nan           nan     0           1.78380e+02   4.73900e+00  
     2022         9        26         0        37        22         20       7100       5362 1664152642.000   1664152642.000    6.30000e+02       0.00      45.00   2.38500e+02   3.13500e+02     1060.3        8.7   4.96900e+01   4.00100e-01     1           3.27320e+02   6.27700e+00  
     2022         9        26         0        39        46         21       7100       5362 1664152786.000   1664152786.000    6.30000e+02      90.00      45.00   2.38500e+02   3.13500e+02     1074.3       14.7   6.43200e+01   6.87700e-01     0           1.36610e+02   4.23800e+00  
     2022         9        26         0        42        46         22       7100       5362 1664152966.000   1664152966.000    6.30000e+02     180.00      45.00   2.38500e+02   3.13500e+02     1061.9       13.8  -2.54800e+01   2.48700e-01     0           1.53630e+02   4.51300e+00  
     2022         9        26         0        45        10         23       7100       5362 1664153110.000   1664153110.000    6.30000e+02     -90.00      45.00   2.38500e+02   3.13500e+02     1056.6        8.9  -5.92300e+01   4.75400e-01     1           3.31110e+02   6.41300e+00  
     2022         9        26         0        51        10         24       7100       5362 1664153470.000   1664153470.000    6.30000e+02       0.00      90.00   2.38500e+02   3.13500e+02     1063.2       13.7           nan           nan     0           1.51280e+02   4.42800e+00  
     2022         9        26         0        53        34         25       7100       5362 1664153614.000   1664153614.000    6.30000e+02       0.00      45.00   2.38500e+02   3.13500e+02     1065.1        9.7   5.12400e+01   4.74500e-01     1           2.85440e+02   5.95800e+00  
     2022         9        26         0        55        58         26       7100       5362 1664153758.000   1664153758.000    6.30000e+02      90.00      45.00   2.38500e+02   3.13500e+02     1080.9       16.1   6.11500e+01   7.45600e-01     0           1.22670e+02   4.09100e+00  
     2022         9        26         0        58        58         27       7100       5362 1664153938.000   1664153938.000    6.30000e+02     180.00      45.00   2.46500e+02   3.21500e+02     1076.7       15.3  -3.44700e+01   3.87900e-01     0           1.31340e+02   4.19400e+00  
     2022         9        26         1         1        22         28       7100       5362 1664154082.000   1664154082.000    6.30000e+02     -90.00      45.00   2.46500e+02   3.21500e+02     1051.3        9.5  -4.66400e+01   4.27100e-01     1           2.99010e+02   6.16100e+00  
     2022         9        26         1         3        46         29       7100       5362 1664154226.000   1664154226.000    6.30000e+02       0.00      90.00   2.46500e+02   3.21500e+02     1071.0       14.5           nan           nan     0           1.38510e+02   4.26300e+00  
     2022         9        26         1         6        10         30       7100       5362 1664154370.000   1664154370.000    6.30000e+02       0.00      45.00   2.46500e+02   3.21500e+02     1066.5        9.7   6.72500e+01   6.91200e-01     0           2.74640e+02   5.78500e+00  
     2022         9        26         1        10        58         31       7100       5362 1664154658.000   1664154658.000    6.30000e+02     180.00      45.00   2.46500e+02   3.21500e+02     1079.7       16.4  -4.53400e+01   5.53700e-01     0           1.15880e+02   3.95700e+00  
     2022         9        26         1        13        22         32       7100       5362 1664154802.000   1664154802.000    6.30000e+02     -90.00      45.00   2.46500e+02   3.21500e+02     1062.2        9.5  -5.43800e+01   5.35800e-01     0           2.88600e+02   5.97300e+00  
     2022         9        26         1        19        58         33       7100       5362 1664155198.000   1664155198.000    6.30000e+02       0.00      90.00   2.46500e+02   3.21500e+02     1060.5       15.4           nan           nan     0           1.22400e+02   4.01800e+00  
     2022         9        26         1        27        10         34       7100       5362 1664155630.000   1664155630.000    6.30000e+02     180.00      45.00   2.46500e+02   3.21500e+02     1090.1       18.2  -5.06900e+01   6.88500e-01     0           9.99000e+01   3.72200e+00  
     2022         9        26         1        29        34         35       7100       5362 1664155774.000   1664155774.000    6.30000e+02     -90.00      45.00   2.46500e+02   3.21500e+02     1068.5       10.2  -4.45600e+01   4.71800e-01     0           2.54950e+02   5.61500e+00  
     2022         9        26         1        39        46         36       7100       5362 1664156386.000   1664156386.000    6.30000e+02     180.00      45.00   2.46500e+02   3.21500e+02     1074.6       18.8  -5.48300e+01   7.75900e-01     0           9.05100e+01   3.54000e+00  
     2022         9        26         1        42        10         37       7100       5362 1664156530.000   1664156530.000    6.30000e+02     -90.00      45.00   2.46500e+02   3.21500e+02     1067.3       11.3  -4.74200e+01   5.31100e-01     0           2.17760e+02   5.27300e+00  
     2022         9        26         1        55        58         38       7100       5362 1664157358.000   1664157358.000    6.30000e+02     180.00      45.00   2.46500e+02   3.21500e+02     1095.4       20.2  -5.93700e+01   9.07900e-01     0           8.42200e+01   3.45300e+00  
